time period scenario temperature renewable energy
0 0 70.94256713600001 0.0
0 1 70.94256713600001 0.0
0 2 70.94256713600001 0.0
0 3 70.94256713600001 0.0
0 4 70.94256713600001 0.0
0 5 70.94256713600001 0.0
0 6 70.94256713600001 0.0
0 7 70.94256713600001 0.0
0 8 70.94256713600001 0.0
0 9 70.94256713600001 0.0
0 10 70.94256713600001 0.0
0 11 70.94256713600001 0.0
0 12 70.94256713600001 0.0
0 13 70.94256713600001 0.0
0 14 70.94256713600001 0.0
0 15 70.94256713600001 0.0
0 16 70.94256713600001 0.0
0 17 70.94256713600001 0.0
0 18 70.94256713600001 0.0
0 19 70.94256713600001 0.0
0 20 70.94256713600001 0.0
0 21 70.94256713600001 0.0
0 22 70.94256713600001 0.0
0 23 70.94256713600001 0.0
0 24 70.94256713600001 0.0
0 25 70.94256713600001 0.0
0 26 70.94256713600001 0.0
0 27 70.94256713600001 0.0
0 28 70.94256713600001 0.0
0 29 70.94256713600001 0.0
0 30 70.94256713600001 0.0
0 31 70.94256713600001 0.0
1 0 69.693421622 0.0
1 1 69.693421622 0.0
1 2 69.693421622 0.0
1 3 69.693421622 0.0
1 4 69.693421622 0.0
1 5 69.693421622 0.0
1 6 69.693421622 0.0
1 7 69.693421622 0.0
1 8 69.693421622 0.0
1 9 69.693421622 0.0
1 10 69.693421622 0.0
1 11 69.693421622 0.0
1 12 69.693421622 0.0
1 13 69.693421622 0.0
1 14 69.693421622 0.0
1 15 69.693421622 0.0
1 16 69.693421622 0.0
1 17 69.693421622 0.0
1 18 69.693421622 0.0
1 19 69.693421622 0.0
1 20 69.693421622 0.0
1 21 69.693421622 0.0
1 22 69.693421622 0.0
1 23 69.693421622 0.0
1 24 69.693421622 0.0
1 25 69.693421622 0.0
1 26 69.693421622 0.0
1 27 69.693421622 0.0
1 28 69.693421622 0.0
1 29 69.693421622 0.0
1 30 69.693421622 0.0
1 31 69.693421622 0.0
2 0 68.50200927200001 0.0
2 1 68.50200927200001 0.0
2 2 68.50200927200001 0.0
2 3 68.50200927200001 0.0
2 4 68.50200927200001 0.0
2 5 68.50200927200001 0.0
2 6 68.50200927200001 0.0
2 7 68.50200927200001 0.0
2 8 68.50200927200001 0.0
2 9 68.50200927200001 0.0
2 10 68.50200927200001 0.0
2 11 68.50200927200001 0.0
2 12 68.50200927200001 0.0
2 13 68.50200927200001 0.0
2 14 68.50200927200001 0.0
2 15 68.50200927200001 0.0
2 16 68.50200927200001 0.0
2 17 68.50200927200001 0.0
2 18 68.50200927200001 0.0
2 19 68.50200927200001 0.0
2 20 68.50200927200001 0.0
2 21 68.50200927200001 0.0
2 22 68.50200927200001 0.0
2 23 68.50200927200001 0.0
2 24 68.50200927200001 0.0
2 25 68.50200927200001 0.0
2 26 68.50200927200001 0.0
2 27 68.50200927200001 0.0
2 28 68.50200927200001 0.0
2 29 68.50200927200001 0.0
2 30 68.50200927200001 0.0
2 31 68.50200927200001 0.0
3 0 67.42122924200001 0.0
3 1 67.42122924200001 0.0
3 2 67.42122924200001 0.0
3 3 67.42122924200001 0.0
3 4 67.42122924200001 0.0
3 5 67.42122924200001 0.0
3 6 67.42122924200001 0.0
3 7 67.42122924200001 0.0
3 8 67.42122924200001 0.0
3 9 67.42122924200001 0.0
3 10 67.42122924200001 0.0
3 11 67.42122924200001 0.0
3 12 67.42122924200001 0.0
3 13 67.42122924200001 0.0
3 14 67.42122924200001 0.0
3 15 67.42122924200001 0.0
3 16 67.42122924200001 0.0
3 17 67.42122924200001 0.0
3 18 67.42122924200001 0.0
3 19 67.42122924200001 0.0
3 20 67.42122924200001 0.0
3 21 67.42122924200001 0.0
3 22 67.42122924200001 0.0
3 23 67.42122924200001 0.0
3 24 67.42122924200001 0.0
3 25 67.42122924200001 0.0
3 26 67.42122924200001 0.0
3 27 67.42122924200001 0.0
3 28 67.42122924200001 0.0
3 29 67.42122924200001 0.0
3 30 67.42122924200001 0.0
3 31 67.42122924200001 0.0
4 0 67.11311768 0.0
4 1 67.11311768 0.0
4 2 67.11311768 0.0
4 3 67.11311768 0.0
4 4 67.11311768 0.0
4 5 67.11311768 0.0
4 6 67.11311768 0.0
4 7 67.11311768 0.0
4 8 67.11311768 0.0
4 9 67.11311768 0.0
4 10 67.11311768 0.0
4 11 67.11311768 0.0
4 12 67.11311768 0.0
4 13 67.11311768 0.0
4 14 67.11311768 0.0
4 15 67.11311768 0.0
4 16 66.07859009 0.0
4 17 66.07859009 0.0
4 18 66.07859009 0.0
4 19 66.07859009 0.0
4 20 66.07859009 0.0
4 21 66.07859009 0.0
4 22 66.07859009 0.0
4 23 66.07859009 0.0
4 24 66.07859009 0.0
4 25 66.07859009 0.0
4 26 66.07859009 0.0
4 27 66.07859009 0.0
4 28 66.07859009 0.0
4 29 66.07859009 0.0
4 30 66.07859009 0.0
4 31 66.07859009 0.0
5 0 68.427851558 0.0015
5 1 68.427851558 0.0015
5 2 68.427851558 0.0015
5 3 68.427851558 0.0015
5 4 68.427851558 0.0015
5 5 68.427851558 0.0015
5 6 68.427851558 0.0015
5 7 68.427851558 0.0015
5 8 68.427851558 0.0015
5 9 68.427851558 0.0015
5 10 68.427851558 0.0015
5 11 68.427851558 0.0015
5 12 68.427851558 0.0015
5 13 68.427851558 0.0015
5 14 68.427851558 0.0015
5 15 68.427851558 0.0015
5 16 66.907947992 0.015
5 17 66.907947992 0.015
5 18 66.907947992 0.015
5 19 66.907947992 0.015
5 20 66.907947992 0.015
5 21 66.907947992 0.015
5 22 66.907947992 0.015
5 23 66.907947992 0.015
5 24 66.907947992 0.015
5 25 66.907947992 0.015
5 26 66.907947992 0.015
5 27 66.907947992 0.015
5 28 66.907947992 0.015
5 29 66.907947992 0.015
5 30 66.907947992 0.015
5 31 66.907947992 0.015
6 0 71.24046143000001 0.147
6 1 71.24046143000001 0.147
6 2 71.24046143000001 0.147
6 3 71.24046143000001 0.147
6 4 71.24046143000001 0.147
6 5 71.24046143000001 0.147
6 6 71.24046143000001 0.147
6 7 71.24046143000001 0.147
6 8 71.24046143000001 0.147
6 9 71.24046143000001 0.147
6 10 71.24046143000001 0.147
6 11 71.24046143000001 0.147
6 12 71.24046143000001 0.147
6 13 71.24046143000001 0.147
6 14 71.24046143000001 0.147
6 15 71.24046143000001 0.147
6 16 69.869093018 0.1125
6 17 69.869093018 0.1125
6 18 69.869093018 0.1125
6 19 69.869093018 0.1125
6 20 69.869093018 0.1125
6 21 69.869093018 0.1125
6 22 69.869093018 0.1125
6 23 69.869093018 0.1125
6 24 69.869093018 0.1125
6 25 69.869093018 0.1125
6 26 69.869093018 0.1125
6 27 69.869093018 0.1125
6 28 69.869093018 0.1125
6 29 69.869093018 0.1125
6 30 69.869093018 0.1125
6 31 69.869093018 0.1125
7 0 74.572449944 0.18599999999999997
7 1 74.572449944 0.18599999999999997
7 2 74.572449944 0.18599999999999997
7 3 74.572449944 0.18599999999999997
7 4 74.572449944 0.18599999999999997
7 5 74.572449944 0.18599999999999997
7 6 74.572449944 0.18599999999999997
7 7 74.572449944 0.18599999999999997
7 8 74.572449944 0.18599999999999997
7 9 74.572449944 0.18599999999999997
7 10 74.572449944 0.18599999999999997
7 11 74.572449944 0.18599999999999997
7 12 74.572449944 0.18599999999999997
7 13 74.572449944 0.18599999999999997
7 14 74.572449944 0.18599999999999997
7 15 74.572449944 0.18599999999999997
7 16 74.34585692600001 0.228
7 17 74.34585692600001 0.228
7 18 74.34585692600001 0.228
7 19 74.34585692600001 0.228
7 20 74.34585692600001 0.228
7 21 74.34585692600001 0.228
7 22 74.34585692600001 0.228
7 23 74.34585692600001 0.228
7 24 74.34585692600001 0.228
7 25 74.34585692600001 0.228
7 26 74.34585692600001 0.228
7 27 74.34585692600001 0.228
7 28 74.34585692600001 0.228
7 29 74.34585692600001 0.228
7 30 74.34585692600001 0.228
7 31 74.34585692600001 0.228
8 0 77.251466066 0.192
8 1 77.251466066 0.192
8 2 77.251466066 0.192
8 3 77.251466066 0.192
8 4 77.251466066 0.192
8 5 77.251466066 0.192
8 6 77.251466066 0.192
8 7 77.251466066 0.192
8 8 78.655189208 0.3825
8 9 78.655189208 0.3825
8 10 78.655189208 0.3825
8 11 78.655189208 0.3825
8 12 78.655189208 0.3825
8 13 78.655189208 0.3825
8 14 78.655189208 0.3825
8 15 78.655189208 0.3825
8 16 78.655189208 0.3825
8 17 78.655189208 0.3825
8 18 78.655189208 0.3825
8 19 78.655189208 0.3825
8 20 78.655189208 0.3825
8 21 78.655189208 0.3825
8 22 78.655189208 0.3825
8 23 78.655189208 0.3825
8 24 77.251466066 0.192
8 25 77.251466066 0.192
8 26 77.251466066 0.192
8 27 77.251466066 0.192
8 28 77.251466066 0.192
8 29 77.251466066 0.192
8 30 77.251466066 0.192
8 31 77.251466066 0.192
9 0 78.85623902 0.35699999999999993
9 1 78.85623902 0.35699999999999993
9 2 78.85623902 0.35699999999999993
9 3 78.85623902 0.35699999999999993
9 4 78.85623902 0.35699999999999993
9 5 78.85623902 0.35699999999999993
9 6 78.85623902 0.35699999999999993
9 7 78.85623902 0.35699999999999993
9 8 81.442091066 0.3165
9 9 81.442091066 0.3165
9 10 81.442091066 0.3165
9 11 81.442091066 0.3165
9 12 81.442091066 0.3165
9 13 81.442091066 0.3165
9 14 81.442091066 0.3165
9 15 81.442091066 0.3165
9 16 81.442091066 0.3165
9 17 81.442091066 0.3165
9 18 81.442091066 0.3165
9 19 81.442091066 0.3165
9 20 81.442091066 0.3165
9 21 81.442091066 0.3165
9 22 81.442091066 0.3165
9 23 81.442091066 0.3165
9 24 78.85623902 0.35699999999999993
9 25 78.85623902 0.35699999999999993
9 26 78.85623902 0.35699999999999993
9 27 78.85623902 0.35699999999999993
9 28 78.85623902 0.35699999999999993
9 29 78.85623902 0.35699999999999993
9 30 78.85623902 0.35699999999999993
9 31 78.85623902 0.35699999999999993
10 0 79.566999512 0.4305
10 1 79.566999512 0.4305
10 2 79.566999512 0.4305
10 3 79.566999512 0.4305
10 4 79.566999512 0.4305
10 5 79.566999512 0.4305
10 6 79.566999512 0.4305
10 7 79.566999512 0.4305
10 8 83.317237556 0.678
10 9 83.317237556 0.678
10 10 83.317237556 0.678
10 11 83.317237556 0.678
10 12 83.317237556 0.678
10 13 83.317237556 0.678
10 14 83.317237556 0.678
10 15 83.317237556 0.678
10 16 83.317237556 0.678
10 17 83.317237556 0.678
10 18 83.317237556 0.678
10 19 83.317237556 0.678
10 20 83.317237556 0.678
10 21 83.317237556 0.678
10 22 83.317237556 0.678
10 23 83.317237556 0.678
10 24 79.566999512 0.4305
10 25 79.566999512 0.4305
10 26 79.566999512 0.4305
10 27 79.566999512 0.4305
10 28 79.566999512 0.4305
10 29 79.566999512 0.4305
10 30 79.566999512 0.4305
10 31 79.566999512 0.4305
11 0 79.605341798 0.1185
11 1 79.605341798 0.1185
11 2 79.605341798 0.1185
11 3 79.605341798 0.1185
11 4 79.605341798 0.1185
11 5 79.605341798 0.1185
11 6 79.605341798 0.1185
11 7 79.605341798 0.1185
11 8 84.80989502599999 1.176
11 9 84.80989502599999 1.176
11 10 84.80989502599999 1.176
11 11 84.80989502599999 1.176
11 12 84.80989502599999 1.176
11 13 84.80989502599999 1.176
11 14 84.80989502599999 1.176
11 15 84.80989502599999 1.176
11 16 84.80989502599999 1.176
11 17 84.80989502599999 1.176
11 18 84.80989502599999 1.176
11 19 84.80989502599999 1.176
11 20 84.80989502599999 1.176
11 21 84.80989502599999 1.176
11 22 84.80989502599999 1.176
11 23 84.80989502599999 1.176
11 24 79.605341798 0.1185
11 25 79.605341798 0.1185
11 26 79.605341798 0.1185
11 27 79.605341798 0.1185
11 28 79.605341798 0.1185
11 29 79.605341798 0.1185
11 30 79.605341798 0.1185
11 31 79.605341798 0.1185
12 0 79.28393676799999 0.438
12 1 79.28393676799999 0.438
12 2 79.28393676799999 0.438
12 3 79.28393676799999 0.438
12 4 80.93391845 1.257
12 5 80.93391845 1.257
12 6 80.93391845 1.257
12 7 80.93391845 1.257
12 8 85.91912963600001 1.2465
12 9 85.91912963600001 1.2465
12 10 85.91912963600001 1.2465
12 11 85.91912963600001 1.2465
12 12 85.683088382 1.3079999999999998
12 13 85.683088382 1.3079999999999998
12 14 85.683088382 1.3079999999999998
12 15 85.683088382 1.3079999999999998
12 16 85.91912963600001 1.2465
12 17 85.91912963600001 1.2465
12 18 85.91912963600001 1.2465
12 19 85.91912963600001 1.2465
12 20 85.683088382 1.3079999999999998
12 21 85.683088382 1.3079999999999998
12 22 85.683088382 1.3079999999999998
12 23 85.683088382 1.3079999999999998
12 24 79.28393676799999 0.438
12 25 79.28393676799999 0.438
12 26 79.28393676799999 0.438
12 27 79.28393676799999 0.438
12 28 80.93391845 1.257
12 29 80.93391845 1.257
12 30 80.93391845 1.257
12 31 80.93391845 1.257
13 0 78.7971875 0.456
13 1 78.7971875 0.456
13 2 78.7971875 0.456
13 3 78.7971875 0.456
13 4 82.29951905 1.263
13 5 82.29951905 1.263
13 6 82.29951905 1.263
13 7 82.29951905 1.263
13 8 86.474103998 1.2495
13 9 86.474103998 1.2495
13 10 86.474103998 1.2495
13 11 86.474103998 1.2495
13 12 86.79419067200001 1.3125
13 13 86.79419067200001 1.3125
13 14 86.79419067200001 1.3125
13 15 86.79419067200001 1.3125
13 16 86.474103998 1.2495
13 17 86.474103998 1.2495
13 18 86.474103998 1.2495
13 19 86.474103998 1.2495
13 20 86.79419067200001 1.3125
13 21 86.79419067200001 1.3125
13 22 86.79419067200001 1.3125
13 23 86.79419067200001 1.3125
13 24 78.7971875 0.456
13 25 78.7971875 0.456
13 26 78.7971875 0.456
13 27 78.7971875 0.456
13 28 82.29951905 1.263
13 29 82.29951905 1.263
13 30 82.29951905 1.263
13 31 82.29951905 1.263
14 0 78.074396978 0.6614999999999999
14 1 78.074396978 0.6614999999999999
14 2 78.074396978 0.6614999999999999
14 3 78.074396978 0.6614999999999999
14 4 83.01297119 0.867
14 5 83.01297119 0.867
14 6 83.01297119 0.867
14 7 83.01297119 0.867
14 8 86.34655273999999 1.1835
14 9 86.34655273999999 1.1835
14 10 86.34655273999999 1.1835
14 11 86.34655273999999 1.1835
14 12 87.1784375 1.2495
14 13 87.1784375 1.2495
14 14 87.1784375 1.2495
14 15 87.1784375 1.2495
14 16 86.34655273999999 1.1835
14 17 86.34655273999999 1.1835
14 18 86.34655273999999 1.1835
14 19 86.34655273999999 1.1835
14 20 87.1784375 1.2495
14 21 87.1784375 1.2495
14 22 87.1784375 1.2495
14 23 87.1784375 1.2495
14 24 78.074396978 0.6614999999999999
14 25 78.074396978 0.6614999999999999
14 26 78.074396978 0.6614999999999999
14 27 78.074396978 0.6614999999999999
14 28 83.01297119 0.867
14 29 83.01297119 0.867
14 30 83.01297119 0.867
14 31 83.01297119 0.867
15 0 77.04827393 0.768
15 1 77.04827393 0.768
15 2 77.04827393 0.768
15 3 77.04827393 0.768
15 4 82.586207282 0.9239999999999999
15 5 82.586207282 0.9239999999999999
15 6 82.586207282 0.9239999999999999
15 7 82.586207282 0.9239999999999999
15 8 85.50390137 1.053
15 9 85.50390137 1.053
15 10 85.50390137 1.053
15 11 85.50390137 1.053
15 12 86.78238036799999 1.122
15 13 86.78238036799999 1.122
15 14 86.78238036799999 1.122
15 15 86.78238036799999 1.122
15 16 85.50390137 1.053
15 17 85.50390137 1.053
15 18 85.50390137 1.053
15 19 85.50390137 1.053
15 20 86.78238036799999 1.122
15 21 86.78238036799999 1.122
15 22 86.78238036799999 1.122
15 23 86.78238036799999 1.122
15 24 77.04827393 0.768
15 25 77.04827393 0.768
15 26 77.04827393 0.768
15 27 77.04827393 0.768
15 28 82.586207282 0.9239999999999999
15 29 82.586207282 0.9239999999999999
15 30 82.586207282 0.9239999999999999
15 31 82.586207282 0.9239999999999999
16 0 75.824451896 0.7425
16 1 75.824451896 0.7425
16 2 75.88108643000001 0.8985
16 3 75.88108643000001 0.8985
16 4 81.228461918 0.888
16 5 81.228461918 0.888
16 6 82.373841554 0.792
16 7 82.373841554 0.792
16 8 84.04436768 0.8714999999999999
16 9 84.04436768 0.8714999999999999
16 10 83.433198236 0.732
16 11 83.433198236 0.732
16 12 85.67968262 0.9405
16 13 85.67968262 0.9405
16 14 86.11633423399999 0.6914999999999999
16 15 86.11633423399999 0.6914999999999999
16 16 84.04436768 0.8714999999999999
16 17 84.04436768 0.8714999999999999
16 18 83.433198236 0.732
16 19 83.433198236 0.732
16 20 85.67968262 0.9405
16 21 85.67968262 0.9405
16 22 86.11633423399999 0.6914999999999999
16 23 86.11633423399999 0.6914999999999999
16 24 75.824451896 0.7425
16 25 75.824451896 0.7425
16 26 75.88108643000001 0.8985
16 27 75.88108643000001 0.8985
16 28 81.228461918 0.888
16 29 81.228461918 0.888
16 30 82.373841554 0.792
16 31 82.373841554 0.792
17 0 74.474946284 0.585
17 1 74.474946284 0.585
17 2 74.194355462 0.5535
17 3 74.194355462 0.5535
17 4 79.231586918 0.6675
17 5 79.231586918 0.6675
17 6 81.11469848 0.5775
17 7 81.11469848 0.5775
17 8 82.03820923399999 0.6525
17 9 82.03820923399999 0.6525
17 10 81.7284497 0.573
17 11 81.7284497 0.573
17 12 83.968397222 0.7214999999999999
17 13 83.968397222 0.7214999999999999
17 14 84.19900024399999 0.6614999999999999
17 15 84.19900024399999 0.6614999999999999
17 16 82.03820923399999 0.6525
17 17 82.03820923399999 0.6525
17 18 81.7284497 0.573
17 19 81.7284497 0.573
17 20 83.968397222 0.7214999999999999
17 21 83.968397222 0.7214999999999999
17 22 84.19900024399999 0.6614999999999999
17 23 84.19900024399999 0.6614999999999999
17 24 74.474946284 0.585
17 25 74.474946284 0.585
17 26 74.194355462 0.5535
17 27 74.194355462 0.5535
17 28 79.231586918 0.6675
17 29 79.231586918 0.6675
17 30 81.11469848 0.5775
17 31 81.11469848 0.5775
18 0 73.09385497400001 0.2925
18 1 73.09385497400001 0.2925
18 2 71.85959594600001 0.444
18 3 71.85959594600001 0.444
18 4 76.48280762 0.4305
18 5 76.48280762 0.4305
18 6 79.24592408000001 0.021
18 7 79.24592408000001 0.021
18 8 79.270972898 0.4185
18 9 79.270972898 0.4185
18 10 79.549146734 0.3465
18 11 79.549146734 0.3465
18 12 81.716639396 0.486
18 13 81.716639396 0.486
18 14 81.98811158000001 0.2805
18 15 81.98811158000001 0.2805
18 16 79.270972898 0.4185
18 17 79.270972898 0.4185
18 18 79.549146734 0.3465
18 19 79.549146734 0.3465
18 20 81.716639396 0.486
18 21 81.716639396 0.486
18 22 81.98811158000001 0.2805
18 23 81.98811158000001 0.2805
18 24 73.09385497400001 0.2925
18 25 73.09385497400001 0.2925
18 26 71.85959594600001 0.444
18 27 71.85959594600001 0.444
18 28 76.48280762 0.4305
18 29 76.48280762 0.4305
18 30 79.24592408000001 0.021
18 31 79.24592408000001 0.021
19 0 71.638166498 0.213
19 1 71.638166498 0.213
19 2 68.713825676 0.219
19 3 68.713825676 0.219
19 4 73.189875488 0.2055
19 5 73.189875488 0.2055
19 6 76.79663207600001 0.159
19 7 76.79663207600001 0.159
19 8 75.352424324 0.1965
19 9 75.352424324 0.1965
19 10 76.34108399 0.2445
19 11 76.34108399 0.2445
19 12 78.14075439199999 0.2595
19 13 78.14075439199999 0.2595
19 14 79.45889405 0.0285
19 15 79.45889405 0.0285
19 16 75.352424324 0.1965
19 17 75.352424324 0.1965
19 18 76.34108399 0.2445
19 19 76.34108399 0.2445
19 20 78.14075439199999 0.2595
19 21 78.14075439199999 0.2595
19 22 79.45889405 0.0285
19 23 79.45889405 0.0285
19 24 71.638166498 0.213
19 25 71.638166498 0.213
19 26 68.713825676 0.219
19 27 68.713825676 0.219
19 28 73.189875488 0.2055
19 29 73.189875488 0.2055
19 30 76.79663207600001 0.159
19 31 76.79663207600001 0.159
20 0 70.22807128400001 0.0525
20 1 69.563398442 0.051
20 2 66.505024418 0.0435
20 3 65.693244632 0.0735
20 4 71.021778566 0.0345
20 5 70.22807128400001 0.0525
20 6 74.446931156 0.0285
20 7 73.065675056 0.0705
20 8 71.734022222 0.0285
20 9 72.733063964 0.0525
20 10 73.065675056 0.0705
20 11 72.47938964 0.039
20 12 74.8175 0.075
20 13 77.01207396800001 0.006
20 14 77.01207396800001 0.006
20 15 77.64065673799999 0.0225
20 16 71.734022222 0.0285
20 17 72.733063964 0.0525
20 18 73.065675056 0.0705
20 19 72.47938964 0.039
20 20 74.8175 0.075
20 21 77.01207396800001 0.006
20 22 77.01207396800001 0.006
20 23 77.64065673799999 0.0225
20 24 70.22807128400001 0.0525
20 25 69.563398442 0.051
20 26 66.505024418 0.0435
20 27 65.693244632 0.0735
20 28 71.021778566 0.0345
20 29 70.22807128400001 0.0525
20 30 74.446931156 0.0285
20 31 73.065675056 0.0705
21 0 69.103620608 0.0
21 1 68.67103393400001 0.0
21 2 65.608485116 0.0
21 3 63.750037838 0.0
21 4 70.106068112 0.0
21 5 69.103620608 0.0
21 6 72.930378416 0.0
21 7 70.99244506400001 0.0
21 8 69.507368168 0.0
21 9 70.97843750000001 0.0
21 10 70.99244506400001 0.0
21 11 70.27750976 0.0
21 12 73.350660398 0.0
21 13 75.119953622 0.0
21 14 75.119953622 0.0
21 15 75.84329345 0.0
21 16 69.507368168 0.0
21 17 70.97843750000001 0.0
21 18 70.99244506400001 0.0
21 19 70.27750976 0.0
21 20 73.350660398 0.0
21 21 75.119953622 0.0
21 22 75.119953622 0.0
21 23 75.84329345 0.0
21 24 69.103620608 0.0
21 25 68.67103393400001 0.0
21 26 65.608485116 0.0
21 27 63.750037838 0.0
21 28 70.106068112 0.0
21 29 69.103620608 0.0
21 30 72.930378416 0.0
21 31 70.99244506400001 0.0
22 0 68.189503172 0.0
22 1 67.89655274 0.0
22 2 64.31418579199999 0.0
22 3 61.91977051400001 0.0
22 4 68.955744632 0.0
22 5 68.189503172 0.0
22 6 71.67535521799999 0.0
22 7 69.58998536000001 0.0
22 8 67.80608033 0.0
22 9 69.537745364 0.0
22 10 69.58998536000001 0.0
22 11 68.661311036 0.0
22 12 72.161005856 0.0
22 13 73.606367192 0.0
22 14 73.606367192 0.0
22 15 73.980177008 0.0
22 16 67.80608033 0.0
22 17 69.537745364 0.0
22 18 69.58998536000001 0.0
22 19 68.661311036 0.0
22 20 72.161005856 0.0
22 21 73.606367192 0.0
22 22 73.606367192 0.0
22 23 73.980177008 0.0
22 24 68.189503172 0.0
22 25 67.89655274 0.0
22 26 64.31418579199999 0.0
22 27 61.91977051400001 0.0
22 28 68.955744632 0.0
22 29 68.189503172 0.0
22 30 71.67535521799999 0.0
22 31 69.58998536000001 0.0
23 0 67.42809570200001 0.0
23 1 67.039509272 0.0
23 2 62.659150394 0.0
23 3 60.426398930000005 0.0
23 4 67.439466554 0.0
23 5 67.42809570200001 0.0
23 6 70.39967774 0.0
23 7 68.27997558199999 0.0
23 8 66.29364746600001 0.0
23 9 68.362318112 0.0
23 10 68.27997558199999 0.0
23 11 67.27747314199999 0.0
23 12 70.688343506 0.0
23 13 72.238349606 0.0
23 14 72.238349606 0.0
23 15 72.182264396 0.0
23 16 66.29364746600001 0.0
23 17 68.362318112 0.0
23 18 68.27997558199999 0.0
23 19 67.27747314199999 0.0
23 20 70.688343506 0.0
23 21 72.238349606 0.0
23 22 72.238349606 0.0
23 23 72.182264396 0.0
23 24 67.42809570200001 0.0
23 25 67.039509272 0.0
23 26 62.659150394 0.0
23 27 60.426398930000005 0.0
23 28 67.439466554 0.0
23 29 67.42809570200001 0.0
23 30 70.39967774 0.0
23 31 68.27997558199999 0.0
