time period scenario temperature renewable energy
0 0 70.776453866 0.0
0 1 70.776453866 0.0
0 2 70.776453866 0.0
0 3 70.776453866 0.0
0 4 70.776453866 0.0
0 5 70.776453866 0.0
0 6 70.776453866 0.0
0 7 70.776453866 0.0
0 8 70.776453866 0.0
0 9 70.776453866 0.0
0 10 70.776453866 0.0
0 11 70.776453866 0.0
0 12 70.776453866 0.0
0 13 70.776453866 0.0
0 14 70.776453866 0.0
0 15 70.776453866 0.0
0 16 70.776453866 0.0
0 17 70.776453866 0.0
0 18 70.776453866 0.0
0 19 70.776453866 0.0
0 20 70.776453866 0.0
0 21 70.776453866 0.0
0 22 70.776453866 0.0
0 23 70.776453866 0.0
0 24 70.776453866 0.0
0 25 70.776453866 0.0
0 26 70.776453866 0.0
0 27 70.776453866 0.0
0 28 70.776453866 0.0
0 29 70.776453866 0.0
0 30 70.776453866 0.0
0 31 70.776453866 0.0
1 0 69.691059572 0.0
1 1 69.691059572 0.0
1 2 69.691059572 0.0
1 3 69.691059572 0.0
1 4 69.691059572 0.0
1 5 69.691059572 0.0
1 6 69.691059572 0.0
1 7 69.691059572 0.0
1 8 69.691059572 0.0
1 9 69.691059572 0.0
1 10 69.691059572 0.0
1 11 69.691059572 0.0
1 12 69.691059572 0.0
1 13 69.691059572 0.0
1 14 69.691059572 0.0
1 15 69.691059572 0.0
1 16 69.691059572 0.0
1 17 69.691059572 0.0
1 18 69.691059572 0.0
1 19 69.691059572 0.0
1 20 69.691059572 0.0
1 21 69.691059572 0.0
1 22 69.691059572 0.0
1 23 69.691059572 0.0
1 24 69.691059572 0.0
1 25 69.691059572 0.0
1 26 69.691059572 0.0
1 27 69.691059572 0.0
1 28 69.691059572 0.0
1 29 69.691059572 0.0
1 30 69.691059572 0.0
1 31 69.691059572 0.0
2 0 68.50437134 0.0
2 1 68.50437134 0.0
2 2 68.50437134 0.0
2 3 68.50437134 0.0
2 4 68.50437134 0.0
2 5 68.50437134 0.0
2 6 68.50437134 0.0
2 7 68.50437134 0.0
2 8 68.50437134 0.0
2 9 68.50437134 0.0
2 10 68.50437134 0.0
2 11 68.50437134 0.0
2 12 68.50437134 0.0
2 13 68.50437134 0.0
2 14 68.50437134 0.0
2 15 68.50437134 0.0
2 16 68.50437134 0.0
2 17 68.50437134 0.0
2 18 68.50437134 0.0
2 19 68.50437134 0.0
2 20 68.50437134 0.0
2 21 68.50437134 0.0
2 22 68.50437134 0.0
2 23 68.50437134 0.0
2 24 68.50437134 0.0
2 25 68.50437134 0.0
2 26 68.50437134 0.0
2 27 68.50437134 0.0
2 28 68.50437134 0.0
2 29 68.50437134 0.0
2 30 68.50437134 0.0
2 31 68.50437134 0.0
3 0 67.077741704 0.0
3 1 67.077741704 0.0
3 2 67.077741704 0.0
3 3 67.077741704 0.0
3 4 67.077741704 0.0
3 5 67.077741704 0.0
3 6 67.077741704 0.0
3 7 67.077741704 0.0
3 8 67.077741704 0.0
3 9 67.077741704 0.0
3 10 67.077741704 0.0
3 11 67.077741704 0.0
3 12 67.077741704 0.0
3 13 67.077741704 0.0
3 14 67.077741704 0.0
3 15 67.077741704 0.0
3 16 67.077741704 0.0
3 17 67.077741704 0.0
3 18 67.077741704 0.0
3 19 67.077741704 0.0
3 20 67.077741704 0.0
3 21 67.077741704 0.0
3 22 67.077741704 0.0
3 23 67.077741704 0.0
3 24 67.077741704 0.0
3 25 67.077741704 0.0
3 26 67.077741704 0.0
3 27 67.077741704 0.0
3 28 67.077741704 0.0
3 29 67.077741704 0.0
3 30 67.077741704 0.0
3 31 67.077741704 0.0
4 0 66.07859009 0.0
4 1 66.07859009 0.0
4 2 66.07859009 0.0
4 3 66.07859009 0.0
4 4 66.07859009 0.0
4 5 66.07859009 0.0
4 6 66.07859009 0.0
4 7 66.07859009 0.0
4 8 66.07859009 0.0
4 9 66.07859009 0.0
4 10 66.07859009 0.0
4 11 66.07859009 0.0
4 12 66.07859009 0.0
4 13 66.07859009 0.0
4 14 66.07859009 0.0
4 15 66.07859009 0.0
4 16 67.1753003 0.0
4 17 67.1753003 0.0
4 18 67.1753003 0.0
4 19 67.1753003 0.0
4 20 67.1753003 0.0
4 21 67.1753003 0.0
4 22 67.1753003 0.0
4 23 67.1753003 0.0
4 24 67.1753003 0.0
4 25 67.1753003 0.0
4 26 67.1753003 0.0
4 27 67.1753003 0.0
4 28 67.1753003 0.0
4 29 67.1753003 0.0
4 30 67.1753003 0.0
4 31 67.1753003 0.0
5 0 66.907947992 0.015
5 1 66.907947992 0.015
5 2 66.907947992 0.015
5 3 66.907947992 0.015
5 4 66.907947992 0.015
5 5 66.907947992 0.015
5 6 66.907947992 0.015
5 7 66.907947992 0.015
5 8 66.907947992 0.015
5 9 66.907947992 0.015
5 10 66.907947992 0.015
5 11 66.907947992 0.015
5 12 66.907947992 0.015
5 13 66.907947992 0.015
5 14 66.907947992 0.015
5 15 66.907947992 0.015
5 16 69.065498048 0.06149999999999999
5 17 69.065498048 0.06149999999999999
5 18 69.065498048 0.06149999999999999
5 19 69.065498048 0.06149999999999999
5 20 69.065498048 0.06149999999999999
5 21 69.065498048 0.06149999999999999
5 22 69.065498048 0.06149999999999999
5 23 69.065498048 0.06149999999999999
5 24 69.065498048 0.06149999999999999
5 25 69.065498048 0.06149999999999999
5 26 69.065498048 0.06149999999999999
5 27 69.065498048 0.06149999999999999
5 28 69.065498048 0.06149999999999999
5 29 69.065498048 0.06149999999999999
5 30 69.065498048 0.06149999999999999
5 31 69.065498048 0.06149999999999999
6 0 69.869093018 0.1125
6 1 69.869093018 0.1125
6 2 69.869093018 0.1125
6 3 69.869093018 0.1125
6 4 69.869093018 0.1125
6 5 69.869093018 0.1125
6 6 69.869093018 0.1125
6 7 69.869093018 0.1125
6 8 69.869093018 0.1125
6 9 69.869093018 0.1125
6 10 69.869093018 0.1125
6 11 69.869093018 0.1125
6 12 69.869093018 0.1125
6 13 69.869093018 0.1125
6 14 69.869093018 0.1125
6 15 69.869093018 0.1125
6 16 72.903626708 0.23849999999999996
6 17 72.903626708 0.23849999999999996
6 18 72.903626708 0.23849999999999996
6 19 72.903626708 0.23849999999999996
6 20 72.903626708 0.23849999999999996
6 21 72.903626708 0.23849999999999996
6 22 72.903626708 0.23849999999999996
6 23 72.903626708 0.23849999999999996
6 24 72.903626708 0.23849999999999996
6 25 72.903626708 0.23849999999999996
6 26 72.903626708 0.23849999999999996
6 27 72.903626708 0.23849999999999996
6 28 72.903626708 0.23849999999999996
6 29 72.903626708 0.23849999999999996
6 30 72.903626708 0.23849999999999996
6 31 72.903626708 0.23849999999999996
7 0 74.34585692600001 0.228
7 1 74.34585692600001 0.228
7 2 74.34585692600001 0.228
7 3 74.34585692600001 0.228
7 4 74.34585692600001 0.228
7 5 74.34585692600001 0.228
7 6 74.34585692600001 0.228
7 7 74.34585692600001 0.228
7 8 74.34585692600001 0.228
7 9 74.34585692600001 0.228
7 10 74.34585692600001 0.228
7 11 74.34585692600001 0.228
7 12 74.34585692600001 0.228
7 13 74.34585692600001 0.228
7 14 74.34585692600001 0.228
7 15 74.34585692600001 0.228
7 16 78.78296021 0.459
7 17 78.78296021 0.459
7 18 78.78296021 0.459
7 19 78.78296021 0.459
7 20 78.78296021 0.459
7 21 78.78296021 0.459
7 22 78.78296021 0.459
7 23 78.78296021 0.459
7 24 78.78296021 0.459
7 25 78.78296021 0.459
7 26 78.78296021 0.459
7 27 78.78296021 0.459
7 28 78.78296021 0.459
7 29 78.78296021 0.459
7 30 78.78296021 0.459
7 31 78.78296021 0.459
8 0 78.655189208 0.3825
8 1 78.655189208 0.3825
8 2 78.655189208 0.3825
8 3 78.655189208 0.3825
8 4 78.655189208 0.3825
8 5 78.655189208 0.3825
8 6 78.655189208 0.3825
8 7 78.655189208 0.3825
8 8 77.251466066 0.192
8 9 77.251466066 0.192
8 10 77.251466066 0.192
8 11 77.251466066 0.192
8 12 77.251466066 0.192
8 13 77.251466066 0.192
8 14 77.251466066 0.192
8 15 77.251466066 0.192
8 16 85.320045158 0.69
8 17 85.320045158 0.69
8 18 85.320045158 0.69
8 19 85.320045158 0.69
8 20 85.320045158 0.69
8 21 85.320045158 0.69
8 22 85.320045158 0.69
8 23 85.320045158 0.69
8 24 84.347150882 0.681
8 25 84.347150882 0.681
8 26 84.347150882 0.681
8 27 84.347150882 0.681
8 28 84.347150882 0.681
8 29 84.347150882 0.681
8 30 84.347150882 0.681
8 31 84.347150882 0.681
9 0 81.442091066 0.3165
9 1 81.442091066 0.3165
9 2 81.442091066 0.3165
9 3 81.442091066 0.3165
9 4 81.442091066 0.3165
9 5 81.442091066 0.3165
9 6 81.442091066 0.3165
9 7 81.442091066 0.3165
9 8 78.85623902 0.35699999999999993
9 9 78.85623902 0.35699999999999993
9 10 78.85623902 0.35699999999999993
9 11 78.85623902 0.35699999999999993
9 12 78.85623902 0.35699999999999993
9 13 78.85623902 0.35699999999999993
9 14 78.85623902 0.35699999999999993
9 15 78.85623902 0.35699999999999993
9 16 90.688789058 0.9075
9 17 90.688789058 0.9075
9 18 90.688789058 0.9075
9 19 90.688789058 0.9075
9 20 90.688789058 0.9075
9 21 90.688789058 0.9075
9 22 90.688789058 0.9075
9 23 90.688789058 0.9075
9 24 88.142158202 0.8939999999999999
9 25 88.142158202 0.8939999999999999
9 26 88.142158202 0.8939999999999999
9 27 88.142158202 0.8939999999999999
9 28 88.142158202 0.8939999999999999
9 29 88.142158202 0.8939999999999999
9 30 88.142158202 0.8939999999999999
9 31 88.142158202 0.8939999999999999
10 0 83.317237556 0.678
10 1 83.317237556 0.678
10 2 83.317237556 0.678
10 3 83.317237556 0.678
10 4 83.317237556 0.678
10 5 83.317237556 0.678
10 6 83.317237556 0.678
10 7 83.317237556 0.678
10 8 79.566999512 0.4305
10 9 79.566999512 0.4305
10 10 79.566999512 0.4305
10 11 79.566999512 0.4305
10 12 79.566999512 0.4305
10 13 79.566999512 0.4305
10 14 79.566999512 0.4305
10 15 79.566999512 0.4305
10 16 94.57229125399999 1.089
10 17 94.57229125399999 1.089
10 18 94.57229125399999 1.089
10 19 94.57229125399999 1.089
10 20 94.57229125399999 1.089
10 21 94.57229125399999 1.089
10 22 94.57229125399999 1.089
10 23 94.57229125399999 1.089
10 24 90.1206311 1.0725
10 25 90.1206311 1.0725
10 26 90.1206311 1.0725
10 27 90.1206311 1.0725
10 28 90.1206311 1.0725
10 29 90.1206311 1.0725
10 30 90.1206311 1.0725
10 31 90.1206311 1.0725
11 0 84.80989502599999 1.176
11 1 84.80989502599999 1.176
11 2 84.80989502599999 1.176
11 3 84.80989502599999 1.176
11 4 84.80989502599999 1.176
11 5 84.80989502599999 1.176
11 6 84.80989502599999 1.176
11 7 84.80989502599999 1.176
11 8 79.605341798 0.1185
11 9 79.605341798 0.1185
11 10 79.605341798 0.1185
11 11 79.605341798 0.1185
11 12 79.605341798 0.1185
11 13 79.605341798 0.1185
11 14 79.605341798 0.1185
11 15 79.605341798 0.1185
11 16 97.08123902 1.218
11 17 97.08123902 1.218
11 18 97.08123902 1.218
11 19 97.08123902 1.218
11 20 97.08123902 1.218
11 21 97.08123902 1.218
11 22 97.08123902 1.218
11 23 97.08123902 1.218
11 24 90.63226439600001 1.2015
11 25 90.63226439600001 1.2015
11 26 90.63226439600001 1.2015
11 27 90.63226439600001 1.2015
11 28 90.63226439600001 1.2015
11 29 90.63226439600001 1.2015
11 30 90.63226439600001 1.2015
11 31 90.63226439600001 1.2015
12 0 85.91912963600001 1.2465
12 1 85.91912963600001 1.2465
12 2 85.91912963600001 1.2465
12 3 85.91912963600001 1.2465
12 4 85.683088382 1.3079999999999998
12 5 85.683088382 1.3079999999999998
12 6 85.683088382 1.3079999999999998
12 7 85.683088382 1.3079999999999998
12 8 79.28393676799999 0.438
12 9 79.28393676799999 0.438
12 10 79.28393676799999 0.438
12 11 79.28393676799999 0.438
12 12 80.93391845 1.257
12 13 80.93391845 1.257
12 14 80.93391845 1.257
12 15 80.93391845 1.257
12 16 98.57186402 1.2854999999999999
12 17 98.57186402 1.2854999999999999
12 18 98.57186402 1.2854999999999999
12 19 98.57186402 1.2854999999999999
12 20 90.40078247 1.269
12 21 90.40078247 1.269
12 22 90.40078247 1.269
12 23 90.40078247 1.269
12 24 90.40078247 1.269
12 25 90.40078247 1.269
12 26 90.40078247 1.269
12 27 90.40078247 1.269
12 28 91.75836304399999 1.206
12 29 91.75836304399999 1.206
12 30 91.75836304399999 1.206
12 31 91.75836304399999 1.206
13 0 86.474103998 1.2495
13 1 86.474103998 1.2495
13 2 86.474103998 1.2495
13 3 86.474103998 1.2495
13 4 86.79419067200001 1.3125
13 5 86.79419067200001 1.3125
13 6 86.79419067200001 1.3125
13 7 86.79419067200001 1.3125
13 8 78.7971875 0.456
13 9 78.7971875 0.456
13 10 78.7971875 0.456
13 11 78.7971875 0.456
13 12 82.29951905 1.263
13 13 82.29951905 1.263
13 14 82.29951905 1.263
13 15 82.29951905 1.263
13 16 99.245820308 1.287
13 17 99.245820308 1.287
13 18 99.245820308 1.287
13 19 99.245820308 1.287
13 20 89.805103754 1.2705
13 21 89.805103754 1.2705
13 22 89.805103754 1.2705
13 23 89.805103754 1.2705
13 24 89.805103754 1.2705
13 25 89.805103754 1.2705
13 26 89.805103754 1.2705
13 27 89.805103754 1.2705
13 28 92.632545158 1.1535
13 29 92.632545158 1.1535
13 30 92.632545158 1.1535
13 31 92.632545158 1.1535
14 0 86.34655273999999 1.1835
14 1 86.34655273999999 1.1835
14 2 86.34655273999999 1.1835
14 3 86.34655273999999 1.1835
14 4 87.1784375 1.2495
14 5 87.1784375 1.2495
14 6 87.1784375 1.2495
14 7 87.1784375 1.2495
14 8 78.074396978 0.6614999999999999
14 9 78.074396978 0.6614999999999999
14 10 78.074396978 0.6614999999999999
14 11 78.074396978 0.6614999999999999
14 12 83.01297119 0.867
14 13 83.01297119 0.867
14 14 83.01297119 0.867
14 15 83.01297119 0.867
14 16 99.177320552 1.218
14 17 99.177320552 1.218
14 18 99.177320552 1.218
14 19 99.177320552 1.218
14 20 89.04781616 1.203
14 21 89.04781616 1.203
14 22 89.04781616 1.203
14 23 89.04781616 1.203
14 24 89.04781616 1.203
14 25 89.04781616 1.203
14 26 89.04781616 1.203
14 27 89.04781616 1.203
14 28 92.752076408 1.1085
14 29 92.752076408 1.1085
14 30 92.752076408 1.1085
14 31 92.752076408 1.1085
15 0 85.50390137 1.053
15 1 85.50390137 1.053
15 2 85.50390137 1.053
15 3 85.50390137 1.053
15 4 86.78238036799999 1.122
15 5 86.78238036799999 1.122
15 6 86.78238036799999 1.122
15 7 86.78238036799999 1.122
15 8 77.04827393 0.768
15 9 77.04827393 0.768
15 10 77.04827393 0.768
15 11 77.04827393 0.768
15 12 82.586207282 0.9239999999999999
15 13 82.586207282 0.9239999999999999
15 14 82.586207282 0.9239999999999999
15 15 82.586207282 0.9239999999999999
15 16 98.405036618 1.0875
15 17 98.405036618 1.0875
15 18 98.405036618 1.0875
15 19 98.405036618 1.0875
15 20 87.81701783 0.9764999999999999
15 21 87.81701783 0.9764999999999999
15 22 87.81701783 0.9764999999999999
15 23 87.81701783 0.9764999999999999
15 24 87.81701783 0.9764999999999999
15 25 87.81701783 0.9764999999999999
15 26 87.81701783 0.9764999999999999
15 27 87.81701783 0.9764999999999999
15 28 91.932276614 0.9255
15 29 91.932276614 0.9255
15 30 91.932276614 0.9255
15 31 91.932276614 0.9255
16 0 84.04436768 0.8714999999999999
16 1 84.04436768 0.8714999999999999
16 2 83.433198236 0.732
16 3 83.433198236 0.732
16 4 85.67968262 0.9405
16 5 85.67968262 0.9405
16 6 86.11633423399999 0.6914999999999999
16 7 86.11633423399999 0.6914999999999999
16 8 75.824451896 0.7425
16 9 75.824451896 0.7425
16 10 75.88108643000001 0.8985
16 11 75.88108643000001 0.8985
16 12 81.228461918 0.888
16 13 81.228461918 0.888
16 14 82.373841554 0.792
16 15 82.373841554 0.792
16 16 96.902052008 0.9045
16 17 96.902052008 0.9045
16 18 91.181745608 0.9045
16 19 91.181745608 0.9045
16 20 86.11633423399999 0.6914999999999999
16 21 86.11633423399999 0.6914999999999999
16 22 85.67968262 0.9405
16 23 85.67968262 0.9405
16 24 86.11633423399999 0.6914999999999999
16 25 86.11633423399999 0.6914999999999999
16 26 85.67968262 0.9405
16 27 85.67968262 0.9405
16 28 90.474940184 0.8385
16 29 90.474940184 0.8385
16 30 91.181745608 0.9045
16 31 91.181745608 0.9045
17 0 82.03820923399999 0.6525
17 1 82.03820923399999 0.6525
17 2 81.7284497 0.573
17 3 81.7284497 0.573
17 4 83.968397222 0.7214999999999999
17 5 83.968397222 0.7214999999999999
17 6 84.19900024399999 0.6614999999999999
17 7 84.19900024399999 0.6614999999999999
17 8 74.474946284 0.585
17 9 74.474946284 0.585
17 10 74.194355462 0.5535
17 11 74.194355462 0.5535
17 12 79.231586918 0.6675
17 13 79.231586918 0.6675
17 14 81.11469848 0.5775
17 15 81.11469848 0.5775
17 16 94.69682128400001 0.6885
17 17 94.69682128400001 0.6885
17 18 88.94932372400001 0.6914999999999999
17 19 88.94932372400001 0.6914999999999999
17 20 84.19900024399999 0.6614999999999999
17 21 84.19900024399999 0.6614999999999999
17 22 83.968397222 0.7214999999999999
17 23 83.968397222 0.7214999999999999
17 24 84.19900024399999 0.6614999999999999
17 25 84.19900024399999 0.6614999999999999
17 26 83.968397222 0.7214999999999999
17 27 83.968397222 0.7214999999999999
17 28 88.51695679400001 0.711
17 29 88.51695679400001 0.711
17 30 88.94932372400001 0.6914999999999999
17 31 88.94932372400001 0.6914999999999999
18 0 79.270972898 0.4185
18 1 79.270972898 0.4185
18 2 79.549146734 0.3465
18 3 79.549146734 0.3465
18 4 81.716639396 0.486
18 5 81.716639396 0.486
18 6 81.98811158000001 0.2805
18 7 81.98811158000001 0.2805
18 8 73.09385497400001 0.2925
18 9 73.09385497400001 0.2925
18 10 71.85959594600001 0.444
18 11 71.85959594600001 0.444
18 12 76.48280762 0.4305
18 13 76.48280762 0.4305
18 14 79.24592408000001 0.021
18 15 79.24592408000001 0.021
18 16 91.483210454 0.4575
18 17 91.483210454 0.4575
18 18 85.956428228 0.46199999999999997
18 19 85.956428228 0.46199999999999997
18 20 81.98811158000001 0.2805
18 21 81.98811158000001 0.2805
18 22 81.716639396 0.486
18 23 81.716639396 0.486
18 24 81.98811158000001 0.2805
18 25 81.98811158000001 0.2805
18 26 81.716639396 0.486
18 27 81.716639396 0.486
18 28 85.91451537200001 0.4365
18 29 85.91451537200001 0.4365
18 30 85.956428228 0.46199999999999997
18 31 85.956428228 0.46199999999999997
19 0 75.352424324 0.1965
19 1 75.352424324 0.1965
19 2 76.34108399 0.2445
19 3 76.34108399 0.2445
19 4 78.14075439199999 0.2595
19 5 78.14075439199999 0.2595
19 6 79.45889405 0.0285
19 7 79.45889405 0.0285
19 8 71.638166498 0.213
19 9 71.638166498 0.213
19 10 68.713825676 0.219
19 11 68.713825676 0.219
19 12 73.189875488 0.2055
19 13 73.189875488 0.2055
19 14 76.79663207600001 0.159
19 15 76.79663207600001 0.159
19 16 86.89801146799999 0.237
19 17 86.89801146799999 0.237
19 18 81.563874512 0.2415
19 19 81.563874512 0.2415
19 20 79.45889405 0.0285
19 21 79.45889405 0.0285
19 22 78.14075439199999 0.2595
19 23 78.14075439199999 0.2595
19 24 79.45889405 0.0285
19 25 79.45889405 0.0285
19 26 78.14075439199999 0.2595
19 27 78.14075439199999 0.2595
19 28 82.172846678 0.252
19 29 82.172846678 0.252
19 30 81.563874512 0.2415
19 31 81.563874512 0.2415
20 0 71.734022222 0.0285
20 1 72.733063964 0.0525
20 2 73.065675056 0.0705
20 3 72.47938964 0.039
20 4 74.8175 0.075
20 5 77.01207396800001 0.006
20 6 77.01207396800001 0.006
20 7 77.64065673799999 0.0225
20 8 70.22807128400001 0.0525
20 9 69.563398442 0.051
20 10 66.505024418 0.0435
20 11 65.693244632 0.0735
20 12 71.021778566 0.0345
20 13 70.22807128400001 0.0525
20 14 74.446931156 0.0285
20 15 73.065675056 0.0705
20 16 82.790827628 0.06149999999999999
20 17 78.70435302199999 0.072
20 18 76.99696777400001 0.0645
20 19 78.70435302199999 0.072
20 20 77.01207396800001 0.006
20 21 77.64065673799999 0.0225
20 22 74.8175 0.075
20 23 77.01207396800001 0.006
20 24 77.01207396800001 0.006
20 25 77.64065673799999 0.0225
20 26 74.8175 0.075
20 27 77.01207396800001 0.006
20 28 78.70435302199999 0.072
20 29 76.99696777400001 0.0645
20 30 76.99696777400001 0.0645
20 31 78.70435302199999 0.072
21 0 69.507368168 0.0
21 1 70.97843750000001 0.0
21 2 70.99244506400001 0.0
21 3 70.27750976 0.0
21 4 73.350660398 0.0
21 5 75.119953622 0.0
21 6 75.119953622 0.0
21 7 75.84329345 0.0
21 8 69.103620608 0.0
21 9 68.67103393400001 0.0
21 10 65.608485116 0.0
21 11 63.750037838 0.0
21 12 70.106068112 0.0
21 13 69.103620608 0.0
21 14 72.930378416 0.0
21 15 70.99244506400001 0.0
21 16 80.367133784 0.0
21 17 76.970545646 0.0
21 18 74.14343384 0.0
21 19 76.970545646 0.0
21 20 75.119953622 0.0
21 21 75.84329345 0.0
21 22 73.350660398 0.0
21 23 75.119953622 0.0
21 24 75.119953622 0.0
21 25 75.84329345 0.0
21 26 73.350660398 0.0
21 27 75.119953622 0.0
21 28 76.970545646 0.0
21 29 74.14343384 0.0
21 30 74.14343384 0.0
21 31 76.970545646 0.0
22 0 67.80608033 0.0
22 1 69.537745364 0.0
22 2 69.58998536000001 0.0
22 3 68.661311036 0.0
22 4 72.161005856 0.0
22 5 73.606367192 0.0
22 6 73.606367192 0.0
22 7 73.980177008 0.0
22 8 68.189503172 0.0
22 9 67.89655274 0.0
22 10 64.31418579199999 0.0
22 11 61.91977051400001 0.0
22 12 68.955744632 0.0
22 13 68.189503172 0.0
22 14 71.67535521799999 0.0
22 15 69.58998536000001 0.0
22 16 78.544007564 0.0
22 17 75.92717408 0.0
22 18 72.457142342 0.0
22 19 75.92717408 0.0
22 20 73.606367192 0.0
22 21 73.980177008 0.0
22 22 72.161005856 0.0
22 23 73.606367192 0.0
22 24 73.606367192 0.0
22 25 73.980177008 0.0
22 26 72.161005856 0.0
22 27 73.606367192 0.0
22 28 75.92717408 0.0
22 29 72.457142342 0.0
22 30 72.457142342 0.0
22 31 75.92717408 0.0
23 0 66.29364746600001 0.0
23 1 68.362318112 0.0
23 2 68.27997558199999 0.0
23 3 67.27747314199999 0.0
23 4 70.688343506 0.0
23 5 72.238349606 0.0
23 6 72.238349606 0.0
23 7 72.182264396 0.0
23 8 67.42809570200001 0.0
23 9 67.039509272 0.0
23 10 62.659150394 0.0
23 11 60.426398930000005 0.0
23 12 67.439466554 0.0
23 13 67.42809570200001 0.0
23 14 70.39967774 0.0
23 15 68.27997558199999 0.0
23 16 76.917756344 0.0
23 17 74.878474118 0.0
23 18 71.095881344 0.0
23 19 74.878474118 0.0
23 20 72.238349606 0.0
23 21 72.182264396 0.0
23 22 70.688343506 0.0
23 23 72.238349606 0.0
23 24 72.238349606 0.0
23 25 72.182264396 0.0
23 26 70.688343506 0.0
23 27 72.238349606 0.0
23 28 74.878474118 0.0
23 29 71.095881344 0.0
23 30 71.095881344 0.0
23 31 74.878474118 0.0
