time period scenario temperature renewable energy
0 0 69.35850341599999 0.0
0 1 69.35850341599999 0.0
0 2 69.35850341599999 0.0
0 3 69.35850341599999 0.0
0 4 69.35850341599999 0.0
0 5 69.35850341599999 0.0
0 6 69.35850341599999 0.0
0 7 69.35850341599999 0.0
0 8 69.35850341599999 0.0
0 9 69.35850341599999 0.0
0 10 69.35850341599999 0.0
0 11 69.35850341599999 0.0
0 12 69.35850341599999 0.0
0 13 69.35850341599999 0.0
0 14 69.35850341599999 0.0
0 15 69.35850341599999 0.0
0 16 69.35850341599999 0.0
0 17 69.35850341599999 0.0
0 18 69.35850341599999 0.0
0 19 69.35850341599999 0.0
0 20 69.35850341599999 0.0
0 21 69.35850341599999 0.0
0 22 69.35850341599999 0.0
0 23 69.35850341599999 0.0
0 24 69.35850341599999 0.0
0 25 69.35850341599999 0.0
0 26 69.35850341599999 0.0
0 27 69.35850341599999 0.0
0 28 69.35850341599999 0.0
0 29 69.35850341599999 0.0
0 30 69.35850341599999 0.0
0 31 69.35850341599999 0.0
1 0 68.24311646000001 0.0
1 1 68.24311646000001 0.0
1 2 68.24311646000001 0.0
1 3 68.24311646000001 0.0
1 4 68.24311646000001 0.0
1 5 68.24311646000001 0.0
1 6 68.24311646000001 0.0
1 7 68.24311646000001 0.0
1 8 68.24311646000001 0.0
1 9 68.24311646000001 0.0
1 10 68.24311646000001 0.0
1 11 68.24311646000001 0.0
1 12 68.24311646000001 0.0
1 13 68.24311646000001 0.0
1 14 68.24311646000001 0.0
1 15 68.24311646000001 0.0
1 16 68.24311646000001 0.0
1 17 68.24311646000001 0.0
1 18 68.24311646000001 0.0
1 19 68.24311646000001 0.0
1 20 68.24311646000001 0.0
1 21 68.24311646000001 0.0
1 22 68.24311646000001 0.0
1 23 68.24311646000001 0.0
1 24 68.24311646000001 0.0
1 25 68.24311646000001 0.0
1 26 68.24311646000001 0.0
1 27 68.24311646000001 0.0
1 28 68.24311646000001 0.0
1 29 68.24311646000001 0.0
1 30 68.24311646000001 0.0
1 31 68.24311646000001 0.0
2 0 67.154810792 0.0
2 1 67.154810792 0.0
2 2 67.154810792 0.0
2 3 67.154810792 0.0
2 4 67.154810792 0.0
2 5 67.154810792 0.0
2 6 67.154810792 0.0
2 7 67.154810792 0.0
2 8 67.154810792 0.0
2 9 67.154810792 0.0
2 10 67.154810792 0.0
2 11 67.154810792 0.0
2 12 67.154810792 0.0
2 13 67.154810792 0.0
2 14 67.154810792 0.0
2 15 67.154810792 0.0
2 16 67.154810792 0.0
2 17 67.154810792 0.0
2 18 67.154810792 0.0
2 19 67.154810792 0.0
2 20 67.154810792 0.0
2 21 67.154810792 0.0
2 22 67.154810792 0.0
2 23 67.154810792 0.0
2 24 67.154810792 0.0
2 25 67.154810792 0.0
2 26 67.154810792 0.0
2 27 67.154810792 0.0
2 28 67.154810792 0.0
2 29 67.154810792 0.0
2 30 67.154810792 0.0
2 31 67.154810792 0.0
3 0 65.948951408 0.0
3 1 65.948951408 0.0
3 2 65.948951408 0.0
3 3 65.948951408 0.0
3 4 65.948951408 0.0
3 5 65.948951408 0.0
3 6 65.948951408 0.0
3 7 65.948951408 0.0
3 8 65.948951408 0.0
3 9 65.948951408 0.0
3 10 65.948951408 0.0
3 11 65.948951408 0.0
3 12 65.948951408 0.0
3 13 65.948951408 0.0
3 14 65.948951408 0.0
3 15 65.948951408 0.0
3 16 65.948951408 0.0
3 17 65.948951408 0.0
3 18 65.948951408 0.0
3 19 65.948951408 0.0
3 20 65.948951408 0.0
3 21 65.948951408 0.0
3 22 65.948951408 0.0
3 23 65.948951408 0.0
3 24 65.948951408 0.0
3 25 65.948951408 0.0
3 26 65.948951408 0.0
3 27 65.948951408 0.0
3 28 65.948951408 0.0
3 29 65.948951408 0.0
3 30 65.948951408 0.0
3 31 65.948951408 0.0
4 0 65.64787109599999 0.0
4 1 65.64787109599999 0.0
4 2 65.64787109599999 0.0
4 3 65.64787109599999 0.0
4 4 65.64787109599999 0.0
4 5 65.64787109599999 0.0
4 6 65.64787109599999 0.0
4 7 65.64787109599999 0.0
4 8 65.64787109599999 0.0
4 9 65.64787109599999 0.0
4 10 65.64787109599999 0.0
4 11 65.64787109599999 0.0
4 12 65.64787109599999 0.0
4 13 65.64787109599999 0.0
4 14 65.64787109599999 0.0
4 15 65.64787109599999 0.0
4 16 65.01214722200001 0.0
4 17 65.01214722200001 0.0
4 18 65.01214722200001 0.0
4 19 65.01214722200001 0.0
4 20 65.01214722200001 0.0
4 21 65.01214722200001 0.0
4 22 65.01214722200001 0.0
4 23 65.01214722200001 0.0
4 24 65.01214722200001 0.0
4 25 65.01214722200001 0.0
4 26 65.01214722200001 0.0
4 27 65.01214722200001 0.0
4 28 65.01214722200001 0.0
4 29 65.01214722200001 0.0
4 30 65.01214722200001 0.0
4 31 65.01214722200001 0.0
5 0 67.52483033 0.0795
5 1 67.52483033 0.0795
5 2 67.52483033 0.0795
5 3 67.52483033 0.0795
5 4 67.52483033 0.0795
5 5 67.52483033 0.0795
5 6 67.52483033 0.0795
5 7 67.52483033 0.0795
5 8 67.52483033 0.0795
5 9 67.52483033 0.0795
5 10 67.52483033 0.0795
5 11 67.52483033 0.0795
5 12 67.52483033 0.0795
5 13 67.52483033 0.0795
5 14 67.52483033 0.0795
5 15 67.52483033 0.0795
5 16 65.937141122 0.0525
5 17 65.937141122 0.0525
5 18 65.937141122 0.0525
5 19 65.937141122 0.0525
5 20 65.937141122 0.0525
5 21 65.937141122 0.0525
5 22 65.937141122 0.0525
5 23 65.937141122 0.0525
5 24 65.937141122 0.0525
5 25 65.937141122 0.0525
5 26 65.937141122 0.0525
5 27 65.937141122 0.0525
5 28 65.937141122 0.0525
5 29 65.937141122 0.0525
5 30 65.937141122 0.0525
5 31 65.937141122 0.0525
6 0 71.234913326 0.264
6 1 71.234913326 0.264
6 2 71.234913326 0.264
6 3 71.234913326 0.264
6 4 71.234913326 0.264
6 5 71.234913326 0.264
6 6 71.234913326 0.264
6 7 71.234913326 0.264
6 8 71.234913326 0.264
6 9 71.234913326 0.264
6 10 71.234913326 0.264
6 11 71.234913326 0.264
6 12 71.234913326 0.264
6 13 71.234913326 0.264
6 14 71.234913326 0.264
6 15 71.234913326 0.264
6 16 68.101173104 0.222
6 17 68.101173104 0.222
6 18 68.101173104 0.222
6 19 68.101173104 0.222
6 20 68.101173104 0.222
6 21 68.101173104 0.222
6 22 68.101173104 0.222
6 23 68.101173104 0.222
6 24 68.101173104 0.222
6 25 68.101173104 0.222
6 26 68.101173104 0.222
6 27 68.101173104 0.222
6 28 68.101173104 0.222
6 29 68.101173104 0.222
6 30 68.101173104 0.222
6 31 68.101173104 0.222
7 0 76.792622072 0.4905
7 1 76.792622072 0.4905
7 2 76.792622072 0.4905
7 3 76.792622072 0.4905
7 4 76.792622072 0.4905
7 5 76.792622072 0.4905
7 6 76.792622072 0.4905
7 7 76.792622072 0.4905
7 8 76.792622072 0.4905
7 9 76.792622072 0.4905
7 10 76.792622072 0.4905
7 11 76.792622072 0.4905
7 12 76.792622072 0.4905
7 13 76.792622072 0.4905
7 14 76.792622072 0.4905
7 15 76.792622072 0.4905
7 16 70.865827628 0.435
7 17 70.865827628 0.435
7 18 70.865827628 0.435
7 19 70.865827628 0.435
7 20 70.865827628 0.435
7 21 70.865827628 0.435
7 22 70.865827628 0.435
7 23 70.865827628 0.435
7 24 70.865827628 0.435
7 25 70.865827628 0.435
7 26 70.865827628 0.435
7 27 70.865827628 0.435
7 28 70.865827628 0.435
7 29 70.865827628 0.435
7 30 70.865827628 0.435
7 31 70.865827628 0.435
8 0 82.349946284 0.7245
8 1 82.349946284 0.7245
8 2 82.349946284 0.7245
8 3 82.349946284 0.7245
8 4 82.349946284 0.7245
8 5 82.349946284 0.7245
8 6 82.349946284 0.7245
8 7 82.349946284 0.7245
8 8 78.48380249600001 0.0165
8 9 78.48380249600001 0.0165
8 10 78.48380249600001 0.0165
8 11 78.48380249600001 0.0165
8 12 78.48380249600001 0.0165
8 13 78.48380249600001 0.0165
8 14 78.48380249600001 0.0165
8 15 78.48380249600001 0.0165
8 16 73.31012085200001 0.66
8 17 73.31012085200001 0.66
8 18 73.31012085200001 0.66
8 19 73.31012085200001 0.66
8 20 73.31012085200001 0.66
8 21 73.31012085200001 0.66
8 22 73.31012085200001 0.66
8 23 73.31012085200001 0.66
8 24 74.277137444 0.564
8 25 74.277137444 0.564
8 26 74.277137444 0.564
8 27 74.277137444 0.564
8 28 74.277137444 0.564
8 29 74.277137444 0.564
8 30 74.277137444 0.564
8 31 74.277137444 0.564
9 0 85.987684328 0.855
9 1 85.987684328 0.855
9 2 85.987684328 0.855
9 3 85.987684328 0.855
9 4 85.987684328 0.855
9 5 85.987684328 0.855
9 6 85.987684328 0.855
9 7 85.987684328 0.855
9 8 79.25894286799999 0.43199999999999994
9 9 79.25894286799999 0.43199999999999994
9 10 79.25894286799999 0.43199999999999994
9 11 79.25894286799999 0.43199999999999994
9 12 79.25894286799999 0.43199999999999994
9 13 79.25894286799999 0.43199999999999994
9 14 79.25894286799999 0.43199999999999994
9 15 79.25894286799999 0.43199999999999994
9 16 74.937141122 0.87
9 17 74.937141122 0.87
9 18 74.937141122 0.87
9 19 74.937141122 0.87
9 20 74.937141122 0.87
9 21 74.937141122 0.87
9 22 74.937141122 0.87
9 23 74.937141122 0.87
9 24 76.585419914 0.726
9 25 76.585419914 0.726
9 26 76.585419914 0.726
9 27 76.585419914 0.726
9 28 76.585419914 0.726
9 29 76.585419914 0.726
9 30 76.585419914 0.726
9 31 76.585419914 0.726
10 0 88.527943112 1.002
10 1 88.527943112 1.002
10 2 88.527943112 1.002
10 3 88.527943112 1.002
10 4 88.527943112 1.002
10 5 88.527943112 1.002
10 6 88.527943112 1.002
10 7 88.527943112 1.002
10 8 76.74439209799999 0.2835
10 9 76.74439209799999 0.2835
10 10 76.74439209799999 0.2835
10 11 76.74439209799999 0.2835
10 12 76.74439209799999 0.2835
10 13 76.74439209799999 0.2835
10 14 76.74439209799999 0.2835
10 15 76.74439209799999 0.2835
10 16 75.64740722600001 0.8835
10 17 75.64740722600001 0.8835
10 18 75.64740722600001 0.8835
10 19 75.64740722600001 0.8835
10 20 75.64740722600001 0.8835
10 21 75.64740722600001 0.8835
10 22 75.64740722600001 0.8835
10 23 75.64740722600001 0.8835
10 24 78.01919067200001 1.0139999999999998
10 25 78.01919067200001 1.0139999999999998
10 26 78.01919067200001 1.0139999999999998
10 27 78.01919067200001 1.0139999999999998
10 28 78.01919067200001 1.0139999999999998
10 29 78.01919067200001 1.0139999999999998
10 30 78.01919067200001 1.0139999999999998
10 31 78.01919067200001 1.0139999999999998
11 0 90.40578125 1.122
11 1 90.40578125 1.122
11 2 90.40578125 1.122
11 3 90.40578125 1.122
11 4 90.40578125 1.122
11 5 90.40578125 1.122
11 6 90.40578125 1.122
11 7 90.40578125 1.122
11 8 72.64907348 0.525
11 9 72.64907348 0.525
11 10 72.64907348 0.525
11 11 72.64907348 0.525
11 12 72.64907348 0.525
11 13 72.64907348 0.525
11 14 72.64907348 0.525
11 15 72.64907348 0.525
11 16 75.89608276999999 0.7964999999999999
11 17 75.89608276999999 0.7964999999999999
11 18 75.89608276999999 0.7964999999999999
11 19 75.89608276999999 0.7964999999999999
11 20 75.89608276999999 0.7964999999999999
11 21 75.89608276999999 0.7964999999999999
11 22 75.89608276999999 0.7964999999999999
11 23 75.89608276999999 0.7964999999999999
11 24 79.073933108 0.9389999999999998
11 25 79.073933108 0.9389999999999998
11 26 79.073933108 0.9389999999999998
11 27 79.073933108 0.9389999999999998
11 28 79.073933108 0.9389999999999998
11 29 79.073933108 0.9389999999999998
11 30 79.073933108 0.9389999999999998
11 31 79.073933108 0.9389999999999998
12 0 91.75836304399999 1.206
12 1 91.75836304399999 1.206
12 2 91.75836304399999 1.206
12 3 91.75836304399999 1.206
12 4 90.40078247 1.269
12 5 90.40078247 1.269
12 6 90.40078247 1.269
12 7 90.40078247 1.269
12 8 69.731818844 0.6645
12 9 69.731818844 0.6645
12 10 69.731818844 0.6645
12 11 69.731818844 0.6645
12 12 72.67884643400001 1.002
12 13 72.67884643400001 1.002
12 14 72.67884643400001 1.002
12 15 72.67884643400001 1.002
12 16 76.042640372 1.242
12 17 76.042640372 1.242
12 18 76.042640372 1.242
12 19 76.042640372 1.242
12 20 75.335175788 0.5655
12 21 75.335175788 0.5655
12 22 75.335175788 0.5655
12 23 75.335175788 0.5655
12 24 79.92350585599999 1.191
12 25 79.92350585599999 1.191
12 26 79.92350585599999 1.191
12 27 79.92350585599999 1.191
12 28 80.06803100600001 1.314
12 29 80.06803100600001 1.314
12 30 80.06803100600001 1.314
12 31 80.06803100600001 1.314
13 0 92.632545158 1.1535
13 1 92.632545158 1.1535
13 2 92.632545158 1.1535
13 3 92.632545158 1.1535
13 4 89.805103754 1.2705
13 5 89.805103754 1.2705
13 6 89.805103754 1.2705
13 7 89.805103754 1.2705
13 8 68.417359628 1.0995
13 9 68.417359628 1.0995
13 10 68.417359628 1.0995
13 11 68.417359628 1.0995
13 12 72.837434084 0.8264999999999999
13 13 72.837434084 0.8264999999999999
13 14 72.837434084 0.8264999999999999
13 15 72.837434084 0.8264999999999999
13 16 76.083564452 0.078
13 17 76.083564452 0.078
13 18 76.083564452 0.078
13 19 76.083564452 0.078
13 20 74.787617192 1.272
13 21 74.787617192 1.272
13 22 74.787617192 1.272
13 23 74.787617192 1.272
13 24 80.713093262 0.645
13 25 80.713093262 0.645
13 26 80.713093262 0.645
13 27 80.713093262 0.645
13 28 80.27951783 0.8955
13 29 80.27951783 0.8955
13 30 80.27951783 0.8955
13 31 80.27951783 0.8955
14 0 92.752076408 1.1085
14 1 92.752076408 1.1085
14 2 92.752076408 1.1085
14 3 92.752076408 1.1085
14 4 89.04781616 1.203
14 5 89.04781616 1.203
14 6 89.04781616 1.203
14 7 89.04781616 1.203
14 8 68.749805912 0.192
14 9 68.749805912 0.192
14 10 68.749805912 0.192
14 11 68.749805912 0.192
14 12 72.67884643400001 0.1545
14 13 72.67884643400001 0.1545
14 14 72.67884643400001 0.1545
14 15 72.67884643400001 0.1545
14 16 75.81813475999999 0.501
14 17 75.81813475999999 0.501
14 18 75.81813475999999 0.501
14 19 75.81813475999999 0.501
14 20 73.646687012 1.2
14 21 73.646687012 1.2
14 22 73.646687012 1.2
14 23 73.646687012 1.2
14 24 81.374635004 1.1955
14 25 81.374635004 1.1955
14 26 81.374635004 1.1955
14 27 81.374635004 1.1955
14 28 79.03147094600001 1.0905
14 29 79.03147094600001 1.0905
14 30 79.03147094600001 1.0905
14 31 79.03147094600001 1.0905
15 0 91.932276614 0.9255
15 1 91.932276614 0.9255
15 2 91.932276614 0.9255
15 3 91.932276614 0.9255
15 4 87.81701783 0.9764999999999999
15 5 87.81701783 0.9764999999999999
15 6 87.81701783 0.9764999999999999
15 7 87.81701783 0.9764999999999999
15 8 70.40039185399999 1.0905
15 9 70.40039185399999 1.0905
15 10 70.40039185399999 1.0905
15 11 70.40039185399999 1.0905
15 12 71.74770018800001 0.4605
15 13 71.74770018800001 0.4605
15 14 71.74770018800001 0.4605
15 15 71.74770018800001 0.4605
15 16 75.342921134 0.7889999999999999
15 17 75.342921134 0.7889999999999999
15 18 75.342921134 0.7889999999999999
15 19 75.342921134 0.7889999999999999
15 20 72.363868412 0.9285
15 21 72.363868412 0.9285
15 22 72.363868412 0.9285
15 23 72.363868412 0.9285
15 24 81.484663082 1.0695
15 25 81.484663082 1.0695
15 26 81.484663082 1.0695
15 27 81.484663082 1.0695
15 28 76.462482902 0.7514999999999998
15 29 76.462482902 0.7514999999999998
15 30 76.462482902 0.7514999999999998
15 31 76.462482902 0.7514999999999998
16 0 90.474940184 0.8385
16 1 90.474940184 0.8385
16 2 91.181745608 0.9045
16 3 91.181745608 0.9045
16 4 86.11633423399999 0.6914999999999999
16 5 86.11633423399999 0.6914999999999999
16 6 85.67968262 0.9405
16 7 85.67968262 0.9405
16 8 71.35603759400001 0.921
16 9 71.35603759400001 0.921
16 10 70.162592774 0.5295
16 11 70.162592774 0.5295
16 12 70.162592774 0.5295
16 13 70.162592774 0.5295
16 14 71.123017586 0.7395
16 15 71.123017586 0.7395
16 16 74.62359131 0.8745
16 17 74.62359131 0.8745
16 18 74.797559816 0.4005
16 19 74.797559816 0.4005
16 20 71.123017586 0.7395
16 21 71.123017586 0.7395
16 22 72.26944091600001 0.861
16 23 72.26944091600001 0.861
16 24 80.806037594 0.891
16 25 80.806037594 0.891
16 26 81.228461918 0.888
16 27 81.228461918 0.888
16 28 73.444044182 0.801
16 29 73.444044182 0.801
16 30 75.88108643000001 0.8985
16 31 75.88108643000001 0.8985
17 0 88.51695679400001 0.711
17 1 88.51695679400001 0.711
17 2 88.94932372400001 0.6914999999999999
17 3 88.94932372400001 0.6914999999999999
17 4 84.19900024399999 0.6614999999999999
17 5 84.19900024399999 0.6614999999999999
17 6 83.968397222 0.7214999999999999
17 7 83.968397222 0.7214999999999999
17 8 70.94421509 0.711
17 9 70.94421509 0.711
17 10 68.17110107 0.504
17 11 68.17110107 0.504
17 12 68.17110107 0.504
17 13 68.17110107 0.504
17 14 69.63656738 0.672
17 15 69.63656738 0.672
17 16 73.5768689 0.5865
17 17 73.5768689 0.5865
17 18 74.318500976 0.37949999999999995
17 19 74.318500976 0.37949999999999995
17 20 69.63656738 0.672
17 21 69.63656738 0.672
17 22 71.07182128400001 0.639
17 23 71.07182128400001 0.639
17 24 79.495093994 0.672
17 25 79.495093994 0.672
17 26 79.231586918 0.6675
17 27 79.231586918 0.6675
17 28 70.49564331799999 0.336
17 29 70.49564331799999 0.336
17 30 74.194355462 0.5535
17 31 74.194355462 0.5535
18 0 85.91451537200001 0.4365
18 1 85.91451537200001 0.4365
18 2 85.956428228 0.46199999999999997
18 3 85.956428228 0.46199999999999997
18 4 81.98811158000001 0.2805
18 5 81.98811158000001 0.2805
18 6 81.716639396 0.486
18 7 81.716639396 0.486
18 8 69.523627928 0.48
18 9 69.523627928 0.48
18 10 65.989930424 0.48
18 11 65.989930424 0.48
18 12 65.989930424 0.48
18 13 65.989930424 0.48
18 14 67.69061402 0.441
18 15 67.69061402 0.441
18 16 72.34156616 0.408
18 17 72.34156616 0.408
18 18 72.874512932 0.0345
18 19 72.874512932 0.0345
18 20 67.69061402 0.441
18 21 67.69061402 0.441
18 22 68.913172616 0.4035
18 23 68.913172616 0.4035
18 24 77.552326652 0.4425
18 25 77.552326652 0.4425
18 26 76.48280762 0.4305
18 27 76.48280762 0.4305
18 28 67.896772466 0.38699999999999996
18 29 67.896772466 0.38699999999999996
18 30 71.85959594600001 0.444
18 31 71.85959594600001 0.444
19 0 82.172846678 0.252
19 1 82.172846678 0.252
19 2 81.563874512 0.2415
19 3 81.563874512 0.2415
19 4 79.45889405 0.0285
19 5 79.45889405 0.0285
19 6 78.14075439199999 0.2595
19 7 78.14075439199999 0.2595
19 8 67.320374756 0.2565
19 9 67.320374756 0.2565
19 10 63.441376952 0.213
19 11 63.441376952 0.213
19 12 63.441376952 0.213
19 13 63.441376952 0.213
19 14 65.111848142 0.219
19 15 65.111848142 0.219
19 16 70.885438232 0.21
19 17 70.885438232 0.21
19 18 69.83080566800001 0.192
19 19 69.83080566800001 0.192
19 20 65.111848142 0.219
19 21 65.111848142 0.219
19 22 65.84820679399999 0.18
19 23 65.84820679399999 0.18
19 24 75.033491216 0.17849999999999996
19 25 75.033491216 0.17849999999999996
19 26 73.189875488 0.2055
19 27 73.189875488 0.2055
19 28 65.109046622 0.2205
19 29 65.109046622 0.2205
19 30 68.713825676 0.219
19 31 68.713825676 0.219
20 0 78.70435302199999 0.072
20 1 76.99696777400001 0.0645
20 2 76.99696777400001 0.0645
20 3 78.70435302199999 0.072
20 4 77.01207396800001 0.006
20 5 77.64065673799999 0.0225
20 6 74.8175 0.075
20 7 77.01207396800001 0.006
20 8 65.756745608 0.072
20 9 65.188148198 0.0435
20 10 60.646564940000005 0.06
20 11 61.28025634400001 0.0195
20 12 60.646564940000005 0.06
20 13 61.28025634400001 0.0195
20 14 62.506440428000005 0.045
20 15 62.08484009 0.0705
20 16 69.563398442 0.051
20 17 67.732307132 0.069
20 18 67.273353266 0.033
20 19 68.531013176 0.013499999999999998
20 20 62.506440428000005 0.045
20 21 62.08484009 0.0705
20 22 63.201820064 0.0195
20 23 62.506440428000005 0.045
20 24 72.733063964 0.0525
20 25 73.002943112 0.003
20 26 71.021778566 0.0345
20 27 70.22807128400001 0.0525
20 28 62.08484009 0.0705
20 29 62.506440428000005 0.045
20 30 66.505024418 0.0435
20 31 65.693244632 0.0735
21 0 76.970545646 0.0
21 1 74.14343384 0.0
21 2 74.14343384 0.0
21 3 76.970545646 0.0
21 4 75.119953622 0.0
21 5 75.84329345 0.0
21 6 73.350660398 0.0
21 7 75.119953622 0.0
21 8 64.954084478 0.0
21 9 64.177076408 0.0
21 10 58.551856682 0.0
21 11 60.356361092 0.0
21 12 58.551856682 0.0
21 13 60.356361092 0.0
21 14 60.689741216 0.0
21 15 59.81264771 0.0
21 16 68.67103393400001 0.0
21 17 66.2753003 0.0
21 18 65.881495364 0.0
21 19 65.702088626 0.0
21 20 60.689741216 0.0
21 21 59.81264771 0.0
21 22 61.492292474 0.0
21 23 60.689741216 0.0
21 24 70.97843750000001 0.0
21 25 71.224256588 0.0
21 26 70.106068112 0.0
21 27 69.103620608 0.0
21 28 59.81264771 0.0
21 29 60.689741216 0.0
21 30 65.608485116 0.0
21 31 63.750037838 0.0
22 0 75.92717408 0.0
22 1 72.457142342 0.0
22 2 72.457142342 0.0
22 3 75.92717408 0.0
22 4 73.606367192 0.0
22 5 73.980177008 0.0
22 6 72.161005856 0.0
22 7 73.606367192 0.0
22 8 64.00426146800001 0.0
22 9 63.50405396000001 0.0
22 10 57.261622316 0.0
22 11 59.593250732 0.0
22 12 57.261622316 0.0
22 13 59.593250732 0.0
22 14 59.427906494 0.0
22 15 58.241273198 0.0
22 16 67.89655274 0.0
22 17 65.269117436 0.0
22 18 64.720515128 0.0
22 19 62.823341066 0.0
22 20 59.427906494 0.0
22 21 58.241273198 0.0
22 22 60.047645270000004 0.0
22 23 59.427906494 0.0
22 24 69.537745364 0.0
22 25 69.21342896 0.0
22 26 68.955744632 0.0
22 27 68.189503172 0.0
22 28 58.241273198 0.0
22 29 59.427906494 0.0
22 30 64.31418579199999 0.0
22 31 61.91977051400001 0.0
23 0 74.878474118 0.0
23 1 71.095881344 0.0
23 2 71.095881344 0.0
23 3 74.878474118 0.0
23 4 72.238349606 0.0
23 5 72.182264396 0.0
23 6 70.688343506 0.0
23 7 72.238349606 0.0
23 8 63.104591066 0.0
23 9 62.837293694 0.0
23 10 56.22313964 0.0
23 11 59.023664546 0.0
23 12 56.22313964 0.0
23 13 59.023664546 0.0
23 14 58.363056644 0.0
23 15 56.695661618 0.0
23 16 67.039509272 0.0
23 17 64.24376342 0.0
23 18 63.665662838 0.0
23 19 61.0565747 0.0
23 20 58.363056644 0.0
23 21 56.695661618 0.0
23 22 58.677430424 0.0
23 23 58.363056644 0.0
23 24 68.362318112 0.0
23 25 67.00874756 0.0
23 26 67.439466554 0.0
23 27 67.42809570200001 0.0
23 28 56.695661618 0.0
23 29 58.363056644 0.0
23 30 62.659150394 0.0
23 31 60.426398930000005 0.0
