time period scenario temperature renewable energy
0 0 69.291926276 0.0
0 1 69.291926276 0.0
0 2 69.291926276 0.0
0 3 69.291926276 0.0
0 4 69.291926276 0.0
0 5 69.291926276 0.0
0 6 69.291926276 0.0
0 7 69.291926276 0.0
0 8 69.291926276 0.0
0 9 69.291926276 0.0
0 10 69.291926276 0.0
0 11 69.291926276 0.0
0 12 69.291926276 0.0
0 13 69.291926276 0.0
0 14 69.291926276 0.0
0 15 69.291926276 0.0
0 16 69.291926276 0.0
0 17 69.291926276 0.0
0 18 69.291926276 0.0
0 19 69.291926276 0.0
0 20 69.291926276 0.0
0 21 69.291926276 0.0
0 22 69.291926276 0.0
0 23 69.291926276 0.0
0 24 69.291926276 0.0
0 25 69.291926276 0.0
0 26 69.291926276 0.0
0 27 69.291926276 0.0
0 28 69.291926276 0.0
0 29 69.291926276 0.0
0 30 69.291926276 0.0
0 31 69.291926276 0.0
1 0 68.17906615999999 0.0
1 1 68.17906615999999 0.0
1 2 68.17906615999999 0.0
1 3 68.17906615999999 0.0
1 4 68.17906615999999 0.0
1 5 68.17906615999999 0.0
1 6 68.17906615999999 0.0
1 7 68.17906615999999 0.0
1 8 68.17906615999999 0.0
1 9 68.17906615999999 0.0
1 10 68.17906615999999 0.0
1 11 68.17906615999999 0.0
1 12 68.17906615999999 0.0
1 13 68.17906615999999 0.0
1 14 68.17906615999999 0.0
1 15 68.17906615999999 0.0
1 16 68.17906615999999 0.0
1 17 68.17906615999999 0.0
1 18 68.17906615999999 0.0
1 19 68.17906615999999 0.0
1 20 68.17906615999999 0.0
1 21 68.17906615999999 0.0
1 22 68.17906615999999 0.0
1 23 68.17906615999999 0.0
1 24 68.17906615999999 0.0
1 25 68.17906615999999 0.0
1 26 68.17906615999999 0.0
1 27 68.17906615999999 0.0
1 28 68.17906615999999 0.0
1 29 68.17906615999999 0.0
1 30 68.17906615999999 0.0
1 31 68.17906615999999 0.0
2 0 66.667951652 0.0
2 1 66.667951652 0.0
2 2 66.667951652 0.0
2 3 66.667951652 0.0
2 4 66.667951652 0.0
2 5 66.667951652 0.0
2 6 66.667951652 0.0
2 7 66.667951652 0.0
2 8 66.667951652 0.0
2 9 66.667951652 0.0
2 10 66.667951652 0.0
2 11 66.667951652 0.0
2 12 66.667951652 0.0
2 13 66.667951652 0.0
2 14 66.667951652 0.0
2 15 66.667951652 0.0
2 16 66.667951652 0.0
2 17 66.667951652 0.0
2 18 66.667951652 0.0
2 19 66.667951652 0.0
2 20 66.667951652 0.0
2 21 66.667951652 0.0
2 22 66.667951652 0.0
2 23 66.667951652 0.0
2 24 66.667951652 0.0
2 25 66.667951652 0.0
2 26 66.667951652 0.0
2 27 66.667951652 0.0
2 28 66.667951652 0.0
2 29 66.667951652 0.0
2 30 66.667951652 0.0
2 31 66.667951652 0.0
3 0 64.724964602 0.0
3 1 64.724964602 0.0
3 2 64.724964602 0.0
3 3 64.724964602 0.0
3 4 64.724964602 0.0
3 5 64.724964602 0.0
3 6 64.724964602 0.0
3 7 64.724964602 0.0
3 8 64.724964602 0.0
3 9 64.724964602 0.0
3 10 64.724964602 0.0
3 11 64.724964602 0.0
3 12 64.724964602 0.0
3 13 64.724964602 0.0
3 14 64.724964602 0.0
3 15 64.724964602 0.0
3 16 64.724964602 0.0
3 17 64.724964602 0.0
3 18 64.724964602 0.0
3 19 64.724964602 0.0
3 20 64.724964602 0.0
3 21 64.724964602 0.0
3 22 64.724964602 0.0
3 23 64.724964602 0.0
3 24 64.724964602 0.0
3 25 64.724964602 0.0
3 26 64.724964602 0.0
3 27 64.724964602 0.0
3 28 64.724964602 0.0
3 29 64.724964602 0.0
3 30 64.724964602 0.0
3 31 64.724964602 0.0
4 0 63.291688232 0.0
4 1 63.291688232 0.0
4 2 63.291688232 0.0
4 3 63.291688232 0.0
4 4 63.291688232 0.0
4 5 63.291688232 0.0
4 6 63.291688232 0.0
4 7 63.291688232 0.0
4 8 63.291688232 0.0
4 9 63.291688232 0.0
4 10 63.291688232 0.0
4 11 63.291688232 0.0
4 12 63.291688232 0.0
4 13 63.291688232 0.0
4 14 63.291688232 0.0
4 15 63.291688232 0.0
4 16 65.01214722200001 0.0
4 17 65.01214722200001 0.0
4 18 65.01214722200001 0.0
4 19 65.01214722200001 0.0
4 20 65.01214722200001 0.0
4 21 65.01214722200001 0.0
4 22 65.01214722200001 0.0
4 23 65.01214722200001 0.0
4 24 65.01214722200001 0.0
4 25 65.01214722200001 0.0
4 26 65.01214722200001 0.0
4 27 65.01214722200001 0.0
4 28 65.01214722200001 0.0
4 29 65.01214722200001 0.0
4 30 65.01214722200001 0.0
4 31 65.01214722200001 0.0
5 0 63.140351558 0.026999999999999996
5 1 63.140351558 0.026999999999999996
5 2 63.140351558 0.026999999999999996
5 3 63.140351558 0.026999999999999996
5 4 63.140351558 0.026999999999999996
5 5 63.140351558 0.026999999999999996
5 6 63.140351558 0.026999999999999996
5 7 63.140351558 0.026999999999999996
5 8 63.140351558 0.026999999999999996
5 9 63.140351558 0.026999999999999996
5 10 63.140351558 0.026999999999999996
5 11 63.140351558 0.026999999999999996
5 12 63.140351558 0.026999999999999996
5 13 63.140351558 0.026999999999999996
5 14 63.140351558 0.026999999999999996
5 15 63.140351558 0.026999999999999996
5 16 65.937141122 0.0525
5 17 65.937141122 0.0525
5 18 65.937141122 0.0525
5 19 65.937141122 0.0525
5 20 65.937141122 0.0525
5 21 65.937141122 0.0525
5 22 65.937141122 0.0525
5 23 65.937141122 0.0525
5 24 65.937141122 0.0525
5 25 65.937141122 0.0525
5 26 65.937141122 0.0525
5 27 65.937141122 0.0525
5 28 65.937141122 0.0525
5 29 65.937141122 0.0525
5 30 65.937141122 0.0525
5 31 65.937141122 0.0525
6 0 64.165650638 0.1665
6 1 64.165650638 0.1665
6 2 64.165650638 0.1665
6 3 64.165650638 0.1665
6 4 64.165650638 0.1665
6 5 64.165650638 0.1665
6 6 64.165650638 0.1665
6 7 64.165650638 0.1665
6 8 64.165650638 0.1665
6 9 64.165650638 0.1665
6 10 64.165650638 0.1665
6 11 64.165650638 0.1665
6 12 64.165650638 0.1665
6 13 64.165650638 0.1665
6 14 64.165650638 0.1665
6 15 64.165650638 0.1665
6 16 68.101173104 0.222
6 17 68.101173104 0.222
6 18 68.101173104 0.222
6 19 68.101173104 0.222
6 20 68.101173104 0.222
6 21 68.101173104 0.222
6 22 68.101173104 0.222
6 23 68.101173104 0.222
6 24 68.101173104 0.222
6 25 68.101173104 0.222
6 26 68.101173104 0.222
6 27 68.101173104 0.222
6 28 68.101173104 0.222
6 29 68.101173104 0.222
6 30 68.101173104 0.222
6 31 68.101173104 0.222
7 0 66.437403566 0.37949999999999995
7 1 66.437403566 0.37949999999999995
7 2 66.437403566 0.37949999999999995
7 3 66.437403566 0.37949999999999995
7 4 66.437403566 0.37949999999999995
7 5 66.437403566 0.37949999999999995
7 6 66.437403566 0.37949999999999995
7 7 66.437403566 0.37949999999999995
7 8 66.437403566 0.37949999999999995
7 9 66.437403566 0.37949999999999995
7 10 66.437403566 0.37949999999999995
7 11 66.437403566 0.37949999999999995
7 12 66.437403566 0.37949999999999995
7 13 66.437403566 0.37949999999999995
7 14 66.437403566 0.37949999999999995
7 15 66.437403566 0.37949999999999995
7 16 70.865827628 0.435
7 17 70.865827628 0.435
7 18 70.865827628 0.435
7 19 70.865827628 0.435
7 20 70.865827628 0.435
7 21 70.865827628 0.435
7 22 70.865827628 0.435
7 23 70.865827628 0.435
7 24 70.865827628 0.435
7 25 70.865827628 0.435
7 26 70.865827628 0.435
7 27 70.865827628 0.435
7 28 70.865827628 0.435
7 29 70.865827628 0.435
7 30 70.865827628 0.435
7 31 70.865827628 0.435
8 0 69.431782226 0.4815
8 1 69.431782226 0.4815
8 2 69.431782226 0.4815
8 3 69.431782226 0.4815
8 4 69.431782226 0.4815
8 5 69.431782226 0.4815
8 6 69.431782226 0.4815
8 7 69.431782226 0.4815
8 8 71.27710082600001 0.6405
8 9 71.27710082600001 0.6405
8 10 71.27710082600001 0.6405
8 11 71.27710082600001 0.6405
8 12 71.27710082600001 0.6405
8 13 71.27710082600001 0.6405
8 14 71.27710082600001 0.6405
8 15 71.27710082600001 0.6405
8 16 73.31012085200001 0.66
8 17 73.31012085200001 0.66
8 18 73.31012085200001 0.66
8 19 73.31012085200001 0.66
8 20 73.31012085200001 0.66
8 21 73.31012085200001 0.66
8 22 73.31012085200001 0.66
8 23 73.31012085200001 0.66
8 24 74.277137444 0.564
8 25 74.277137444 0.564
8 26 74.277137444 0.564
8 27 74.277137444 0.564
8 28 74.277137444 0.564
8 29 74.277137444 0.564
8 30 74.277137444 0.564
8 31 74.277137444 0.564
9 0 71.837073968 0.7064999999999999
9 1 71.837073968 0.7064999999999999
9 2 71.837073968 0.7064999999999999
9 3 71.837073968 0.7064999999999999
9 4 71.837073968 0.7064999999999999
9 5 71.837073968 0.7064999999999999
9 6 71.837073968 0.7064999999999999
9 7 71.837073968 0.7064999999999999
9 8 74.994984122 0.9345
9 9 74.994984122 0.9345
9 10 74.994984122 0.9345
9 11 74.994984122 0.9345
9 12 74.994984122 0.9345
9 13 74.994984122 0.9345
9 14 74.994984122 0.9345
9 15 74.994984122 0.9345
9 16 74.937141122 0.87
9 17 74.937141122 0.87
9 18 74.937141122 0.87
9 19 74.937141122 0.87
9 20 74.937141122 0.87
9 21 74.937141122 0.87
9 22 74.937141122 0.87
9 23 74.937141122 0.87
9 24 76.585419914 0.726
9 25 76.585419914 0.726
9 26 76.585419914 0.726
9 27 76.585419914 0.726
9 28 76.585419914 0.726
9 29 76.585419914 0.726
9 30 76.585419914 0.726
9 31 76.585419914 0.726
10 0 73.129615484 0.9839999999999999
10 1 73.129615484 0.9839999999999999
10 2 73.129615484 0.9839999999999999
10 3 73.129615484 0.9839999999999999
10 4 73.129615484 0.9839999999999999
10 5 73.129615484 0.9839999999999999
10 6 73.129615484 0.9839999999999999
10 7 73.129615484 0.9839999999999999
10 8 77.71322143399999 1.1145
10 9 77.71322143399999 1.1145
10 10 77.71322143399999 1.1145
10 11 77.71322143399999 1.1145
10 12 77.71322143399999 1.1145
10 13 77.71322143399999 1.1145
10 14 77.71322143399999 1.1145
10 15 77.71322143399999 1.1145
10 16 75.64740722600001 0.8835
10 17 75.64740722600001 0.8835
10 18 75.64740722600001 0.8835
10 19 75.64740722600001 0.8835
10 20 75.64740722600001 0.8835
10 21 75.64740722600001 0.8835
10 22 75.64740722600001 0.8835
10 23 75.64740722600001 0.8835
10 24 78.01919067200001 1.0139999999999998
10 25 78.01919067200001 1.0139999999999998
10 26 78.01919067200001 1.0139999999999998
10 27 78.01919067200001 1.0139999999999998
10 28 78.01919067200001 1.0139999999999998
10 29 78.01919067200001 1.0139999999999998
10 30 78.01919067200001 1.0139999999999998
10 31 78.01919067200001 1.0139999999999998
11 0 74.059718018 0.993
11 1 74.059718018 0.993
11 2 74.059718018 0.993
11 3 74.059718018 0.993
11 4 74.059718018 0.993
11 5 74.059718018 0.993
11 6 74.059718018 0.993
11 7 74.059718018 0.993
11 8 79.265699456 1.245
11 9 79.265699456 1.245
11 10 79.265699456 1.245
11 11 79.265699456 1.245
11 12 79.265699456 1.245
11 13 79.265699456 1.245
11 14 79.265699456 1.245
11 15 79.265699456 1.245
11 16 75.89608276999999 0.7964999999999999
11 17 75.89608276999999 0.7964999999999999
11 18 75.89608276999999 0.7964999999999999
11 19 75.89608276999999 0.7964999999999999
11 20 75.89608276999999 0.7964999999999999
11 21 75.89608276999999 0.7964999999999999
11 22 75.89608276999999 0.7964999999999999
11 23 75.89608276999999 0.7964999999999999
11 24 79.073933108 0.9389999999999998
11 25 79.073933108 0.9389999999999998
11 26 79.073933108 0.9389999999999998
11 27 79.073933108 0.9389999999999998
11 28 79.073933108 0.9389999999999998
11 29 79.073933108 0.9389999999999998
11 30 79.073933108 0.9389999999999998
11 31 79.073933108 0.9389999999999998
12 0 75.093311768 0.963
12 1 75.093311768 0.963
12 2 75.093311768 0.963
12 3 75.093311768 0.963
12 4 76.18875854 1.341
12 5 76.18875854 1.341
12 6 76.18875854 1.341
12 7 76.18875854 1.341
12 8 80.06803100600001 1.314
12 9 80.06803100600001 1.314
12 10 80.06803100600001 1.314
12 11 80.06803100600001 1.314
12 12 79.92350585599999 1.191
12 13 79.92350585599999 1.191
12 14 79.92350585599999 1.191
12 15 79.92350585599999 1.191
12 16 76.042640372 1.242
12 17 76.042640372 1.242
12 18 76.042640372 1.242
12 19 76.042640372 1.242
12 20 75.335175788 0.5655
12 21 75.335175788 0.5655
12 22 75.335175788 0.5655
12 23 75.335175788 0.5655
12 24 79.92350585599999 1.191
12 25 79.92350585599999 1.191
12 26 79.92350585599999 1.191
12 27 79.92350585599999 1.191
12 28 80.06803100600001 1.314
12 29 80.06803100600001 1.314
12 30 80.06803100600001 1.314
12 31 80.06803100600001 1.314
13 0 75.747108146 1.1115
13 1 75.747108146 1.1115
13 2 75.747108146 1.1115
13 3 75.747108146 1.1115
13 4 77.44070557399999 1.341
13 5 77.44070557399999 1.341
13 6 77.44070557399999 1.341
13 7 77.44070557399999 1.341
13 8 80.27951783 0.8955
13 9 80.27951783 0.8955
13 10 80.27951783 0.8955
13 11 80.27951783 0.8955
13 12 80.713093262 0.645
13 13 80.713093262 0.645
13 14 80.713093262 0.645
13 15 80.713093262 0.645
13 16 76.083564452 0.078
13 17 76.083564452 0.078
13 18 76.083564452 0.078
13 19 76.083564452 0.078
13 20 74.787617192 1.272
13 21 74.787617192 1.272
13 22 74.787617192 1.272
13 23 74.787617192 1.272
13 24 80.713093262 0.645
13 25 80.713093262 0.645
13 26 80.713093262 0.645
13 27 80.713093262 0.645
13 28 80.27951783 0.8955
13 29 80.27951783 0.8955
13 30 80.27951783 0.8955
13 31 80.27951783 0.8955
14 0 75.78638427199999 0.87
14 1 75.78638427199999 0.87
14 2 75.78638427199999 0.87
14 3 75.78638427199999 0.87
14 4 77.87922485 1.272
14 5 77.87922485 1.272
14 6 77.87922485 1.272
14 7 77.87922485 1.272
14 8 79.03147094600001 1.0905
14 9 79.03147094600001 1.0905
14 10 79.03147094600001 1.0905
14 11 79.03147094600001 1.0905
14 12 81.374635004 1.1955
14 13 81.374635004 1.1955
14 14 81.374635004 1.1955
14 15 81.374635004 1.1955
14 16 75.81813475999999 0.501
14 17 75.81813475999999 0.501
14 18 75.81813475999999 0.501
14 19 75.81813475999999 0.501
14 20 73.646687012 1.2
14 21 73.646687012 1.2
14 22 73.646687012 1.2
14 23 73.646687012 1.2
14 24 81.374635004 1.1955
14 25 81.374635004 1.1955
14 26 81.374635004 1.1955
14 27 81.374635004 1.1955
14 28 79.03147094600001 1.0905
14 29 79.03147094600001 1.0905
14 30 79.03147094600001 1.0905
14 31 79.03147094600001 1.0905
15 0 75.38208740600001 0.501
15 1 75.38208740600001 0.501
15 2 75.38208740600001 0.501
15 3 75.38208740600001 0.501
15 4 77.442792962 1.14
15 5 77.442792962 1.14
15 6 77.442792962 1.14
15 7 77.442792962 1.14
15 8 76.462482902 0.7514999999999998
15 9 76.462482902 0.7514999999999998
15 10 76.462482902 0.7514999999999998
15 11 76.462482902 0.7514999999999998
15 12 81.484663082 1.0695
15 13 81.484663082 1.0695
15 14 81.484663082 1.0695
15 15 81.484663082 1.0695
15 16 75.342921134 0.7889999999999999
15 17 75.342921134 0.7889999999999999
15 18 75.342921134 0.7889999999999999
15 19 75.342921134 0.7889999999999999
15 20 72.363868412 0.9285
15 21 72.363868412 0.9285
15 22 72.363868412 0.9285
15 23 72.363868412 0.9285
15 24 81.484663082 1.0695
15 25 81.484663082 1.0695
15 26 81.484663082 1.0695
15 27 81.484663082 1.0695
15 28 76.462482902 0.7514999999999998
15 29 76.462482902 0.7514999999999998
15 30 76.462482902 0.7514999999999998
15 31 76.462482902 0.7514999999999998
16 0 74.797559816 0.4005
16 1 74.797559816 0.4005
16 2 74.62359131 0.8745
16 3 74.62359131 0.8745
16 4 76.261488044 0.9539999999999998
16 5 76.261488044 0.9539999999999998
16 6 75.824451896 0.7425
16 7 75.824451896 0.7425
16 8 73.444044182 0.801
16 9 73.444044182 0.801
16 10 75.88108643000001 0.8985
16 11 75.88108643000001 0.8985
16 12 80.806037594 0.891
16 13 80.806037594 0.891
16 14 81.228461918 0.888
16 15 81.228461918 0.888
16 16 74.62359131 0.8745
16 17 74.62359131 0.8745
16 18 74.797559816 0.4005
16 19 74.797559816 0.4005
16 20 71.123017586 0.7395
16 21 71.123017586 0.7395
16 22 72.26944091600001 0.861
16 23 72.26944091600001 0.861
16 24 80.806037594 0.891
16 25 80.806037594 0.891
16 26 81.228461918 0.888
16 27 81.228461918 0.888
16 28 73.444044182 0.801
16 29 73.444044182 0.801
16 30 75.88108643000001 0.8985
16 31 75.88108643000001 0.8985
17 0 74.318500976 0.37949999999999995
17 1 74.318500976 0.37949999999999995
17 2 73.5768689 0.5865
17 3 73.5768689 0.5865
17 4 74.417158202 0.7305
17 5 74.417158202 0.7305
17 6 74.474946284 0.585
17 7 74.474946284 0.585
17 8 70.49564331799999 0.336
17 9 70.49564331799999 0.336
17 10 74.194355462 0.5535
17 11 74.194355462 0.5535
17 12 79.495093994 0.672
17 13 79.495093994 0.672
17 14 79.231586918 0.6675
17 15 79.231586918 0.6675
17 16 73.5768689 0.5865
17 17 73.5768689 0.5865
17 18 74.318500976 0.37949999999999995
17 19 74.318500976 0.37949999999999995
17 20 69.63656738 0.672
17 21 69.63656738 0.672
17 22 71.07182128400001 0.639
17 23 71.07182128400001 0.639
17 24 79.495093994 0.672
17 25 79.495093994 0.672
17 26 79.231586918 0.6675
17 27 79.231586918 0.6675
17 28 70.49564331799999 0.336
17 29 70.49564331799999 0.336
17 30 74.194355462 0.5535
17 31 74.194355462 0.5535
18 0 72.874512932 0.0345
18 1 72.874512932 0.0345
18 2 72.34156616 0.408
18 3 72.34156616 0.408
18 4 71.90843018000001 0.49199999999999994
18 5 71.90843018000001 0.49199999999999994
18 6 73.09385497400001 0.2925
18 7 73.09385497400001 0.2925
18 8 67.896772466 0.38699999999999996
18 9 67.896772466 0.38699999999999996
18 10 71.85959594600001 0.444
18 11 71.85959594600001 0.444
18 12 77.552326652 0.4425
18 13 77.552326652 0.4425
18 14 76.48280762 0.4305
18 15 76.48280762 0.4305
18 16 72.34156616 0.408
18 17 72.34156616 0.408
18 18 72.874512932 0.0345
18 19 72.874512932 0.0345
18 20 67.69061402 0.441
18 21 67.69061402 0.441
18 22 68.913172616 0.4035
18 23 68.913172616 0.4035
18 24 77.552326652 0.4425
18 25 77.552326652 0.4425
18 26 76.48280762 0.4305
18 27 76.48280762 0.4305
18 28 67.896772466 0.38699999999999996
18 29 67.896772466 0.38699999999999996
18 30 71.85959594600001 0.444
18 31 71.85959594600001 0.444
19 0 69.83080566800001 0.192
19 1 69.83080566800001 0.192
19 2 70.885438232 0.21
19 3 70.885438232 0.21
19 4 68.583802496 0.261
19 5 68.583802496 0.261
19 6 71.638166498 0.213
19 7 71.638166498 0.213
19 8 65.109046622 0.2205
19 9 65.109046622 0.2205
19 10 68.713825676 0.219
19 11 68.713825676 0.219
19 12 75.033491216 0.17849999999999996
19 13 75.033491216 0.17849999999999996
19 14 73.189875488 0.2055
19 15 73.189875488 0.2055
19 16 70.885438232 0.21
19 17 70.885438232 0.21
19 18 69.83080566800001 0.192
19 19 69.83080566800001 0.192
19 20 65.111848142 0.219
19 21 65.111848142 0.219
19 22 65.84820679399999 0.18
19 23 65.84820679399999 0.18
19 24 75.033491216 0.17849999999999996
19 25 75.033491216 0.17849999999999996
19 26 73.189875488 0.2055
19 27 73.189875488 0.2055
19 28 65.109046622 0.2205
19 29 65.109046622 0.2205
19 30 68.713825676 0.219
19 31 68.713825676 0.219
20 0 67.273353266 0.033
20 1 68.531013176 0.013499999999999998
20 2 69.563398442 0.051
20 3 67.732307132 0.069
20 4 65.693244632 0.0735
20 5 66.505024418 0.0435
20 6 70.22807128400001 0.0525
20 7 69.563398442 0.051
20 8 62.08484009 0.0705
20 9 62.506440428000005 0.045
20 10 66.505024418 0.0435
20 11 65.693244632 0.0735
20 12 72.733063964 0.0525
20 13 73.002943112 0.003
20 14 71.021778566 0.0345
20 15 70.22807128400001 0.0525
20 16 69.563398442 0.051
20 17 67.732307132 0.069
20 18 67.273353266 0.033
20 19 68.531013176 0.013499999999999998
20 20 62.506440428000005 0.045
20 21 62.08484009 0.0705
20 22 63.201820064 0.0195
20 23 62.506440428000005 0.045
20 24 72.733063964 0.0525
20 25 73.002943112 0.003
20 26 71.021778566 0.0345
20 27 70.22807128400001 0.0525
20 28 62.08484009 0.0705
20 29 62.506440428000005 0.045
20 30 66.505024418 0.0435
20 31 65.693244632 0.0735
21 0 65.881495364 0.0
21 1 65.702088626 0.0
21 2 68.67103393400001 0.0
21 3 66.2753003 0.0
21 4 63.750037838 0.0
21 5 65.608485116 0.0
21 6 69.103620608 0.0
21 7 68.67103393400001 0.0
21 8 59.81264771 0.0
21 9 60.689741216 0.0
21 10 65.608485116 0.0
21 11 63.750037838 0.0
21 12 70.97843750000001 0.0
21 13 71.224256588 0.0
21 14 70.106068112 0.0
21 15 69.103620608 0.0
21 16 68.67103393400001 0.0
21 17 66.2753003 0.0
21 18 65.881495364 0.0
21 19 65.702088626 0.0
21 20 60.689741216 0.0
21 21 59.81264771 0.0
21 22 61.492292474 0.0
21 23 60.689741216 0.0
21 24 70.97843750000001 0.0
21 25 71.224256588 0.0
21 26 70.106068112 0.0
21 27 69.103620608 0.0
21 28 59.81264771 0.0
21 29 60.689741216 0.0
21 30 65.608485116 0.0
21 31 63.750037838 0.0
22 0 64.720515128 0.0
22 1 62.823341066 0.0
22 2 67.89655274 0.0
22 3 65.269117436 0.0
22 4 61.91977051400001 0.0
22 5 64.31418579199999 0.0
22 6 68.189503172 0.0
22 7 67.89655274 0.0
22 8 58.241273198 0.0
22 9 59.427906494 0.0
22 10 64.31418579199999 0.0
22 11 61.91977051400001 0.0
22 12 69.537745364 0.0
22 13 69.21342896 0.0
22 14 68.955744632 0.0
22 15 68.189503172 0.0
22 16 67.89655274 0.0
22 17 65.269117436 0.0
22 18 64.720515128 0.0
22 19 62.823341066 0.0
22 20 59.427906494 0.0
22 21 58.241273198 0.0
22 22 60.047645270000004 0.0
22 23 59.427906494 0.0
22 24 69.537745364 0.0
22 25 69.21342896 0.0
22 26 68.955744632 0.0
22 27 68.189503172 0.0
22 28 58.241273198 0.0
22 29 59.427906494 0.0
22 30 64.31418579199999 0.0
22 31 61.91977051400001 0.0
23 0 63.665662838 0.0
23 1 61.0565747 0.0
23 2 67.039509272 0.0
23 3 64.24376342 0.0
23 4 60.426398930000005 0.0
23 5 62.659150394 0.0
23 6 67.42809570200001 0.0
23 7 67.039509272 0.0
23 8 56.695661618 0.0
23 9 58.363056644 0.0
23 10 62.659150394 0.0
23 11 60.426398930000005 0.0
23 12 68.362318112 0.0
23 13 67.00874756 0.0
23 14 67.439466554 0.0
23 15 67.42809570200001 0.0
23 16 67.039509272 0.0
23 17 64.24376342 0.0
23 18 63.665662838 0.0
23 19 61.0565747 0.0
23 20 58.363056644 0.0
23 21 56.695661618 0.0
23 22 58.677430424 0.0
23 23 58.363056644 0.0
23 24 68.362318112 0.0
23 25 67.00874756 0.0
23 26 67.439466554 0.0
23 27 67.42809570200001 0.0
23 28 56.695661618 0.0
23 29 58.363056644 0.0
23 30 62.659150394 0.0
23 31 60.426398930000005 0.0
