time period scenario temperature renewable energy
0 0 55.214429936 0.0
0 1 55.214429936 0.0
0 2 55.214429936 0.0
0 3 55.214429936 0.0
0 4 55.214429936 0.0
0 5 55.214429936 0.0
0 6 55.214429936 0.0
0 7 55.214429936 0.0
0 8 55.214429936 0.0
0 9 55.214429936 0.0
0 10 55.214429936 0.0
0 11 55.214429936 0.0
0 12 55.214429936 0.0
0 13 55.214429936 0.0
0 14 55.214429936 0.0
0 15 55.214429936 0.0
0 16 55.214429936 0.0
0 17 55.214429936 0.0
0 18 55.214429936 0.0
0 19 55.214429936 0.0
0 20 55.214429936 0.0
0 21 55.214429936 0.0
0 22 55.214429936 0.0
0 23 55.214429936 0.0
0 24 55.214429936 0.0
0 25 55.214429936 0.0
0 26 55.214429936 0.0
0 27 55.214429936 0.0
0 28 55.214429936 0.0
0 29 55.214429936 0.0
0 30 55.214429936 0.0
0 31 55.214429936 0.0
1 0 54.133320307999995 0.0
1 1 54.133320307999995 0.0
1 2 54.133320307999995 0.0
1 3 54.133320307999995 0.0
1 4 54.133320307999995 0.0
1 5 54.133320307999995 0.0
1 6 54.133320307999995 0.0
1 7 54.133320307999995 0.0
1 8 54.133320307999995 0.0
1 9 54.133320307999995 0.0
1 10 54.133320307999995 0.0
1 11 54.133320307999995 0.0
1 12 54.133320307999995 0.0
1 13 54.133320307999995 0.0
1 14 54.133320307999995 0.0
1 15 54.133320307999995 0.0
1 16 54.133320307999995 0.0
1 17 54.133320307999995 0.0
1 18 54.133320307999995 0.0
1 19 54.133320307999995 0.0
1 20 54.133320307999995 0.0
1 21 54.133320307999995 0.0
1 22 54.133320307999995 0.0
1 23 54.133320307999995 0.0
1 24 54.133320307999995 0.0
1 25 54.133320307999995 0.0
1 26 54.133320307999995 0.0
1 27 54.133320307999995 0.0
1 28 54.133320307999995 0.0
1 29 54.133320307999995 0.0
1 30 54.133320307999995 0.0
1 31 54.133320307999995 0.0
2 0 54.116950676 0.0
2 1 54.116950676 0.0
2 2 54.116950676 0.0
2 3 54.116950676 0.0
2 4 54.116950676 0.0
2 5 54.116950676 0.0
2 6 54.116950676 0.0
2 7 54.116950676 0.0
2 8 54.116950676 0.0
2 9 54.116950676 0.0
2 10 54.116950676 0.0
2 11 54.116950676 0.0
2 12 54.116950676 0.0
2 13 54.116950676 0.0
2 14 54.116950676 0.0
2 15 54.116950676 0.0
2 16 54.116950676 0.0
2 17 54.116950676 0.0
2 18 54.116950676 0.0
2 19 54.116950676 0.0
2 20 54.116950676 0.0
2 21 54.116950676 0.0
2 22 54.116950676 0.0
2 23 54.116950676 0.0
2 24 54.116950676 0.0
2 25 54.116950676 0.0
2 26 54.116950676 0.0
2 27 54.116950676 0.0
2 28 54.116950676 0.0
2 29 54.116950676 0.0
2 30 54.116950676 0.0
2 31 54.116950676 0.0
3 0 55.02343262 0.0
3 1 55.02343262 0.0
3 2 55.02343262 0.0
3 3 55.02343262 0.0
3 4 55.02343262 0.0
3 5 55.02343262 0.0
3 6 55.02343262 0.0
3 7 55.02343262 0.0
3 8 55.02343262 0.0
3 9 55.02343262 0.0
3 10 55.02343262 0.0
3 11 55.02343262 0.0
3 12 55.02343262 0.0
3 13 55.02343262 0.0
3 14 55.02343262 0.0
3 15 55.02343262 0.0
3 16 55.02343262 0.0
3 17 55.02343262 0.0
3 18 55.02343262 0.0
3 19 55.02343262 0.0
3 20 55.02343262 0.0
3 21 55.02343262 0.0
3 22 55.02343262 0.0
3 23 55.02343262 0.0
3 24 55.02343262 0.0
3 25 55.02343262 0.0
3 26 55.02343262 0.0
3 27 55.02343262 0.0
3 28 55.02343262 0.0
3 29 55.02343262 0.0
3 30 55.02343262 0.0
3 31 55.02343262 0.0
4 0 56.446052252 0.0
4 1 56.446052252 0.0
4 2 56.446052252 0.0
4 3 56.446052252 0.0
4 4 56.446052252 0.0
4 5 56.446052252 0.0
4 6 56.446052252 0.0
4 7 56.446052252 0.0
4 8 56.446052252 0.0
4 9 56.446052252 0.0
4 10 56.446052252 0.0
4 11 56.446052252 0.0
4 12 56.446052252 0.0
4 13 56.446052252 0.0
4 14 56.446052252 0.0
4 15 56.446052252 0.0
4 16 54.582441404 0.0
4 17 54.582441404 0.0
4 18 54.582441404 0.0
4 19 54.582441404 0.0
4 20 54.582441404 0.0
4 21 54.582441404 0.0
4 22 54.582441404 0.0
4 23 54.582441404 0.0
4 24 54.582441404 0.0
4 25 54.582441404 0.0
4 26 54.582441404 0.0
4 27 54.582441404 0.0
4 28 54.582441404 0.0
4 29 54.582441404 0.0
4 30 54.582441404 0.0
4 31 54.582441404 0.0
5 0 56.979603266 0.072
5 1 56.979603266 0.072
5 2 56.979603266 0.072
5 3 56.979603266 0.072
5 4 56.979603266 0.072
5 5 56.979603266 0.072
5 6 56.979603266 0.072
5 7 56.979603266 0.072
5 8 56.979603266 0.072
5 9 56.979603266 0.072
5 10 56.979603266 0.072
5 11 56.979603266 0.072
5 12 56.979603266 0.072
5 13 56.979603266 0.072
5 14 56.979603266 0.072
5 15 56.979603266 0.072
5 16 54.866602778 0.0195
5 17 54.866602778 0.0195
5 18 54.866602778 0.0195
5 19 54.866602778 0.0195
5 20 54.866602778 0.0195
5 21 54.866602778 0.0195
5 22 54.866602778 0.0195
5 23 54.866602778 0.0195
5 24 54.866602778 0.0195
5 25 54.866602778 0.0195
5 26 54.866602778 0.0195
5 27 54.866602778 0.0195
5 28 54.866602778 0.0195
5 29 54.866602778 0.0195
5 30 54.866602778 0.0195
5 31 54.866602778 0.0195
6 0 58.707148442000005 0.2595
6 1 58.707148442000005 0.2595
6 2 58.707148442000005 0.2595
6 3 58.707148442000005 0.2595
6 4 58.707148442000005 0.2595
6 5 58.707148442000005 0.2595
6 6 58.707148442000005 0.2595
6 7 58.707148442000005 0.2595
6 8 58.707148442000005 0.2595
6 9 58.707148442000005 0.2595
6 10 58.707148442000005 0.2595
6 11 58.707148442000005 0.2595
6 12 58.707148442000005 0.2595
6 13 58.707148442000005 0.2595
6 14 58.707148442000005 0.2595
6 15 58.707148442000005 0.2595
6 16 56.266041254 0.18
6 17 56.266041254 0.18
6 18 56.266041254 0.18
6 19 56.266041254 0.18
6 20 56.266041254 0.18
6 21 56.266041254 0.18
6 22 56.266041254 0.18
6 23 56.266041254 0.18
6 24 56.266041254 0.18
6 25 56.266041254 0.18
6 26 56.266041254 0.18
6 27 56.266041254 0.18
6 28 56.266041254 0.18
6 29 56.266041254 0.18
6 30 56.266041254 0.18
6 31 56.266041254 0.18
7 0 62.782526858 0.489
7 1 62.782526858 0.489
7 2 62.782526858 0.489
7 3 62.782526858 0.489
7 4 62.782526858 0.489
7 5 62.782526858 0.489
7 6 62.782526858 0.489
7 7 62.782526858 0.489
7 8 62.782526858 0.489
7 9 62.782526858 0.489
7 10 62.782526858 0.489
7 11 62.782526858 0.489
7 12 62.782526858 0.489
7 13 62.782526858 0.489
7 14 62.782526858 0.489
7 15 62.782526858 0.489
7 16 58.978455818 0.405
7 17 58.978455818 0.405
7 18 58.978455818 0.405
7 19 58.978455818 0.405
7 20 58.978455818 0.405
7 21 58.978455818 0.405
7 22 58.978455818 0.405
7 23 58.978455818 0.405
7 24 58.978455818 0.405
7 25 58.978455818 0.405
7 26 58.978455818 0.405
7 27 58.978455818 0.405
7 28 58.978455818 0.405
7 29 58.978455818 0.405
7 30 58.978455818 0.405
7 31 58.978455818 0.405
8 0 66.340229486 0.726
8 1 66.340229486 0.726
8 2 66.340229486 0.726
8 3 66.340229486 0.726
8 4 66.340229486 0.726
8 5 66.340229486 0.726
8 6 66.340229486 0.726
8 7 66.340229486 0.726
8 8 63.687690428 0.1455
8 9 63.687690428 0.1455
8 10 63.687690428 0.1455
8 11 63.687690428 0.1455
8 12 63.687690428 0.1455
8 13 63.687690428 0.1455
8 14 63.687690428 0.1455
8 15 63.687690428 0.1455
8 16 62.533356925999996 0.606
8 17 62.533356925999996 0.606
8 18 62.533356925999996 0.606
8 19 62.533356925999996 0.606
8 20 62.533356925999996 0.606
8 21 62.533356925999996 0.606
8 22 62.533356925999996 0.606
8 23 62.533356925999996 0.606
8 24 61.139796133999994 0.6825
8 25 61.139796133999994 0.6825
8 26 61.139796133999994 0.6825
8 27 61.139796133999994 0.6825
8 28 61.139796133999994 0.6825
8 29 61.139796133999994 0.6825
8 30 61.139796133999994 0.6825
8 31 61.139796133999994 0.6825
9 0 69.360920402 0.948
9 1 69.360920402 0.948
9 2 69.360920402 0.948
9 3 69.360920402 0.948
9 4 69.360920402 0.948
9 5 69.360920402 0.948
9 6 69.360920402 0.948
9 7 69.360920402 0.948
9 8 65.925715334 0.411
9 9 65.925715334 0.411
9 10 65.925715334 0.411
9 11 65.925715334 0.411
9 12 65.925715334 0.411
9 13 65.925715334 0.411
9 14 65.925715334 0.411
9 15 65.925715334 0.411
9 16 65.829090578 0.8625
9 17 65.829090578 0.8625
9 18 65.829090578 0.8625
9 19 65.829090578 0.8625
9 20 65.829090578 0.8625
9 21 65.829090578 0.8625
9 22 65.829090578 0.8625
9 23 65.829090578 0.8625
9 24 63.436652834 0.693
9 25 63.436652834 0.693
9 26 63.436652834 0.693
9 27 63.436652834 0.693
9 28 63.436652834 0.693
9 29 63.436652834 0.693
9 30 63.436652834 0.693
9 31 63.436652834 0.693
10 0 72.13859375000001 1.1325
10 1 72.13859375000001 1.1325
10 2 72.13859375000001 1.1325
10 3 72.13859375000001 1.1325
10 4 72.13859375000001 1.1325
10 5 72.13859375000001 1.1325
10 6 72.13859375000001 1.1325
10 7 72.13859375000001 1.1325
10 8 68.340290522 0.4425
10 9 68.340290522 0.4425
10 10 68.340290522 0.4425
10 11 68.340290522 0.4425
10 12 68.340290522 0.4425
10 13 68.340290522 0.4425
10 14 68.340290522 0.4425
10 15 68.340290522 0.4425
10 16 68.42829101000001 1.0455
10 17 68.42829101000001 1.0455
10 18 68.42829101000001 1.0455
10 19 68.42829101000001 1.0455
10 20 68.42829101000001 1.0455
10 21 68.42829101000001 1.0455
10 22 68.42829101000001 1.0455
10 23 68.42829101000001 1.0455
10 24 66.033491216 0.4605
10 25 66.033491216 0.4605
10 26 66.033491216 0.4605
10 27 66.033491216 0.4605
10 28 66.033491216 0.4605
10 29 66.033491216 0.4605
10 30 66.033491216 0.4605
10 31 66.033491216 0.4605
11 0 74.52345092 1.2645
11 1 74.52345092 1.2645
11 2 74.52345092 1.2645
11 3 74.52345092 1.2645
11 4 74.52345092 1.2645
11 5 74.52345092 1.2645
11 6 74.52345092 1.2645
11 7 74.52345092 1.2645
11 8 70.56842774 0.591
11 9 70.56842774 0.591
11 10 70.56842774 0.591
11 11 70.56842774 0.591
11 12 70.56842774 0.591
11 13 70.56842774 0.591
11 14 70.56842774 0.591
11 15 70.56842774 0.591
11 16 70.70399902400001 1.173
11 17 70.70399902400001 1.173
11 18 70.70399902400001 1.173
11 19 70.70399902400001 1.173
11 20 70.70399902400001 1.173
11 21 70.70399902400001 1.173
11 22 70.70399902400001 1.173
11 23 70.70399902400001 1.173
11 24 68.560236824 1.224
11 25 68.560236824 1.224
11 26 68.560236824 1.224
11 27 68.560236824 1.224
11 28 68.560236824 1.224
11 29 68.560236824 1.224
11 30 68.560236824 1.224
11 31 68.560236824 1.224
12 0 76.480555424 1.3335
12 1 76.480555424 1.3335
12 2 76.480555424 1.3335
12 3 76.480555424 1.3335
12 4 76.064173592 1.107
12 5 76.064173592 1.107
12 6 76.064173592 1.107
12 7 76.064173592 1.107
12 8 72.323328866 0.828
12 9 72.323328866 0.828
12 10 72.323328866 0.828
12 11 72.323328866 0.828
12 12 72.553107902 1.239
12 13 72.553107902 1.239
12 14 72.553107902 1.239
12 15 72.553107902 1.239
12 16 72.553107902 1.239
12 17 72.553107902 1.239
12 18 72.553107902 1.239
12 19 72.553107902 1.239
12 20 72.323328866 0.828
12 21 72.323328866 0.828
12 22 72.323328866 0.828
12 23 72.323328866 0.828
12 24 70.667304692 1.1685
12 25 70.667304692 1.1685
12 26 70.667304692 1.1685
12 27 70.667304692 1.1685
12 28 69.30972411799999 0.3405
12 29 69.30972411799999 0.3405
12 30 69.30972411799999 0.3405
12 31 69.30972411799999 0.3405
13 0 77.91954467 1.3335
13 1 77.91954467 1.3335
13 2 77.91954467 1.3335
13 3 77.91954467 1.3335
13 4 77.01553466600001 1.0545
13 5 77.01553466600001 1.0545
13 6 77.01553466600001 1.0545
13 7 77.01553466600001 1.0545
13 8 73.313691404 0.855
13 9 73.313691404 0.855
13 10 73.313691404 0.855
13 11 73.313691404 0.855
13 12 73.527210698 1.236
13 13 73.527210698 1.236
13 14 73.527210698 1.236
13 15 73.527210698 1.236
13 16 73.527210698 1.236
13 17 73.527210698 1.236
13 18 73.527210698 1.236
13 19 73.527210698 1.236
13 20 73.313691404 0.855
13 21 73.313691404 0.855
13 22 73.313691404 0.855
13 23 73.313691404 0.855
13 24 72.285810548 0.8325
13 25 72.285810548 0.8325
13 26 72.285810548 0.8325
13 27 72.285810548 0.8325
13 28 69.21837280400001 0.4215
13 29 69.21837280400001 0.4215
13 30 69.21837280400001 0.4215
13 31 69.21837280400001 0.4215
14 0 78.661121828 1.062
14 1 78.661121828 1.062
14 2 78.661121828 1.062
14 3 78.661121828 1.062
14 4 77.338862312 1.212
14 5 77.338862312 1.212
14 6 77.338862312 1.212
14 7 77.338862312 1.212
14 8 73.43525512400001 0.867
14 9 73.43525512400001 0.867
14 10 73.43525512400001 0.867
14 11 73.43525512400001 0.867
14 12 73.753089602 0.1455
14 13 73.753089602 0.1455
14 14 73.753089602 0.1455
14 15 73.753089602 0.1455
14 16 73.753089602 0.1455
14 17 73.753089602 0.1455
14 18 73.753089602 0.1455
14 19 73.753089602 0.1455
14 20 73.43525512400001 0.867
14 21 73.43525512400001 0.867
14 22 73.43525512400001 0.867
14 23 73.43525512400001 0.867
14 24 73.321766366 1.2285
14 25 73.321766366 1.2285
14 26 73.321766366 1.2285
14 27 73.321766366 1.2285
14 28 68.91811646 0.42
14 29 68.91811646 0.42
14 30 68.91811646 0.42
14 31 68.91811646 0.42
15 0 78.680897222 1.131
15 1 78.680897222 1.131
15 2 78.680897222 1.131
15 3 78.680897222 1.131
15 4 76.946485604 1.0815
15 5 76.946485604 1.0815
15 6 76.946485604 1.0815
15 7 76.946485604 1.0815
15 8 72.987727046 0.6225
15 9 72.987727046 0.6225
15 10 72.987727046 0.6225
15 11 72.987727046 0.6225
15 12 73.613398442 0.1275
15 13 73.613398442 0.1275
15 14 73.613398442 0.1275
15 15 73.613398442 0.1275
15 16 73.613398442 0.1275
15 17 73.613398442 0.1275
15 18 73.613398442 0.1275
15 19 73.613398442 0.1275
15 20 72.987727046 0.6225
15 21 72.987727046 0.6225
15 22 72.987727046 0.6225
15 23 72.987727046 0.6225
15 24 73.383344726 1.0965
15 25 73.383344726 1.0965
15 26 73.383344726 1.0965
15 27 73.383344726 1.0965
15 28 67.768726802 0.858
15 29 67.768726802 0.858
15 30 67.768726802 0.858
15 31 67.768726802 0.858
16 0 77.971125488 0.9464999999999999
16 1 77.971125488 0.9464999999999999
16 2 76.261488044 0.9539999999999998
16 3 76.261488044 0.9539999999999998
16 4 75.88108643000001 0.8985
16 5 75.88108643000001 0.8985
16 6 75.824451896 0.7425
16 7 75.824451896 0.7425
16 8 72.501142586 0.6885
16 9 72.501142586 0.6885
16 10 72.26944091600001 0.861
16 11 72.26944091600001 0.861
16 12 73.246180424 0.7935
16 13 73.246180424 0.7935
16 14 72.865174568 0.8939999999999999
16 15 72.865174568 0.8939999999999999
16 16 73.246180424 0.7935
16 17 73.246180424 0.7935
16 18 72.865174568 0.8939999999999999
16 19 72.865174568 0.8939999999999999
16 20 72.501142586 0.6885
16 21 72.501142586 0.6885
16 22 72.26944091600001 0.861
16 23 72.26944091600001 0.861
16 24 72.508887932 0.912
16 25 72.508887932 0.912
16 26 73.246180424 0.7935
16 27 73.246180424 0.7935
16 28 66.445368656 0.72
16 29 66.445368656 0.72
16 30 71.35603759400001 0.921
16 31 71.35603759400001 0.921
17 0 76.54109009 0.7245
17 1 76.54109009 0.7245
17 2 74.417158202 0.7305
17 3 74.417158202 0.7305
17 4 74.194355462 0.5535
17 5 74.194355462 0.5535
17 6 74.474946284 0.585
17 7 74.474946284 0.585
17 8 72.07657592000001 0.6105
17 9 72.07657592000001 0.6105
17 10 71.07182128400001 0.639
17 11 71.07182128400001 0.639
17 12 72.451044914 0.633
17 13 72.451044914 0.633
17 14 71.658216554 0.6075
17 15 71.658216554 0.6075
17 16 72.451044914 0.633
17 17 72.451044914 0.633
17 18 71.658216554 0.6075
17 19 71.658216554 0.6075
17 20 72.07657592000001 0.6105
17 21 72.07657592000001 0.6105
17 22 71.07182128400001 0.639
17 23 71.07182128400001 0.639
17 24 71.34290893400001 0.6914999999999999
17 25 71.34290893400001 0.6914999999999999
17 26 72.451044914 0.633
17 27 72.451044914 0.633
17 28 65.27235839 0.1485
17 29 65.27235839 0.1485
17 30 70.94421509 0.711
17 31 70.94421509 0.711
18 0 74.186665034 0.486
18 1 74.186665034 0.486
18 2 71.90843018000001 0.49199999999999994
18 3 71.90843018000001 0.49199999999999994
18 4 71.85959594600001 0.444
18 5 71.85959594600001 0.444
18 6 73.09385497400001 0.2925
18 7 73.09385497400001 0.2925
18 8 71.472602534 0.441
18 9 71.472602534 0.441
18 10 68.913172616 0.4035
18 11 68.913172616 0.4035
18 12 70.618800056 0.3555
18 13 70.618800056 0.3555
18 14 69.85047119000001 0.411
18 15 69.85047119000001 0.411
18 16 70.618800056 0.3555
18 17 70.618800056 0.3555
18 18 69.85047119000001 0.411
18 19 69.85047119000001 0.411
18 20 71.472602534 0.441
18 21 71.472602534 0.441
18 22 68.913172616 0.4035
18 23 68.913172616 0.4035
18 24 69.970057376 0.45449999999999996
18 25 69.970057376 0.45449999999999996
18 26 70.618800056 0.3555
18 27 70.618800056 0.3555
18 28 63.9393872 0.06
18 29 63.9393872 0.06
18 30 69.523627928 0.48
18 31 69.523627928 0.48
19 0 70.7034497 0.2565
19 1 70.7034497 0.2565
19 2 68.583802496 0.261
19 3 68.583802496 0.261
19 4 68.713825676 0.219
19 5 68.713825676 0.219
19 6 71.638166498 0.213
19 7 71.638166498 0.213
19 8 70.297944332 0.225
19 9 70.297944332 0.225
19 10 65.84820679399999 0.18
19 11 65.84820679399999 0.18
19 12 67.870844726 0.0705
19 13 67.870844726 0.0705
19 14 67.298347166 0.2055
19 15 67.298347166 0.2055
19 16 67.870844726 0.0705
19 17 67.870844726 0.0705
19 18 67.298347166 0.2055
19 19 67.298347166 0.2055
19 20 70.297944332 0.225
19 21 70.297944332 0.225
19 22 65.84820679399999 0.18
19 23 65.84820679399999 0.18
19 24 69.368555912 0.066
19 25 69.368555912 0.066
19 26 67.870844726 0.0705
19 27 67.870844726 0.0705
19 28 62.495948479999996 0.1515
19 29 62.495948479999996 0.1515
19 30 67.320374756 0.2565
19 31 67.320374756 0.2565
20 0 67.732307132 0.069
20 1 69.563398442 0.051
20 2 65.693244632 0.0735
20 3 66.505024418 0.0435
20 4 66.505024418 0.0435
20 5 65.693244632 0.0735
20 6 70.22807128400001 0.0525
20 7 69.563398442 0.051
20 8 69.15382813400001 0.05399999999999999
20 9 67.732307132 0.069
20 10 63.201820064 0.0195
20 11 62.506440428000005 0.045
20 12 65.774158934 0.0075
20 13 65.908796378 0.0165
20 14 65.188148198 0.0435
20 15 65.756745608 0.072
20 16 65.774158934 0.0075
20 17 65.908796378 0.0165
20 18 65.188148198 0.0435
20 19 65.756745608 0.072
20 20 69.15382813400001 0.05399999999999999
20 21 67.732307132 0.069
20 22 63.201820064 0.0195
20 23 62.506440428000005 0.045
20 24 68.531013176 0.013499999999999998
20 25 67.273353266 0.033
20 26 65.774158934 0.0075
20 27 65.908796378 0.0165
20 28 61.28025634400001 0.0195
20 29 60.646564940000005 0.06
20 30 65.756745608 0.072
20 31 65.188148198 0.0435
21 0 66.2753003 0.0
21 1 68.67103393400001 0.0
21 2 63.750037838 0.0
21 3 65.608485116 0.0
21 4 65.608485116 0.0
21 5 63.750037838 0.0
21 6 69.103620608 0.0
21 7 68.67103393400001 0.0
21 8 68.448560792 0.0
21 9 66.2753003 0.0
21 10 61.492292474 0.0
21 11 60.689741216 0.0
21 12 64.642292474 0.0
21 13 64.895856926 0.0
21 14 64.177076408 0.0
21 15 64.954084478 0.0
21 16 64.642292474 0.0
21 17 64.895856926 0.0
21 18 64.177076408 0.0
21 19 64.954084478 0.0
21 20 68.448560792 0.0
21 21 66.2753003 0.0
21 22 61.492292474 0.0
21 23 60.689741216 0.0
21 24 65.702088626 0.0
21 25 65.881495364 0.0
21 26 64.642292474 0.0
21 27 64.895856926 0.0
21 28 60.356361092 0.0
21 29 58.551856682 0.0
21 30 64.954084478 0.0
21 31 64.177076408 0.0
22 0 65.269117436 0.0
22 1 67.89655274 0.0
22 2 61.91977051400001 0.0
22 3 64.31418579199999 0.0
22 4 64.31418579199999 0.0
22 5 61.91977051400001 0.0
22 6 68.189503172 0.0
22 7 67.89655274 0.0
22 8 67.70819213600001 0.0
22 9 65.269117436 0.0
22 10 60.047645270000004 0.0
22 11 59.427906494 0.0
22 12 63.45296753 0.0
22 13 63.792719726 0.0
22 14 63.50405396000001 0.0
22 15 64.00426146800001 0.0
22 16 63.45296753 0.0
22 17 63.792719726 0.0
22 18 63.50405396000001 0.0
22 19 64.00426146800001 0.0
22 20 67.70819213600001 0.0
22 21 65.269117436 0.0
22 22 60.047645270000004 0.0
22 23 59.427906494 0.0
22 24 62.823341066 0.0
22 25 64.720515128 0.0
22 26 63.45296753 0.0
22 27 63.792719726 0.0
22 28 59.593250732 0.0
22 29 57.261622316 0.0
22 30 64.00426146800001 0.0
22 31 63.50405396000001 0.0
23 0 64.24376342 0.0
23 1 67.039509272 0.0
23 2 60.426398930000005 0.0
23 3 62.659150394 0.0
23 4 62.659150394 0.0
23 5 60.426398930000005 0.0
23 6 67.42809570200001 0.0
23 7 67.039509272 0.0
23 8 66.87125366000001 0.0
23 9 64.24376342 0.0
23 10 58.677430424 0.0
23 11 58.363056644 0.0
23 12 62.048640128 0.0
23 13 62.58773926400001 0.0
23 14 62.837293694 0.0
23 15 63.104591066 0.0
23 16 62.048640128 0.0
23 17 62.58773926400001 0.0
23 18 62.837293694 0.0
23 19 63.104591066 0.0
23 20 66.87125366000001 0.0
23 21 64.24376342 0.0
23 22 58.677430424 0.0
23 23 58.363056644 0.0
23 24 61.0565747 0.0
23 25 63.665662838 0.0
23 26 62.048640128 0.0
23 27 62.58773926400001 0.0
23 28 59.023664546 0.0
23 29 56.22313964 0.0
23 30 63.104591066 0.0
23 31 62.837293694 0.0
