time period scenario temperature renewable energy
0 0 73.78187378000001 0.0
0 1 73.78187378000001 0.0
0 2 73.78187378000001 0.0
0 3 73.78187378000001 0.0
0 4 73.78187378000001 0.0
0 5 73.78187378000001 0.0
0 6 73.78187378000001 0.0
0 7 73.78187378000001 0.0
0 8 73.78187378000001 0.0
0 9 73.78187378000001 0.0
0 10 73.78187378000001 0.0
0 11 73.78187378000001 0.0
0 12 73.78187378000001 0.0
0 13 73.78187378000001 0.0
0 14 73.78187378000001 0.0
0 15 73.78187378000001 0.0
0 16 73.78187378000001 0.0
0 17 73.78187378000001 0.0
0 18 73.78187378000001 0.0
0 19 73.78187378000001 0.0
0 20 73.78187378000001 0.0
0 21 73.78187378000001 0.0
0 22 73.78187378000001 0.0
0 23 73.78187378000001 0.0
0 24 73.78187378000001 0.0
0 25 73.78187378000001 0.0
0 26 73.78187378000001 0.0
0 27 73.78187378000001 0.0
0 28 73.78187378000001 0.0
0 29 73.78187378000001 0.0
0 30 73.78187378000001 0.0
0 31 73.78187378000001 0.0
1 0 72.76239746600001 0.0
1 1 72.76239746600001 0.0
1 2 72.76239746600001 0.0
1 3 72.76239746600001 0.0
1 4 72.76239746600001 0.0
1 5 72.76239746600001 0.0
1 6 72.76239746600001 0.0
1 7 72.76239746600001 0.0
1 8 72.76239746600001 0.0
1 9 72.76239746600001 0.0
1 10 72.76239746600001 0.0
1 11 72.76239746600001 0.0
1 12 72.76239746600001 0.0
1 13 72.76239746600001 0.0
1 14 72.76239746600001 0.0
1 15 72.76239746600001 0.0
1 16 72.76239746600001 0.0
1 17 72.76239746600001 0.0
1 18 72.76239746600001 0.0
1 19 72.76239746600001 0.0
1 20 72.76239746600001 0.0
1 21 72.76239746600001 0.0
1 22 72.76239746600001 0.0
1 23 72.76239746600001 0.0
1 24 72.76239746600001 0.0
1 25 72.76239746600001 0.0
1 26 72.76239746600001 0.0
1 27 72.76239746600001 0.0
1 28 72.76239746600001 0.0
1 29 72.76239746600001 0.0
1 30 72.76239746600001 0.0
1 31 72.76239746600001 0.0
2 0 71.87453735 0.0
2 1 71.87453735 0.0
2 2 71.87453735 0.0
2 3 71.87453735 0.0
2 4 71.87453735 0.0
2 5 71.87453735 0.0
2 6 71.87453735 0.0
2 7 71.87453735 0.0
2 8 71.87453735 0.0
2 9 71.87453735 0.0
2 10 71.87453735 0.0
2 11 71.87453735 0.0
2 12 71.87453735 0.0
2 13 71.87453735 0.0
2 14 71.87453735 0.0
2 15 71.87453735 0.0
2 16 71.87453735 0.0
2 17 71.87453735 0.0
2 18 71.87453735 0.0
2 19 71.87453735 0.0
2 20 71.87453735 0.0
2 21 71.87453735 0.0
2 22 71.87453735 0.0
2 23 71.87453735 0.0
2 24 71.87453735 0.0
2 25 71.87453735 0.0
2 26 71.87453735 0.0
2 27 71.87453735 0.0
2 28 71.87453735 0.0
2 29 71.87453735 0.0
2 30 71.87453735 0.0
2 31 71.87453735 0.0
3 0 71.05111206800001 0.0
3 1 71.05111206800001 0.0
3 2 71.05111206800001 0.0
3 3 71.05111206800001 0.0
3 4 71.05111206800001 0.0
3 5 71.05111206800001 0.0
3 6 71.05111206800001 0.0
3 7 71.05111206800001 0.0
3 8 71.05111206800001 0.0
3 9 71.05111206800001 0.0
3 10 71.05111206800001 0.0
3 11 71.05111206800001 0.0
3 12 71.05111206800001 0.0
3 13 71.05111206800001 0.0
3 14 71.05111206800001 0.0
3 15 71.05111206800001 0.0
3 16 71.05111206800001 0.0
3 17 71.05111206800001 0.0
3 18 71.05111206800001 0.0
3 19 71.05111206800001 0.0
3 20 71.05111206800001 0.0
3 21 71.05111206800001 0.0
3 22 71.05111206800001 0.0
3 23 71.05111206800001 0.0
3 24 71.05111206800001 0.0
3 25 71.05111206800001 0.0
3 26 71.05111206800001 0.0
3 27 71.05111206800001 0.0
3 28 71.05111206800001 0.0
3 29 71.05111206800001 0.0
3 30 71.05111206800001 0.0
3 31 71.05111206800001 0.0
4 0 70.571284178 0.0
4 1 70.571284178 0.0
4 2 70.571284178 0.0
4 3 70.571284178 0.0
4 4 70.571284178 0.0
4 5 70.571284178 0.0
4 6 70.571284178 0.0
4 7 70.571284178 0.0
4 8 70.571284178 0.0
4 9 70.571284178 0.0
4 10 70.571284178 0.0
4 11 70.571284178 0.0
4 12 70.571284178 0.0
4 13 70.571284178 0.0
4 14 70.571284178 0.0
4 15 70.571284178 0.0
4 16 68.66641967000001 0.0
4 17 68.66641967000001 0.0
4 18 68.66641967000001 0.0
4 19 68.66641967000001 0.0
4 20 68.66641967000001 0.0
4 21 68.66641967000001 0.0
4 22 68.66641967000001 0.0
4 23 68.66641967000001 0.0
4 24 68.66641967000001 0.0
4 25 68.66641967000001 0.0
4 26 68.66641967000001 0.0
4 27 68.66641967000001 0.0
4 28 68.66641967000001 0.0
4 29 68.66641967000001 0.0
4 30 68.66641967000001 0.0
4 31 68.66641967000001 0.0
5 0 70.927570796 0.05399999999999999
5 1 70.927570796 0.05399999999999999
5 2 70.927570796 0.05399999999999999
5 3 70.927570796 0.05399999999999999
5 4 70.927570796 0.05399999999999999
5 5 70.927570796 0.05399999999999999
5 6 70.927570796 0.05399999999999999
5 7 70.927570796 0.05399999999999999
5 8 70.927570796 0.05399999999999999
5 9 70.927570796 0.05399999999999999
5 10 70.927570796 0.05399999999999999
5 11 70.927570796 0.05399999999999999
5 12 70.927570796 0.05399999999999999
5 13 70.927570796 0.05399999999999999
5 14 70.927570796 0.05399999999999999
5 15 70.927570796 0.05399999999999999
5 16 69.96604737199999 0.06
5 17 69.96604737199999 0.06
5 18 69.96604737199999 0.06
5 19 69.96604737199999 0.06
5 20 69.96604737199999 0.06
5 21 69.96604737199999 0.06
5 22 69.96604737199999 0.06
5 23 69.96604737199999 0.06
5 24 69.96604737199999 0.06
5 25 69.96604737199999 0.06
5 26 69.96604737199999 0.06
5 27 69.96604737199999 0.06
5 28 69.96604737199999 0.06
5 29 69.96604737199999 0.06
5 30 69.96604737199999 0.06
5 31 69.96604737199999 0.06
6 0 72.376667474 0.17849999999999996
6 1 72.376667474 0.17849999999999996
6 2 72.376667474 0.17849999999999996
6 3 72.376667474 0.17849999999999996
6 4 72.376667474 0.17849999999999996
6 5 72.376667474 0.17849999999999996
6 6 72.376667474 0.17849999999999996
6 7 72.376667474 0.17849999999999996
6 8 72.376667474 0.17849999999999996
6 9 72.376667474 0.17849999999999996
6 10 72.376667474 0.17849999999999996
6 11 72.376667474 0.17849999999999996
6 12 72.376667474 0.17849999999999996
6 13 72.376667474 0.17849999999999996
6 14 72.376667474 0.17849999999999996
6 15 72.376667474 0.17849999999999996
6 16 73.66085938399999 0.234
6 17 73.66085938399999 0.234
6 18 73.66085938399999 0.234
6 19 73.66085938399999 0.234
6 20 73.66085938399999 0.234
6 21 73.66085938399999 0.234
6 22 73.66085938399999 0.234
6 23 73.66085938399999 0.234
6 24 73.66085938399999 0.234
6 25 73.66085938399999 0.234
6 26 73.66085938399999 0.234
6 27 73.66085938399999 0.234
6 28 73.66085938399999 0.234
6 29 73.66085938399999 0.234
6 30 73.66085938399999 0.234
6 31 73.66085938399999 0.234
7 0 75.31342286 0.189
7 1 75.31342286 0.189
7 2 75.31342286 0.189
7 3 75.31342286 0.189
7 4 75.31342286 0.189
7 5 75.31342286 0.189
7 6 75.31342286 0.189
7 7 75.31342286 0.189
7 8 75.31342286 0.189
7 9 75.31342286 0.189
7 10 75.31342286 0.189
7 11 75.31342286 0.189
7 12 75.31342286 0.189
7 13 75.31342286 0.189
7 14 75.31342286 0.189
7 15 75.31342286 0.189
7 16 79.05234497000001 0.453
7 17 79.05234497000001 0.453
7 18 79.05234497000001 0.453
7 19 79.05234497000001 0.453
7 20 79.05234497000001 0.453
7 21 79.05234497000001 0.453
7 22 79.05234497000001 0.453
7 23 79.05234497000001 0.453
7 24 79.05234497000001 0.453
7 25 79.05234497000001 0.453
7 26 79.05234497000001 0.453
7 27 79.05234497000001 0.453
7 28 79.05234497000001 0.453
7 29 79.05234497000001 0.453
7 30 79.05234497000001 0.453
7 31 79.05234497000001 0.453
8 0 78.48380249600001 0.0165
8 1 78.48380249600001 0.0165
8 2 78.48380249600001 0.0165
8 3 78.48380249600001 0.0165
8 4 78.48380249600001 0.0165
8 5 78.48380249600001 0.0165
8 6 78.48380249600001 0.0165
8 7 78.48380249600001 0.0165
8 8 77.251466066 0.192
8 9 77.251466066 0.192
8 10 77.251466066 0.192
8 11 77.251466066 0.192
8 12 77.251466066 0.192
8 13 77.251466066 0.192
8 14 77.251466066 0.192
8 15 77.251466066 0.192
8 16 84.347150882 0.681
8 17 84.347150882 0.681
8 18 84.347150882 0.681
8 19 84.347150882 0.681
8 20 84.347150882 0.681
8 21 84.347150882 0.681
8 22 84.347150882 0.681
8 23 84.347150882 0.681
8 24 85.320045158 0.69
8 25 85.320045158 0.69
8 26 85.320045158 0.69
8 27 85.320045158 0.69
8 28 85.320045158 0.69
8 29 85.320045158 0.69
8 30 85.320045158 0.69
8 31 85.320045158 0.69
9 0 79.25894286799999 0.43199999999999994
9 1 79.25894286799999 0.43199999999999994
9 2 79.25894286799999 0.43199999999999994
9 3 79.25894286799999 0.43199999999999994
9 4 79.25894286799999 0.43199999999999994
9 5 79.25894286799999 0.43199999999999994
9 6 79.25894286799999 0.43199999999999994
9 7 79.25894286799999 0.43199999999999994
9 8 78.85623902 0.35699999999999993
9 9 78.85623902 0.35699999999999993
9 10 78.85623902 0.35699999999999993
9 11 78.85623902 0.35699999999999993
9 12 78.85623902 0.35699999999999993
9 13 78.85623902 0.35699999999999993
9 14 78.85623902 0.35699999999999993
9 15 78.85623902 0.35699999999999993
9 16 88.142158202 0.8939999999999999
9 17 88.142158202 0.8939999999999999
9 18 88.142158202 0.8939999999999999
9 19 88.142158202 0.8939999999999999
9 20 88.142158202 0.8939999999999999
9 21 88.142158202 0.8939999999999999
9 22 88.142158202 0.8939999999999999
9 23 88.142158202 0.8939999999999999
9 24 90.688789058 0.9075
9 25 90.688789058 0.9075
9 26 90.688789058 0.9075
9 27 90.688789058 0.9075
9 28 90.688789058 0.9075
9 29 90.688789058 0.9075
9 30 90.688789058 0.9075
9 31 90.688789058 0.9075
10 0 76.74439209799999 0.2835
10 1 76.74439209799999 0.2835
10 2 76.74439209799999 0.2835
10 3 76.74439209799999 0.2835
10 4 76.74439209799999 0.2835
10 5 76.74439209799999 0.2835
10 6 76.74439209799999 0.2835
10 7 76.74439209799999 0.2835
10 8 79.566999512 0.4305
10 9 79.566999512 0.4305
10 10 79.566999512 0.4305
10 11 79.566999512 0.4305
10 12 79.566999512 0.4305
10 13 79.566999512 0.4305
10 14 79.566999512 0.4305
10 15 79.566999512 0.4305
10 16 90.1206311 1.0725
10 17 90.1206311 1.0725
10 18 90.1206311 1.0725
10 19 90.1206311 1.0725
10 20 90.1206311 1.0725
10 21 90.1206311 1.0725
10 22 90.1206311 1.0725
10 23 90.1206311 1.0725
10 24 94.57229125399999 1.089
10 25 94.57229125399999 1.089
10 26 94.57229125399999 1.089
10 27 94.57229125399999 1.089
10 28 94.57229125399999 1.089
10 29 94.57229125399999 1.089
10 30 94.57229125399999 1.089
10 31 94.57229125399999 1.089
11 0 72.64907348 0.525
11 1 72.64907348 0.525
11 2 72.64907348 0.525
11 3 72.64907348 0.525
11 4 72.64907348 0.525
11 5 72.64907348 0.525
11 6 72.64907348 0.525
11 7 72.64907348 0.525
11 8 79.605341798 0.1185
11 9 79.605341798 0.1185
11 10 79.605341798 0.1185
11 11 79.605341798 0.1185
11 12 79.605341798 0.1185
11 13 79.605341798 0.1185
11 14 79.605341798 0.1185
11 15 79.605341798 0.1185
11 16 90.63226439600001 1.2015
11 17 90.63226439600001 1.2015
11 18 90.63226439600001 1.2015
11 19 90.63226439600001 1.2015
11 20 90.63226439600001 1.2015
11 21 90.63226439600001 1.2015
11 22 90.63226439600001 1.2015
11 23 90.63226439600001 1.2015
11 24 97.08123902 1.218
11 25 97.08123902 1.218
11 26 97.08123902 1.218
11 27 97.08123902 1.218
11 28 97.08123902 1.218
11 29 97.08123902 1.218
11 30 97.08123902 1.218
11 31 97.08123902 1.218
12 0 69.731818844 0.6645
12 1 69.731818844 0.6645
12 2 69.731818844 0.6645
12 3 69.731818844 0.6645
12 4 72.67884643400001 1.002
12 5 72.67884643400001 1.002
12 6 72.67884643400001 1.002
12 7 72.67884643400001 1.002
12 8 79.28393676799999 0.438
12 9 79.28393676799999 0.438
12 10 79.28393676799999 0.438
12 11 79.28393676799999 0.438
12 12 80.93391845 1.257
12 13 80.93391845 1.257
12 14 80.93391845 1.257
12 15 80.93391845 1.257
12 16 90.40078247 1.269
12 17 90.40078247 1.269
12 18 90.40078247 1.269
12 19 90.40078247 1.269
12 20 91.75836304399999 1.206
12 21 91.75836304399999 1.206
12 22 91.75836304399999 1.206
12 23 91.75836304399999 1.206
12 24 98.57186402 1.2854999999999999
12 25 98.57186402 1.2854999999999999
12 26 98.57186402 1.2854999999999999
12 27 98.57186402 1.2854999999999999
12 28 90.40078247 1.269
12 29 90.40078247 1.269
12 30 90.40078247 1.269
12 31 90.40078247 1.269
13 0 68.417359628 1.0995
13 1 68.417359628 1.0995
13 2 68.417359628 1.0995
13 3 68.417359628 1.0995
13 4 72.837434084 0.8264999999999999
13 5 72.837434084 0.8264999999999999
13 6 72.837434084 0.8264999999999999
13 7 72.837434084 0.8264999999999999
13 8 78.7971875 0.456
13 9 78.7971875 0.456
13 10 78.7971875 0.456
13 11 78.7971875 0.456
13 12 82.29951905 1.263
13 13 82.29951905 1.263
13 14 82.29951905 1.263
13 15 82.29951905 1.263
13 16 89.805103754 1.2705
13 17 89.805103754 1.2705
13 18 89.805103754 1.2705
13 19 89.805103754 1.2705
13 20 92.632545158 1.1535
13 21 92.632545158 1.1535
13 22 92.632545158 1.1535
13 23 92.632545158 1.1535
13 24 99.245820308 1.287
13 25 99.245820308 1.287
13 26 99.245820308 1.287
13 27 99.245820308 1.287
13 28 89.805103754 1.2705
13 29 89.805103754 1.2705
13 30 89.805103754 1.2705
13 31 89.805103754 1.2705
14 0 68.749805912 0.192
14 1 68.749805912 0.192
14 2 68.749805912 0.192
14 3 68.749805912 0.192
14 4 72.67884643400001 0.1545
14 5 72.67884643400001 0.1545
14 6 72.67884643400001 0.1545
14 7 72.67884643400001 0.1545
14 8 78.074396978 0.6614999999999999
14 9 78.074396978 0.6614999999999999
14 10 78.074396978 0.6614999999999999
14 11 78.074396978 0.6614999999999999
14 12 83.01297119 0.867
14 13 83.01297119 0.867
14 14 83.01297119 0.867
14 15 83.01297119 0.867
14 16 89.04781616 1.203
14 17 89.04781616 1.203
14 18 89.04781616 1.203
14 19 89.04781616 1.203
14 20 92.752076408 1.1085
14 21 92.752076408 1.1085
14 22 92.752076408 1.1085
14 23 92.752076408 1.1085
14 24 99.177320552 1.218
14 25 99.177320552 1.218
14 26 99.177320552 1.218
14 27 99.177320552 1.218
14 28 89.04781616 1.203
14 29 89.04781616 1.203
14 30 89.04781616 1.203
14 31 89.04781616 1.203
15 0 70.40039185399999 1.0905
15 1 70.40039185399999 1.0905
15 2 70.40039185399999 1.0905
15 3 70.40039185399999 1.0905
15 4 71.74770018800001 0.4605
15 5 71.74770018800001 0.4605
15 6 71.74770018800001 0.4605
15 7 71.74770018800001 0.4605
15 8 77.04827393 0.768
15 9 77.04827393 0.768
15 10 77.04827393 0.768
15 11 77.04827393 0.768
15 12 82.586207282 0.9239999999999999
15 13 82.586207282 0.9239999999999999
15 14 82.586207282 0.9239999999999999
15 15 82.586207282 0.9239999999999999
15 16 87.81701783 0.9764999999999999
15 17 87.81701783 0.9764999999999999
15 18 87.81701783 0.9764999999999999
15 19 87.81701783 0.9764999999999999
15 20 91.932276614 0.9255
15 21 91.932276614 0.9255
15 22 91.932276614 0.9255
15 23 91.932276614 0.9255
15 24 98.405036618 1.0875
15 25 98.405036618 1.0875
15 26 98.405036618 1.0875
15 27 98.405036618 1.0875
15 28 87.81701783 0.9764999999999999
15 29 87.81701783 0.9764999999999999
15 30 87.81701783 0.9764999999999999
15 31 87.81701783 0.9764999999999999
16 0 71.35603759400001 0.921
16 1 71.35603759400001 0.921
16 2 70.162592774 0.5295
16 3 70.162592774 0.5295
16 4 70.162592774 0.5295
16 5 70.162592774 0.5295
16 6 71.123017586 0.7395
16 7 71.123017586 0.7395
16 8 75.824451896 0.7425
16 9 75.824451896 0.7425
16 10 75.88108643000001 0.8985
16 11 75.88108643000001 0.8985
16 12 81.228461918 0.888
16 13 81.228461918 0.888
16 14 82.373841554 0.792
16 15 82.373841554 0.792
16 16 86.11633423399999 0.6914999999999999
16 17 86.11633423399999 0.6914999999999999
16 18 85.67968262 0.9405
16 19 85.67968262 0.9405
16 20 90.474940184 0.8385
16 21 90.474940184 0.8385
16 22 91.181745608 0.9045
16 23 91.181745608 0.9045
16 24 96.902052008 0.9045
16 25 96.902052008 0.9045
16 26 91.181745608 0.9045
16 27 91.181745608 0.9045
16 28 86.11633423399999 0.6914999999999999
16 29 86.11633423399999 0.6914999999999999
16 30 85.67968262 0.9405
16 31 85.67968262 0.9405
17 0 70.94421509 0.711
17 1 70.94421509 0.711
17 2 68.17110107 0.504
17 3 68.17110107 0.504
17 4 68.17110107 0.504
17 5 68.17110107 0.504
17 6 69.63656738 0.672
17 7 69.63656738 0.672
17 8 74.474946284 0.585
17 9 74.474946284 0.585
17 10 74.194355462 0.5535
17 11 74.194355462 0.5535
17 12 79.231586918 0.6675
17 13 79.231586918 0.6675
17 14 81.11469848 0.5775
17 15 81.11469848 0.5775
17 16 84.19900024399999 0.6614999999999999
17 17 84.19900024399999 0.6614999999999999
17 18 83.968397222 0.7214999999999999
17 19 83.968397222 0.7214999999999999
17 20 88.51695679400001 0.711
17 21 88.51695679400001 0.711
17 22 88.94932372400001 0.6914999999999999
17 23 88.94932372400001 0.6914999999999999
17 24 94.69682128400001 0.6885
17 25 94.69682128400001 0.6885
17 26 88.94932372400001 0.6914999999999999
17 27 88.94932372400001 0.6914999999999999
17 28 84.19900024399999 0.6614999999999999
17 29 84.19900024399999 0.6614999999999999
17 30 83.968397222 0.7214999999999999
17 31 83.968397222 0.7214999999999999
18 0 69.523627928 0.48
18 1 69.523627928 0.48
18 2 65.989930424 0.48
18 3 65.989930424 0.48
18 4 65.989930424 0.48
18 5 65.989930424 0.48
18 6 67.69061402 0.441
18 7 67.69061402 0.441
18 8 73.09385497400001 0.2925
18 9 73.09385497400001 0.2925
18 10 71.85959594600001 0.444
18 11 71.85959594600001 0.444
18 12 76.48280762 0.4305
18 13 76.48280762 0.4305
18 14 79.24592408000001 0.021
18 15 79.24592408000001 0.021
18 16 81.98811158000001 0.2805
18 17 81.98811158000001 0.2805
18 18 81.716639396 0.486
18 19 81.716639396 0.486
18 20 85.91451537200001 0.4365
18 21 85.91451537200001 0.4365
18 22 85.956428228 0.46199999999999997
18 23 85.956428228 0.46199999999999997
18 24 91.483210454 0.4575
18 25 91.483210454 0.4575
18 26 85.956428228 0.46199999999999997
18 27 85.956428228 0.46199999999999997
18 28 81.98811158000001 0.2805
18 29 81.98811158000001 0.2805
18 30 81.716639396 0.486
18 31 81.716639396 0.486
19 0 67.320374756 0.2565
19 1 67.320374756 0.2565
19 2 63.441376952 0.213
19 3 63.441376952 0.213
19 4 63.441376952 0.213
19 5 63.441376952 0.213
19 6 65.111848142 0.219
19 7 65.111848142 0.219
19 8 71.638166498 0.213
19 9 71.638166498 0.213
19 10 68.713825676 0.219
19 11 68.713825676 0.219
19 12 73.189875488 0.2055
19 13 73.189875488 0.2055
19 14 76.79663207600001 0.159
19 15 76.79663207600001 0.159
19 16 79.45889405 0.0285
19 17 79.45889405 0.0285
19 18 78.14075439199999 0.2595
19 19 78.14075439199999 0.2595
19 20 82.172846678 0.252
19 21 82.172846678 0.252
19 22 81.563874512 0.2415
19 23 81.563874512 0.2415
19 24 86.89801146799999 0.237
19 25 86.89801146799999 0.237
19 26 81.563874512 0.2415
19 27 81.563874512 0.2415
19 28 79.45889405 0.0285
19 29 79.45889405 0.0285
19 30 78.14075439199999 0.2595
19 31 78.14075439199999 0.2595
20 0 65.756745608 0.072
20 1 65.188148198 0.0435
20 2 60.646564940000005 0.06
20 3 61.28025634400001 0.0195
20 4 60.646564940000005 0.06
20 5 61.28025634400001 0.0195
20 6 62.506440428000005 0.045
20 7 62.08484009 0.0705
20 8 70.22807128400001 0.0525
20 9 69.563398442 0.051
20 10 66.505024418 0.0435
20 11 65.693244632 0.0735
20 12 71.021778566 0.0345
20 13 70.22807128400001 0.0525
20 14 74.446931156 0.0285
20 15 73.065675056 0.0705
20 16 77.01207396800001 0.006
20 17 77.64065673799999 0.0225
20 18 74.8175 0.075
20 19 77.01207396800001 0.006
20 20 78.70435302199999 0.072
20 21 76.99696777400001 0.0645
20 22 76.99696777400001 0.0645
20 23 78.70435302199999 0.072
20 24 82.790827628 0.06149999999999999
20 25 78.70435302199999 0.072
20 26 76.99696777400001 0.0645
20 27 78.70435302199999 0.072
20 28 77.01207396800001 0.006
20 29 77.64065673799999 0.0225
20 30 74.8175 0.075
20 31 77.01207396800001 0.006
21 0 64.954084478 0.0
21 1 64.177076408 0.0
21 2 58.551856682 0.0
21 3 60.356361092 0.0
21 4 58.551856682 0.0
21 5 60.356361092 0.0
21 6 60.689741216 0.0
21 7 59.81264771 0.0
21 8 69.103620608 0.0
21 9 68.67103393400001 0.0
21 10 65.608485116 0.0
21 11 63.750037838 0.0
21 12 70.106068112 0.0
21 13 69.103620608 0.0
21 14 72.930378416 0.0
21 15 70.99244506400001 0.0
21 16 75.119953622 0.0
21 17 75.84329345 0.0
21 18 73.350660398 0.0
21 19 75.119953622 0.0
21 20 76.970545646 0.0
21 21 74.14343384 0.0
21 22 74.14343384 0.0
21 23 76.970545646 0.0
21 24 80.367133784 0.0
21 25 76.970545646 0.0
21 26 74.14343384 0.0
21 27 76.970545646 0.0
21 28 75.119953622 0.0
21 29 75.84329345 0.0
21 30 73.350660398 0.0
21 31 75.119953622 0.0
22 0 64.00426146800001 0.0
22 1 63.50405396000001 0.0
22 2 57.261622316 0.0
22 3 59.593250732 0.0
22 4 57.261622316 0.0
22 5 59.593250732 0.0
22 6 59.427906494 0.0
22 7 58.241273198 0.0
22 8 68.189503172 0.0
22 9 67.89655274 0.0
22 10 64.31418579199999 0.0
22 11 61.91977051400001 0.0
22 12 68.955744632 0.0
22 13 68.189503172 0.0
22 14 71.67535521799999 0.0
22 15 69.58998536000001 0.0
22 16 73.606367192 0.0
22 17 73.980177008 0.0
22 18 72.161005856 0.0
22 19 73.606367192 0.0
22 20 75.92717408 0.0
22 21 72.457142342 0.0
22 22 72.457142342 0.0
22 23 75.92717408 0.0
22 24 78.544007564 0.0
22 25 75.92717408 0.0
22 26 72.457142342 0.0
22 27 75.92717408 0.0
22 28 73.606367192 0.0
22 29 73.980177008 0.0
22 30 72.161005856 0.0
22 31 73.606367192 0.0
23 0 63.104591066 0.0
23 1 62.837293694 0.0
23 2 56.22313964 0.0
23 3 59.023664546 0.0
23 4 56.22313964 0.0
23 5 59.023664546 0.0
23 6 58.363056644 0.0
23 7 56.695661618 0.0
23 8 67.42809570200001 0.0
23 9 67.039509272 0.0
23 10 62.659150394 0.0
23 11 60.426398930000005 0.0
23 12 67.439466554 0.0
23 13 67.42809570200001 0.0
23 14 70.39967774 0.0
23 15 68.27997558199999 0.0
23 16 72.238349606 0.0
23 17 72.182264396 0.0
23 18 70.688343506 0.0
23 19 72.238349606 0.0
23 20 74.878474118 0.0
23 21 71.095881344 0.0
23 22 71.095881344 0.0
23 23 74.878474118 0.0
23 24 76.917756344 0.0
23 25 74.878474118 0.0
23 26 71.095881344 0.0
23 27 74.878474118 0.0
23 28 72.238349606 0.0
23 29 72.182264396 0.0
23 30 70.688343506 0.0
23 31 72.238349606 0.0
