time period scenario temperature renewable energy
0 0 59.758979486 0.0
0 1 59.758979486 0.0
0 2 59.758979486 0.0
0 3 59.758979486 0.0
0 4 59.758979486 0.0
0 5 59.758979486 0.0
0 6 59.758979486 0.0
0 7 59.758979486 0.0
0 8 59.758979486 0.0
0 9 59.758979486 0.0
0 10 59.758979486 0.0
0 11 59.758979486 0.0
0 12 59.758979486 0.0
0 13 59.758979486 0.0
0 14 59.758979486 0.0
0 15 59.758979486 0.0
0 16 59.758979486 0.0
0 17 59.758979486 0.0
0 18 59.758979486 0.0
0 19 59.758979486 0.0
0 20 59.758979486 0.0
0 21 59.758979486 0.0
0 22 59.758979486 0.0
0 23 59.758979486 0.0
0 24 59.758979486 0.0
0 25 59.758979486 0.0
0 26 59.758979486 0.0
0 27 59.758979486 0.0
0 28 59.758979486 0.0
0 29 59.758979486 0.0
0 30 59.758979486 0.0
0 31 59.758979486 0.0
1 0 58.699458014 0.0
1 1 58.699458014 0.0
1 2 58.699458014 0.0
1 3 58.699458014 0.0
1 4 58.699458014 0.0
1 5 58.699458014 0.0
1 6 58.699458014 0.0
1 7 58.699458014 0.0
1 8 58.699458014 0.0
1 9 58.699458014 0.0
1 10 58.699458014 0.0
1 11 58.699458014 0.0
1 12 58.699458014 0.0
1 13 58.699458014 0.0
1 14 58.699458014 0.0
1 15 58.699458014 0.0
1 16 58.699458014 0.0
1 17 58.699458014 0.0
1 18 58.699458014 0.0
1 19 58.699458014 0.0
1 20 58.699458014 0.0
1 21 58.699458014 0.0
1 22 58.699458014 0.0
1 23 58.699458014 0.0
1 24 58.699458014 0.0
1 25 58.699458014 0.0
1 26 58.699458014 0.0
1 27 58.699458014 0.0
1 28 58.699458014 0.0
1 29 58.699458014 0.0
1 30 58.699458014 0.0
1 31 58.699458014 0.0
2 0 57.84812744 0.0
2 1 57.84812744 0.0
2 2 57.84812744 0.0
2 3 57.84812744 0.0
2 4 57.84812744 0.0
2 5 57.84812744 0.0
2 6 57.84812744 0.0
2 7 57.84812744 0.0
2 8 57.84812744 0.0
2 9 57.84812744 0.0
2 10 57.84812744 0.0
2 11 57.84812744 0.0
2 12 57.84812744 0.0
2 13 57.84812744 0.0
2 14 57.84812744 0.0
2 15 57.84812744 0.0
2 16 57.84812744 0.0
2 17 57.84812744 0.0
2 18 57.84812744 0.0
2 19 57.84812744 0.0
2 20 57.84812744 0.0
2 21 57.84812744 0.0
2 22 57.84812744 0.0
2 23 57.84812744 0.0
2 24 57.84812744 0.0
2 25 57.84812744 0.0
2 26 57.84812744 0.0
2 27 57.84812744 0.0
2 28 57.84812744 0.0
2 29 57.84812744 0.0
2 30 57.84812744 0.0
2 31 57.84812744 0.0
3 0 56.758778078 0.0
3 1 56.758778078 0.0
3 2 56.758778078 0.0
3 3 56.758778078 0.0
3 4 56.758778078 0.0
3 5 56.758778078 0.0
3 6 56.758778078 0.0
3 7 56.758778078 0.0
3 8 56.758778078 0.0
3 9 56.758778078 0.0
3 10 56.758778078 0.0
3 11 56.758778078 0.0
3 12 56.758778078 0.0
3 13 56.758778078 0.0
3 14 56.758778078 0.0
3 15 56.758778078 0.0
3 16 56.758778078 0.0
3 17 56.758778078 0.0
3 18 56.758778078 0.0
3 19 56.758778078 0.0
3 20 56.758778078 0.0
3 21 56.758778078 0.0
3 22 56.758778078 0.0
3 23 56.758778078 0.0
3 24 56.758778078 0.0
3 25 56.758778078 0.0
3 26 56.758778078 0.0
3 27 56.758778078 0.0
3 28 56.758778078 0.0
3 29 56.758778078 0.0
3 30 56.758778078 0.0
3 31 56.758778078 0.0
4 0 55.89420899 0.0
4 1 55.89420899 0.0
4 2 55.89420899 0.0
4 3 55.89420899 0.0
4 4 55.89420899 0.0
4 5 55.89420899 0.0
4 6 55.89420899 0.0
4 7 55.89420899 0.0
4 8 55.89420899 0.0
4 9 55.89420899 0.0
4 10 55.89420899 0.0
4 11 55.89420899 0.0
4 12 55.89420899 0.0
4 13 55.89420899 0.0
4 14 55.89420899 0.0
4 15 55.89420899 0.0
4 16 55.464313964 0.0
4 17 55.464313964 0.0
4 18 55.464313964 0.0
4 19 55.464313964 0.0
4 20 55.464313964 0.0
4 21 55.464313964 0.0
4 22 55.464313964 0.0
4 23 55.464313964 0.0
4 24 55.464313964 0.0
4 25 55.464313964 0.0
4 26 55.464313964 0.0
4 27 55.464313964 0.0
4 28 55.464313964 0.0
4 29 55.464313964 0.0
4 30 55.464313964 0.0
4 31 55.464313964 0.0
5 0 56.508125 0.0255
5 1 56.508125 0.0255
5 2 56.508125 0.0255
5 3 56.508125 0.0255
5 4 56.508125 0.0255
5 5 56.508125 0.0255
5 6 56.508125 0.0255
5 7 56.508125 0.0255
5 8 56.508125 0.0255
5 9 56.508125 0.0255
5 10 56.508125 0.0255
5 11 56.508125 0.0255
5 12 56.508125 0.0255
5 13 56.508125 0.0255
5 14 56.508125 0.0255
5 15 56.508125 0.0255
5 16 55.838013908 0.0165
5 17 55.838013908 0.0165
5 18 55.838013908 0.0165
5 19 55.838013908 0.0165
5 20 55.838013908 0.0165
5 21 55.838013908 0.0165
5 22 55.838013908 0.0165
5 23 55.838013908 0.0165
5 24 55.838013908 0.0165
5 25 55.838013908 0.0165
5 26 55.838013908 0.0165
5 27 55.838013908 0.0165
5 28 55.838013908 0.0165
5 29 55.838013908 0.0165
5 30 55.838013908 0.0165
5 31 55.838013908 0.0165
6 0 59.045087894 0.10049999999999999
6 1 59.045087894 0.10049999999999999
6 2 59.045087894 0.10049999999999999
6 3 59.045087894 0.10049999999999999
6 4 59.045087894 0.10049999999999999
6 5 59.045087894 0.10049999999999999
6 6 59.045087894 0.10049999999999999
6 7 59.045087894 0.10049999999999999
6 8 59.045087894 0.10049999999999999
6 9 59.045087894 0.10049999999999999
6 10 59.045087894 0.10049999999999999
6 11 59.045087894 0.10049999999999999
6 12 59.045087894 0.10049999999999999
6 13 59.045087894 0.10049999999999999
6 14 59.045087894 0.10049999999999999
6 15 59.045087894 0.10049999999999999
6 16 58.2737378 0.174
6 17 58.2737378 0.174
6 18 58.2737378 0.174
6 19 58.2737378 0.174
6 20 58.2737378 0.174
6 21 58.2737378 0.174
6 22 58.2737378 0.174
6 23 58.2737378 0.174
6 24 58.2737378 0.174
6 25 58.2737378 0.174
6 26 58.2737378 0.174
6 27 58.2737378 0.174
6 28 58.2737378 0.174
6 29 58.2737378 0.174
6 30 58.2737378 0.174
6 31 58.2737378 0.174
7 0 61.61204345 0.249
7 1 61.61204345 0.249
7 2 61.61204345 0.249
7 3 61.61204345 0.249
7 4 61.61204345 0.249
7 5 61.61204345 0.249
7 6 61.61204345 0.249
7 7 61.61204345 0.249
7 8 61.61204345 0.249
7 9 61.61204345 0.249
7 10 61.61204345 0.249
7 11 61.61204345 0.249
7 12 61.61204345 0.249
7 13 61.61204345 0.249
7 14 61.61204345 0.249
7 15 61.61204345 0.249
7 16 61.988489996 0.39449999999999996
7 17 61.988489996 0.39449999999999996
7 18 61.988489996 0.39449999999999996
7 19 61.988489996 0.39449999999999996
7 20 61.988489996 0.39449999999999996
7 21 61.988489996 0.39449999999999996
7 22 61.988489996 0.39449999999999996
7 23 61.988489996 0.39449999999999996
7 24 61.988489996 0.39449999999999996
7 25 61.988489996 0.39449999999999996
7 26 61.988489996 0.39449999999999996
7 27 61.988489996 0.39449999999999996
7 28 61.988489996 0.39449999999999996
7 29 61.988489996 0.39449999999999996
7 30 61.988489996 0.39449999999999996
7 31 61.988489996 0.39449999999999996
8 0 62.821033934 0.504
8 1 62.821033934 0.504
8 2 62.821033934 0.504
8 3 62.821033934 0.504
8 4 62.821033934 0.504
8 5 62.821033934 0.504
8 6 62.821033934 0.504
8 7 62.821033934 0.504
8 8 65.71867798400001 0.6315
8 9 65.71867798400001 0.6315
8 10 65.71867798400001 0.6315
8 11 65.71867798400001 0.6315
8 12 65.71867798400001 0.6315
8 13 65.71867798400001 0.6315
8 14 65.71867798400001 0.6315
8 15 65.71867798400001 0.6315
8 16 65.71867798400001 0.6315
8 17 65.71867798400001 0.6315
8 18 65.71867798400001 0.6315
8 19 65.71867798400001 0.6315
8 20 65.71867798400001 0.6315
8 21 65.71867798400001 0.6315
8 22 65.71867798400001 0.6315
8 23 65.71867798400001 0.6315
8 24 65.746583258 0.735
8 25 65.746583258 0.735
8 26 65.746583258 0.735
8 27 65.746583258 0.735
8 28 65.746583258 0.735
8 29 65.746583258 0.735
8 30 65.746583258 0.735
8 31 65.746583258 0.735
9 0 64.166914058 0.4335
9 1 64.166914058 0.4335
9 2 64.166914058 0.4335
9 3 64.166914058 0.4335
9 4 64.166914058 0.4335
9 5 64.166914058 0.4335
9 6 64.166914058 0.4335
9 7 64.166914058 0.4335
9 8 68.49530762 0.8535
9 9 68.49530762 0.8535
9 10 68.49530762 0.8535
9 11 68.49530762 0.8535
9 12 68.49530762 0.8535
9 13 68.49530762 0.8535
9 14 68.49530762 0.8535
9 15 68.49530762 0.8535
9 16 68.49530762 0.8535
9 17 68.49530762 0.8535
9 18 68.49530762 0.8535
9 19 68.49530762 0.8535
9 20 68.49530762 0.8535
9 21 68.49530762 0.8535
9 22 68.49530762 0.8535
9 23 68.49530762 0.8535
9 24 68.976234122 0.957
9 25 68.976234122 0.957
9 26 68.976234122 0.957
9 27 68.976234122 0.957
9 28 68.976234122 0.957
9 29 68.976234122 0.957
9 30 68.976234122 0.957
9 31 68.976234122 0.957
10 0 66.66361206799999 0.276
10 1 66.66361206799999 0.276
10 2 66.66361206799999 0.276
10 3 66.66361206799999 0.276
10 4 66.66361206799999 0.276
10 5 66.66361206799999 0.276
10 6 66.66361206799999 0.276
10 7 66.66361206799999 0.276
10 8 70.225599362 1.041
10 9 70.225599362 1.041
10 10 70.225599362 1.041
10 11 70.225599362 1.041
10 12 70.225599362 1.041
10 13 70.225599362 1.041
10 14 70.225599362 1.041
10 15 70.225599362 1.041
10 16 70.225599362 1.041
10 17 70.225599362 1.041
10 18 70.225599362 1.041
10 19 70.225599362 1.041
10 20 70.225599362 1.041
10 21 70.225599362 1.041
10 22 70.225599362 1.041
10 23 70.225599362 1.041
10 24 71.864979242 1.14
10 25 71.864979242 1.14
10 26 71.864979242 1.14
10 27 71.864979242 1.14
10 28 71.864979242 1.14
10 29 71.864979242 1.14
10 30 71.864979242 1.14
10 31 71.864979242 1.14
11 0 69.79603393400001 0.8145
11 1 69.79603393400001 0.8145
11 2 69.79603393400001 0.8145
11 3 69.79603393400001 0.8145
11 4 69.79603393400001 0.8145
11 5 69.79603393400001 0.8145
11 6 69.79603393400001 0.8145
11 7 69.79603393400001 0.8145
11 8 71.34823731200001 1.1745
11 9 71.34823731200001 1.1745
11 10 71.34823731200001 1.1745
11 11 71.34823731200001 1.1745
11 12 71.34823731200001 1.1745
11 13 71.34823731200001 1.1745
11 14 71.34823731200001 1.1745
11 15 71.34823731200001 1.1745
11 16 71.34823731200001 1.1745
11 17 71.34823731200001 1.1745
11 18 71.34823731200001 1.1745
11 19 71.34823731200001 1.1745
11 20 71.34823731200001 1.1745
11 21 71.34823731200001 1.1745
11 22 71.34823731200001 1.1745
11 23 71.34823731200001 1.1745
11 24 74.2971875 1.272
11 25 74.2971875 1.272
11 26 74.2971875 1.272
11 27 74.2971875 1.272
11 28 74.2971875 1.272
11 29 74.2971875 1.272
11 30 74.2971875 1.272
11 31 74.2971875 1.272
12 0 72.31025512400001 1.164
12 1 72.31025512400001 1.164
12 2 72.31025512400001 1.164
12 3 72.31025512400001 1.164
12 4 72.323328866 0.828
12 5 72.323328866 0.828
12 6 72.323328866 0.828
12 7 72.323328866 0.828
12 8 72.143647466 1.068
12 9 72.143647466 1.068
12 10 72.143647466 1.068
12 11 72.143647466 1.068
12 12 72.553107902 1.239
12 13 72.553107902 1.239
12 14 72.553107902 1.239
12 15 72.553107902 1.239
12 16 72.143647466 1.068
12 17 72.143647466 1.068
12 18 72.143647466 1.068
12 19 72.143647466 1.068
12 20 72.553107902 1.239
12 21 72.553107902 1.239
12 22 72.553107902 1.239
12 23 72.553107902 1.239
12 24 76.18875854 1.341
12 25 76.18875854 1.341
12 26 76.18875854 1.341
12 27 76.18875854 1.341
12 28 76.480555424 1.3335
12 29 76.480555424 1.3335
12 30 76.480555424 1.3335
12 31 76.480555424 1.3335
13 0 73.662562256 1.1055
13 1 73.662562256 1.1055
13 2 73.662562256 1.1055
13 3 73.662562256 1.1055
13 4 73.313691404 0.855
13 5 73.313691404 0.855
13 6 73.313691404 0.855
13 7 73.313691404 0.855
13 8 72.705433352 0.81
13 9 72.705433352 0.81
13 10 72.705433352 0.81
13 11 72.705433352 0.81
13 12 73.527210698 1.236
13 13 73.527210698 1.236
13 14 73.527210698 1.236
13 15 73.527210698 1.236
13 16 72.705433352 0.81
13 17 72.705433352 0.81
13 18 72.705433352 0.81
13 19 72.705433352 0.81
13 20 73.527210698 1.236
13 21 73.527210698 1.236
13 22 73.527210698 1.236
13 23 73.527210698 1.236
13 24 77.44070557399999 1.341
13 25 77.44070557399999 1.341
13 26 77.44070557399999 1.341
13 27 77.44070557399999 1.341
13 28 77.91954467 1.3335
13 29 77.91954467 1.3335
13 30 77.91954467 1.3335
13 31 77.91954467 1.3335
14 0 74.000996096 0.7439999999999999
14 1 74.000996096 0.7439999999999999
14 2 74.000996096 0.7439999999999999
14 3 74.000996096 0.7439999999999999
14 4 73.43525512400001 0.867
14 5 73.43525512400001 0.867
14 6 73.43525512400001 0.867
14 7 73.43525512400001 0.867
14 8 72.99294555200001 0.711
14 9 72.99294555200001 0.711
14 10 72.99294555200001 0.711
14 11 72.99294555200001 0.711
14 12 73.753089602 0.1455
14 13 73.753089602 0.1455
14 14 73.753089602 0.1455
14 15 73.753089602 0.1455
14 16 72.99294555200001 0.711
14 17 72.99294555200001 0.711
14 18 72.99294555200001 0.711
14 19 72.99294555200001 0.711
14 20 73.753089602 0.1455
14 21 73.753089602 0.1455
14 22 73.753089602 0.1455
14 23 73.753089602 0.1455
14 24 77.87922485 1.272
14 25 77.87922485 1.272
14 26 77.87922485 1.272
14 27 77.87922485 1.272
14 28 78.661121828 1.062
14 29 78.661121828 1.062
14 30 78.661121828 1.062
14 31 78.661121828 1.062
15 0 73.63372314200001 0.6764999999999999
15 1 73.63372314200001 0.6764999999999999
15 2 73.63372314200001 0.6764999999999999
15 3 73.63372314200001 0.6764999999999999
15 4 72.987727046 0.6225
15 5 72.987727046 0.6225
15 6 72.987727046 0.6225
15 7 72.987727046 0.6225
15 8 72.870338138 1.0455
15 9 72.870338138 1.0455
15 10 72.870338138 1.0455
15 11 72.870338138 1.0455
15 12 73.613398442 0.1275
15 13 73.613398442 0.1275
15 14 73.613398442 0.1275
15 15 73.613398442 0.1275
15 16 72.870338138 1.0455
15 17 72.870338138 1.0455
15 18 72.870338138 1.0455
15 19 72.870338138 1.0455
15 20 73.613398442 0.1275
15 21 73.613398442 0.1275
15 22 73.613398442 0.1275
15 23 73.613398442 0.1275
15 24 77.442792962 1.14
15 25 77.442792962 1.14
15 26 77.442792962 1.14
15 27 77.442792962 1.14
15 28 78.680897222 1.131
15 29 78.680897222 1.131
15 30 78.680897222 1.131
15 31 78.680897222 1.131
16 0 72.865174568 0.8939999999999999
16 1 72.865174568 0.8939999999999999
16 2 73.246180424 0.7935
16 3 73.246180424 0.7935
16 4 72.501142586 0.6885
16 5 72.501142586 0.6885
16 6 72.26944091600001 0.861
16 7 72.26944091600001 0.861
16 8 72.26944091600001 0.861
16 9 72.26944091600001 0.861
16 10 72.501142586 0.6885
16 11 72.501142586 0.6885
16 12 73.246180424 0.7935
16 13 73.246180424 0.7935
16 14 72.865174568 0.8939999999999999
16 15 72.865174568 0.8939999999999999
16 16 72.26944091600001 0.861
16 17 72.26944091600001 0.861
16 18 72.501142586 0.6885
16 19 72.501142586 0.6885
16 20 73.246180424 0.7935
16 21 73.246180424 0.7935
16 22 72.865174568 0.8939999999999999
16 23 72.865174568 0.8939999999999999
16 24 76.261488044 0.9539999999999998
16 25 76.261488044 0.9539999999999998
16 26 75.824451896 0.7425
16 27 75.824451896 0.7425
16 28 77.971125488 0.9464999999999999
16 29 77.971125488 0.9464999999999999
16 30 76.261488044 0.9539999999999998
16 31 76.261488044 0.9539999999999998
17 0 71.658216554 0.6075
17 1 71.658216554 0.6075
17 2 72.451044914 0.633
17 3 72.451044914 0.633
17 4 72.07657592000001 0.6105
17 5 72.07657592000001 0.6105
17 6 71.07182128400001 0.639
17 7 71.07182128400001 0.639
17 8 71.07182128400001 0.639
17 9 71.07182128400001 0.639
17 10 72.07657592000001 0.6105
17 11 72.07657592000001 0.6105
17 12 72.451044914 0.633
17 13 72.451044914 0.633
17 14 71.658216554 0.6075
17 15 71.658216554 0.6075
17 16 71.07182128400001 0.639
17 17 71.07182128400001 0.639
17 18 72.07657592000001 0.6105
17 19 72.07657592000001 0.6105
17 20 72.451044914 0.633
17 21 72.451044914 0.633
17 22 71.658216554 0.6075
17 23 71.658216554 0.6075
17 24 74.417158202 0.7305
17 25 74.417158202 0.7305
17 26 74.474946284 0.585
17 27 74.474946284 0.585
17 28 76.54109009 0.7245
17 29 76.54109009 0.7245
17 30 74.417158202 0.7305
17 31 74.417158202 0.7305
18 0 69.85047119000001 0.411
18 1 69.85047119000001 0.411
18 2 70.618800056 0.3555
18 3 70.618800056 0.3555
18 4 71.472602534 0.441
18 5 71.472602534 0.441
18 6 68.913172616 0.4035
18 7 68.913172616 0.4035
18 8 68.913172616 0.4035
18 9 68.913172616 0.4035
18 10 71.472602534 0.441
18 11 71.472602534 0.441
18 12 70.618800056 0.3555
18 13 70.618800056 0.3555
18 14 69.85047119000001 0.411
18 15 69.85047119000001 0.411
18 16 68.913172616 0.4035
18 17 68.913172616 0.4035
18 18 71.472602534 0.441
18 19 71.472602534 0.441
18 20 70.618800056 0.3555
18 21 70.618800056 0.3555
18 22 69.85047119000001 0.411
18 23 69.85047119000001 0.411
18 24 71.90843018000001 0.49199999999999994
18 25 71.90843018000001 0.49199999999999994
18 26 73.09385497400001 0.2925
18 27 73.09385497400001 0.2925
18 28 74.186665034 0.486
18 29 74.186665034 0.486
18 30 71.90843018000001 0.49199999999999994
18 31 71.90843018000001 0.49199999999999994
19 0 67.298347166 0.2055
19 1 67.298347166 0.2055
19 2 67.870844726 0.0705
19 3 67.870844726 0.0705
19 4 70.297944332 0.225
19 5 70.297944332 0.225
19 6 65.84820679399999 0.18
19 7 65.84820679399999 0.18
19 8 65.84820679399999 0.18
19 9 65.84820679399999 0.18
19 10 70.297944332 0.225
19 11 70.297944332 0.225
19 12 67.870844726 0.0705
19 13 67.870844726 0.0705
19 14 67.298347166 0.2055
19 15 67.298347166 0.2055
19 16 65.84820679399999 0.18
19 17 65.84820679399999 0.18
19 18 70.297944332 0.225
19 19 70.297944332 0.225
19 20 67.870844726 0.0705
19 21 67.870844726 0.0705
19 22 67.298347166 0.2055
19 23 67.298347166 0.2055
19 24 68.583802496 0.261
19 25 68.583802496 0.261
19 26 71.638166498 0.213
19 27 71.638166498 0.213
19 28 70.7034497 0.2565
19 29 70.7034497 0.2565
19 30 68.583802496 0.261
19 31 68.583802496 0.261
20 0 65.188148198 0.0435
20 1 65.756745608 0.072
20 2 65.774158934 0.0075
20 3 65.908796378 0.0165
20 4 69.15382813400001 0.05399999999999999
20 5 67.732307132 0.069
20 6 63.201820064 0.0195
20 7 62.506440428000005 0.045
20 8 63.201820064 0.0195
20 9 62.506440428000005 0.045
20 10 69.15382813400001 0.05399999999999999
20 11 67.732307132 0.069
20 12 65.774158934 0.0075
20 13 65.908796378 0.0165
20 14 65.188148198 0.0435
20 15 65.756745608 0.072
20 16 63.201820064 0.0195
20 17 62.506440428000005 0.045
20 18 69.15382813400001 0.05399999999999999
20 19 67.732307132 0.069
20 20 65.774158934 0.0075
20 21 65.908796378 0.0165
20 22 65.188148198 0.0435
20 23 65.756745608 0.072
20 24 65.693244632 0.0735
20 25 66.505024418 0.0435
20 26 70.22807128400001 0.0525
20 27 69.563398442 0.051
20 28 67.732307132 0.069
20 29 69.563398442 0.051
20 30 65.693244632 0.0735
20 31 66.505024418 0.0435
21 0 64.177076408 0.0
21 1 64.954084478 0.0
21 2 64.642292474 0.0
21 3 64.895856926 0.0
21 4 68.448560792 0.0
21 5 66.2753003 0.0
21 6 61.492292474 0.0
21 7 60.689741216 0.0
21 8 61.492292474 0.0
21 9 60.689741216 0.0
21 10 68.448560792 0.0
21 11 66.2753003 0.0
21 12 64.642292474 0.0
21 13 64.895856926 0.0
21 14 64.177076408 0.0
21 15 64.954084478 0.0
21 16 61.492292474 0.0
21 17 60.689741216 0.0
21 18 68.448560792 0.0
21 19 66.2753003 0.0
21 20 64.642292474 0.0
21 21 64.895856926 0.0
21 22 64.177076408 0.0
21 23 64.954084478 0.0
21 24 63.750037838 0.0
21 25 65.608485116 0.0
21 26 69.103620608 0.0
21 27 68.67103393400001 0.0
21 28 66.2753003 0.0
21 29 68.67103393400001 0.0
21 30 63.750037838 0.0
21 31 65.608485116 0.0
22 0 63.50405396000001 0.0
22 1 64.00426146800001 0.0
22 2 63.45296753 0.0
22 3 63.792719726 0.0
22 4 67.70819213600001 0.0
22 5 65.269117436 0.0
22 6 60.047645270000004 0.0
22 7 59.427906494 0.0
22 8 60.047645270000004 0.0
22 9 59.427906494 0.0
22 10 67.70819213600001 0.0
22 11 65.269117436 0.0
22 12 63.45296753 0.0
22 13 63.792719726 0.0
22 14 63.50405396000001 0.0
22 15 64.00426146800001 0.0
22 16 60.047645270000004 0.0
22 17 59.427906494 0.0
22 18 67.70819213600001 0.0
22 19 65.269117436 0.0
22 20 63.45296753 0.0
22 21 63.792719726 0.0
22 22 63.50405396000001 0.0
22 23 64.00426146800001 0.0
22 24 61.91977051400001 0.0
22 25 64.31418579199999 0.0
22 26 68.189503172 0.0
22 27 67.89655274 0.0
22 28 65.269117436 0.0
22 29 67.89655274 0.0
22 30 61.91977051400001 0.0
22 31 64.31418579199999 0.0
23 0 62.837293694 0.0
23 1 63.104591066 0.0
23 2 62.048640128 0.0
23 3 62.58773926400001 0.0
23 4 66.87125366000001 0.0
23 5 64.24376342 0.0
23 6 58.677430424 0.0
23 7 58.363056644 0.0
23 8 58.677430424 0.0
23 9 58.363056644 0.0
23 10 66.87125366000001 0.0
23 11 64.24376342 0.0
23 12 62.048640128 0.0
23 13 62.58773926400001 0.0
23 14 62.837293694 0.0
23 15 63.104591066 0.0
23 16 58.677430424 0.0
23 17 58.363056644 0.0
23 18 66.87125366000001 0.0
23 19 64.24376342 0.0
23 20 62.048640128 0.0
23 21 62.58773926400001 0.0
23 22 62.837293694 0.0
23 23 63.104591066 0.0
23 24 60.426398930000005 0.0
23 25 62.659150394 0.0
23 26 67.42809570200001 0.0
23 27 67.039509272 0.0
23 28 64.24376342 0.0
23 29 67.039509272 0.0
23 30 60.426398930000005 0.0
23 31 62.659150394 0.0
