time period scenario temperature renewable energy
0 0 66.763093262 0.0
0 1 66.763093262 0.0
0 2 66.763093262 0.0
0 3 66.763093262 0.0
0 4 66.763093262 0.0
0 5 66.763093262 0.0
0 6 66.763093262 0.0
0 7 66.763093262 0.0
0 8 66.763093262 0.0
0 9 66.763093262 0.0
0 10 66.763093262 0.0
0 11 66.763093262 0.0
0 12 66.763093262 0.0
0 13 66.763093262 0.0
0 14 66.763093262 0.0
0 15 66.763093262 0.0
0 16 66.763093262 0.0
0 17 66.763093262 0.0
0 18 66.763093262 0.0
0 19 66.763093262 0.0
0 20 66.763093262 0.0
0 21 66.763093262 0.0
0 22 66.763093262 0.0
0 23 66.763093262 0.0
0 24 66.763093262 0.0
0 25 66.763093262 0.0
0 26 66.763093262 0.0
0 27 66.763093262 0.0
0 28 66.763093262 0.0
0 29 66.763093262 0.0
0 30 66.763093262 0.0
0 31 66.763093262 0.0
1 0 66.121162106 0.0
1 1 66.121162106 0.0
1 2 66.121162106 0.0
1 3 66.121162106 0.0
1 4 66.121162106 0.0
1 5 66.121162106 0.0
1 6 66.121162106 0.0
1 7 66.121162106 0.0
1 8 66.121162106 0.0
1 9 66.121162106 0.0
1 10 66.121162106 0.0
1 11 66.121162106 0.0
1 12 66.121162106 0.0
1 13 66.121162106 0.0
1 14 66.121162106 0.0
1 15 66.121162106 0.0
1 16 66.121162106 0.0
1 17 66.121162106 0.0
1 18 66.121162106 0.0
1 19 66.121162106 0.0
1 20 66.121162106 0.0
1 21 66.121162106 0.0
1 22 66.121162106 0.0
1 23 66.121162106 0.0
1 24 66.121162106 0.0
1 25 66.121162106 0.0
1 26 66.121162106 0.0
1 27 66.121162106 0.0
1 28 66.121162106 0.0
1 29 66.121162106 0.0
1 30 66.121162106 0.0
1 31 66.121162106 0.0
2 0 65.47994506399999 0.0
2 1 65.47994506399999 0.0
2 2 65.47994506399999 0.0
2 3 65.47994506399999 0.0
2 4 65.47994506399999 0.0
2 5 65.47994506399999 0.0
2 6 65.47994506399999 0.0
2 7 65.47994506399999 0.0
2 8 65.47994506399999 0.0
2 9 65.47994506399999 0.0
2 10 65.47994506399999 0.0
2 11 65.47994506399999 0.0
2 12 65.47994506399999 0.0
2 13 65.47994506399999 0.0
2 14 65.47994506399999 0.0
2 15 65.47994506399999 0.0
2 16 65.47994506399999 0.0
2 17 65.47994506399999 0.0
2 18 65.47994506399999 0.0
2 19 65.47994506399999 0.0
2 20 65.47994506399999 0.0
2 21 65.47994506399999 0.0
2 22 65.47994506399999 0.0
2 23 65.47994506399999 0.0
2 24 65.47994506399999 0.0
2 25 65.47994506399999 0.0
2 26 65.47994506399999 0.0
2 27 65.47994506399999 0.0
2 28 65.47994506399999 0.0
2 29 65.47994506399999 0.0
2 30 65.47994506399999 0.0
2 31 65.47994506399999 0.0
3 0 64.99456908799999 0.0
3 1 64.99456908799999 0.0
3 2 64.99456908799999 0.0
3 3 64.99456908799999 0.0
3 4 64.99456908799999 0.0
3 5 64.99456908799999 0.0
3 6 64.99456908799999 0.0
3 7 64.99456908799999 0.0
3 8 64.99456908799999 0.0
3 9 64.99456908799999 0.0
3 10 64.99456908799999 0.0
3 11 64.99456908799999 0.0
3 12 64.99456908799999 0.0
3 13 64.99456908799999 0.0
3 14 64.99456908799999 0.0
3 15 64.99456908799999 0.0
3 16 64.99456908799999 0.0
3 17 64.99456908799999 0.0
3 18 64.99456908799999 0.0
3 19 64.99456908799999 0.0
3 20 64.99456908799999 0.0
3 21 64.99456908799999 0.0
3 22 64.99456908799999 0.0
3 23 64.99456908799999 0.0
3 24 64.99456908799999 0.0
3 25 64.99456908799999 0.0
3 26 64.99456908799999 0.0
3 27 64.99456908799999 0.0
3 28 64.99456908799999 0.0
3 29 64.99456908799999 0.0
3 30 64.99456908799999 0.0
3 31 64.99456908799999 0.0
4 0 65.01214722200001 0.0
4 1 65.01214722200001 0.0
4 2 65.01214722200001 0.0
4 3 65.01214722200001 0.0
4 4 65.01214722200001 0.0
4 5 65.01214722200001 0.0
4 6 65.01214722200001 0.0
4 7 65.01214722200001 0.0
4 8 65.01214722200001 0.0
4 9 65.01214722200001 0.0
4 10 65.01214722200001 0.0
4 11 65.01214722200001 0.0
4 12 65.01214722200001 0.0
4 13 65.01214722200001 0.0
4 14 65.01214722200001 0.0
4 15 65.01214722200001 0.0
4 16 63.291688232 0.0
4 17 63.291688232 0.0
4 18 63.291688232 0.0
4 19 63.291688232 0.0
4 20 63.291688232 0.0
4 21 63.291688232 0.0
4 22 63.291688232 0.0
4 23 63.291688232 0.0
4 24 63.291688232 0.0
4 25 63.291688232 0.0
4 26 63.291688232 0.0
4 27 63.291688232 0.0
4 28 63.291688232 0.0
4 29 63.291688232 0.0
4 30 63.291688232 0.0
4 31 63.291688232 0.0
5 0 65.937141122 0.0525
5 1 65.937141122 0.0525
5 2 65.937141122 0.0525
5 3 65.937141122 0.0525
5 4 65.937141122 0.0525
5 5 65.937141122 0.0525
5 6 65.937141122 0.0525
5 7 65.937141122 0.0525
5 8 65.937141122 0.0525
5 9 65.937141122 0.0525
5 10 65.937141122 0.0525
5 11 65.937141122 0.0525
5 12 65.937141122 0.0525
5 13 65.937141122 0.0525
5 14 65.937141122 0.0525
5 15 65.937141122 0.0525
5 16 63.140351558 0.026999999999999996
5 17 63.140351558 0.026999999999999996
5 18 63.140351558 0.026999999999999996
5 19 63.140351558 0.026999999999999996
5 20 63.140351558 0.026999999999999996
5 21 63.140351558 0.026999999999999996
5 22 63.140351558 0.026999999999999996
5 23 63.140351558 0.026999999999999996
5 24 63.140351558 0.026999999999999996
5 25 63.140351558 0.026999999999999996
5 26 63.140351558 0.026999999999999996
5 27 63.140351558 0.026999999999999996
5 28 63.140351558 0.026999999999999996
5 29 63.140351558 0.026999999999999996
5 30 63.140351558 0.026999999999999996
5 31 63.140351558 0.026999999999999996
6 0 68.101173104 0.222
6 1 68.101173104 0.222
6 2 68.101173104 0.222
6 3 68.101173104 0.222
6 4 68.101173104 0.222
6 5 68.101173104 0.222
6 6 68.101173104 0.222
6 7 68.101173104 0.222
6 8 68.101173104 0.222
6 9 68.101173104 0.222
6 10 68.101173104 0.222
6 11 68.101173104 0.222
6 12 68.101173104 0.222
6 13 68.101173104 0.222
6 14 68.101173104 0.222
6 15 68.101173104 0.222
6 16 64.165650638 0.1665
6 17 64.165650638 0.1665
6 18 64.165650638 0.1665
6 19 64.165650638 0.1665
6 20 64.165650638 0.1665
6 21 64.165650638 0.1665
6 22 64.165650638 0.1665
6 23 64.165650638 0.1665
6 24 64.165650638 0.1665
6 25 64.165650638 0.1665
6 26 64.165650638 0.1665
6 27 64.165650638 0.1665
6 28 64.165650638 0.1665
6 29 64.165650638 0.1665
6 30 64.165650638 0.1665
6 31 64.165650638 0.1665
7 0 70.865827628 0.435
7 1 70.865827628 0.435
7 2 70.865827628 0.435
7 3 70.865827628 0.435
7 4 70.865827628 0.435
7 5 70.865827628 0.435
7 6 70.865827628 0.435
7 7 70.865827628 0.435
7 8 70.865827628 0.435
7 9 70.865827628 0.435
7 10 70.865827628 0.435
7 11 70.865827628 0.435
7 12 70.865827628 0.435
7 13 70.865827628 0.435
7 14 70.865827628 0.435
7 15 70.865827628 0.435
7 16 66.437403566 0.37949999999999995
7 17 66.437403566 0.37949999999999995
7 18 66.437403566 0.37949999999999995
7 19 66.437403566 0.37949999999999995
7 20 66.437403566 0.37949999999999995
7 21 66.437403566 0.37949999999999995
7 22 66.437403566 0.37949999999999995
7 23 66.437403566 0.37949999999999995
7 24 66.437403566 0.37949999999999995
7 25 66.437403566 0.37949999999999995
7 26 66.437403566 0.37949999999999995
7 27 66.437403566 0.37949999999999995
7 28 66.437403566 0.37949999999999995
7 29 66.437403566 0.37949999999999995
7 30 66.437403566 0.37949999999999995
7 31 66.437403566 0.37949999999999995
8 0 73.31012085200001 0.66
8 1 73.31012085200001 0.66
8 2 73.31012085200001 0.66
8 3 73.31012085200001 0.66
8 4 73.31012085200001 0.66
8 5 73.31012085200001 0.66
8 6 73.31012085200001 0.66
8 7 73.31012085200001 0.66
8 8 74.277137444 0.564
8 9 74.277137444 0.564
8 10 74.277137444 0.564
8 11 74.277137444 0.564
8 12 74.277137444 0.564
8 13 74.277137444 0.564
8 14 74.277137444 0.564
8 15 74.277137444 0.564
8 16 69.431782226 0.4815
8 17 69.431782226 0.4815
8 18 69.431782226 0.4815
8 19 69.431782226 0.4815
8 20 69.431782226 0.4815
8 21 69.431782226 0.4815
8 22 69.431782226 0.4815
8 23 69.431782226 0.4815
8 24 71.27710082600001 0.6405
8 25 71.27710082600001 0.6405
8 26 71.27710082600001 0.6405
8 27 71.27710082600001 0.6405
8 28 71.27710082600001 0.6405
8 29 71.27710082600001 0.6405
8 30 71.27710082600001 0.6405
8 31 71.27710082600001 0.6405
9 0 74.937141122 0.87
9 1 74.937141122 0.87
9 2 74.937141122 0.87
9 3 74.937141122 0.87
9 4 74.937141122 0.87
9 5 74.937141122 0.87
9 6 74.937141122 0.87
9 7 74.937141122 0.87
9 8 76.585419914 0.726
9 9 76.585419914 0.726
9 10 76.585419914 0.726
9 11 76.585419914 0.726
9 12 76.585419914 0.726
9 13 76.585419914 0.726
9 14 76.585419914 0.726
9 15 76.585419914 0.726
9 16 71.837073968 0.7064999999999999
9 17 71.837073968 0.7064999999999999
9 18 71.837073968 0.7064999999999999
9 19 71.837073968 0.7064999999999999
9 20 71.837073968 0.7064999999999999
9 21 71.837073968 0.7064999999999999
9 22 71.837073968 0.7064999999999999
9 23 71.837073968 0.7064999999999999
9 24 74.994984122 0.9345
9 25 74.994984122 0.9345
9 26 74.994984122 0.9345
9 27 74.994984122 0.9345
9 28 74.994984122 0.9345
9 29 74.994984122 0.9345
9 30 74.994984122 0.9345
9 31 74.994984122 0.9345
10 0 75.64740722600001 0.8835
10 1 75.64740722600001 0.8835
10 2 75.64740722600001 0.8835
10 3 75.64740722600001 0.8835
10 4 75.64740722600001 0.8835
10 5 75.64740722600001 0.8835
10 6 75.64740722600001 0.8835
10 7 75.64740722600001 0.8835
10 8 78.01919067200001 1.0139999999999998
10 9 78.01919067200001 1.0139999999999998
10 10 78.01919067200001 1.0139999999999998
10 11 78.01919067200001 1.0139999999999998
10 12 78.01919067200001 1.0139999999999998
10 13 78.01919067200001 1.0139999999999998
10 14 78.01919067200001 1.0139999999999998
10 15 78.01919067200001 1.0139999999999998
10 16 73.129615484 0.9839999999999999
10 17 73.129615484 0.9839999999999999
10 18 73.129615484 0.9839999999999999
10 19 73.129615484 0.9839999999999999
10 20 73.129615484 0.9839999999999999
10 21 73.129615484 0.9839999999999999
10 22 73.129615484 0.9839999999999999
10 23 73.129615484 0.9839999999999999
10 24 77.71322143399999 1.1145
10 25 77.71322143399999 1.1145
10 26 77.71322143399999 1.1145
10 27 77.71322143399999 1.1145
10 28 77.71322143399999 1.1145
10 29 77.71322143399999 1.1145
10 30 77.71322143399999 1.1145
10 31 77.71322143399999 1.1145
11 0 75.89608276999999 0.7964999999999999
11 1 75.89608276999999 0.7964999999999999
11 2 75.89608276999999 0.7964999999999999
11 3 75.89608276999999 0.7964999999999999
11 4 75.89608276999999 0.7964999999999999
11 5 75.89608276999999 0.7964999999999999
11 6 75.89608276999999 0.7964999999999999
11 7 75.89608276999999 0.7964999999999999
11 8 79.073933108 0.9389999999999998
11 9 79.073933108 0.9389999999999998
11 10 79.073933108 0.9389999999999998
11 11 79.073933108 0.9389999999999998
11 12 79.073933108 0.9389999999999998
11 13 79.073933108 0.9389999999999998
11 14 79.073933108 0.9389999999999998
11 15 79.073933108 0.9389999999999998
11 16 74.059718018 0.993
11 17 74.059718018 0.993
11 18 74.059718018 0.993
11 19 74.059718018 0.993
11 20 74.059718018 0.993
11 21 74.059718018 0.993
11 22 74.059718018 0.993
11 23 74.059718018 0.993
11 24 79.265699456 1.245
11 25 79.265699456 1.245
11 26 79.265699456 1.245
11 27 79.265699456 1.245
11 28 79.265699456 1.245
11 29 79.265699456 1.245
11 30 79.265699456 1.245
11 31 79.265699456 1.245
12 0 76.042640372 1.242
12 1 76.042640372 1.242
12 2 76.042640372 1.242
12 3 76.042640372 1.242
12 4 75.335175788 0.5655
12 5 75.335175788 0.5655
12 6 75.335175788 0.5655
12 7 75.335175788 0.5655
12 8 79.92350585599999 1.191
12 9 79.92350585599999 1.191
12 10 79.92350585599999 1.191
12 11 79.92350585599999 1.191
12 12 80.06803100600001 1.314
12 13 80.06803100600001 1.314
12 14 80.06803100600001 1.314
12 15 80.06803100600001 1.314
12 16 75.093311768 0.963
12 17 75.093311768 0.963
12 18 75.093311768 0.963
12 19 75.093311768 0.963
12 20 76.18875854 1.341
12 21 76.18875854 1.341
12 22 76.18875854 1.341
12 23 76.18875854 1.341
12 24 80.06803100600001 1.314
12 25 80.06803100600001 1.314
12 26 80.06803100600001 1.314
12 27 80.06803100600001 1.314
12 28 79.92350585599999 1.191
12 29 79.92350585599999 1.191
12 30 79.92350585599999 1.191
12 31 79.92350585599999 1.191
13 0 76.083564452 0.078
13 1 76.083564452 0.078
13 2 76.083564452 0.078
13 3 76.083564452 0.078
13 4 74.787617192 1.272
13 5 74.787617192 1.272
13 6 74.787617192 1.272
13 7 74.787617192 1.272
13 8 80.713093262 0.645
13 9 80.713093262 0.645
13 10 80.713093262 0.645
13 11 80.713093262 0.645
13 12 80.27951783 0.8955
13 13 80.27951783 0.8955
13 14 80.27951783 0.8955
13 15 80.27951783 0.8955
13 16 75.747108146 1.1115
13 17 75.747108146 1.1115
13 18 75.747108146 1.1115
13 19 75.747108146 1.1115
13 20 77.44070557399999 1.341
13 21 77.44070557399999 1.341
13 22 77.44070557399999 1.341
13 23 77.44070557399999 1.341
13 24 80.27951783 0.8955
13 25 80.27951783 0.8955
13 26 80.27951783 0.8955
13 27 80.27951783 0.8955
13 28 80.713093262 0.645
13 29 80.713093262 0.645
13 30 80.713093262 0.645
13 31 80.713093262 0.645
14 0 75.81813475999999 0.501
14 1 75.81813475999999 0.501
14 2 75.81813475999999 0.501
14 3 75.81813475999999 0.501
14 4 73.646687012 1.2
14 5 73.646687012 1.2
14 6 73.646687012 1.2
14 7 73.646687012 1.2
14 8 81.374635004 1.1955
14 9 81.374635004 1.1955
14 10 81.374635004 1.1955
14 11 81.374635004 1.1955
14 12 79.03147094600001 1.0905
14 13 79.03147094600001 1.0905
14 14 79.03147094600001 1.0905
14 15 79.03147094600001 1.0905
14 16 75.78638427199999 0.87
14 17 75.78638427199999 0.87
14 18 75.78638427199999 0.87
14 19 75.78638427199999 0.87
14 20 77.87922485 1.272
14 21 77.87922485 1.272
14 22 77.87922485 1.272
14 23 77.87922485 1.272
14 24 79.03147094600001 1.0905
14 25 79.03147094600001 1.0905
14 26 79.03147094600001 1.0905
14 27 79.03147094600001 1.0905
14 28 81.374635004 1.1955
14 29 81.374635004 1.1955
14 30 81.374635004 1.1955
14 31 81.374635004 1.1955
15 0 75.342921134 0.7889999999999999
15 1 75.342921134 0.7889999999999999
15 2 75.342921134 0.7889999999999999
15 3 75.342921134 0.7889999999999999
15 4 72.363868412 0.9285
15 5 72.363868412 0.9285
15 6 72.363868412 0.9285
15 7 72.363868412 0.9285
15 8 81.484663082 1.0695
15 9 81.484663082 1.0695
15 10 81.484663082 1.0695
15 11 81.484663082 1.0695
15 12 76.462482902 0.7514999999999998
15 13 76.462482902 0.7514999999999998
15 14 76.462482902 0.7514999999999998
15 15 76.462482902 0.7514999999999998
15 16 75.38208740600001 0.501
15 17 75.38208740600001 0.501
15 18 75.38208740600001 0.501
15 19 75.38208740600001 0.501
15 20 77.442792962 1.14
15 21 77.442792962 1.14
15 22 77.442792962 1.14
15 23 77.442792962 1.14
15 24 76.462482902 0.7514999999999998
15 25 76.462482902 0.7514999999999998
15 26 76.462482902 0.7514999999999998
15 27 76.462482902 0.7514999999999998
15 28 81.484663082 1.0695
15 29 81.484663082 1.0695
15 30 81.484663082 1.0695
15 31 81.484663082 1.0695
16 0 74.62359131 0.8745
16 1 74.62359131 0.8745
16 2 74.797559816 0.4005
16 3 74.797559816 0.4005
16 4 71.123017586 0.7395
16 5 71.123017586 0.7395
16 6 72.26944091600001 0.861
16 7 72.26944091600001 0.861
16 8 80.806037594 0.891
16 9 80.806037594 0.891
16 10 81.228461918 0.888
16 11 81.228461918 0.888
16 12 73.444044182 0.801
16 13 73.444044182 0.801
16 14 75.88108643000001 0.8985
16 15 75.88108643000001 0.8985
16 16 74.797559816 0.4005
16 17 74.797559816 0.4005
16 18 74.62359131 0.8745
16 19 74.62359131 0.8745
16 20 76.261488044 0.9539999999999998
16 21 76.261488044 0.9539999999999998
16 22 75.824451896 0.7425
16 23 75.824451896 0.7425
16 24 73.444044182 0.801
16 25 73.444044182 0.801
16 26 75.88108643000001 0.8985
16 27 75.88108643000001 0.8985
16 28 80.806037594 0.891
16 29 80.806037594 0.891
16 30 81.228461918 0.888
16 31 81.228461918 0.888
17 0 73.5768689 0.5865
17 1 73.5768689 0.5865
17 2 74.318500976 0.37949999999999995
17 3 74.318500976 0.37949999999999995
17 4 69.63656738 0.672
17 5 69.63656738 0.672
17 6 71.07182128400001 0.639
17 7 71.07182128400001 0.639
17 8 79.495093994 0.672
17 9 79.495093994 0.672
17 10 79.231586918 0.6675
17 11 79.231586918 0.6675
17 12 70.49564331799999 0.336
17 13 70.49564331799999 0.336
17 14 74.194355462 0.5535
17 15 74.194355462 0.5535
17 16 74.318500976 0.37949999999999995
17 17 74.318500976 0.37949999999999995
17 18 73.5768689 0.5865
17 19 73.5768689 0.5865
17 20 74.417158202 0.7305
17 21 74.417158202 0.7305
17 22 74.474946284 0.585
17 23 74.474946284 0.585
17 24 70.49564331799999 0.336
17 25 70.49564331799999 0.336
17 26 74.194355462 0.5535
17 27 74.194355462 0.5535
17 28 79.495093994 0.672
17 29 79.495093994 0.672
17 30 79.231586918 0.6675
17 31 79.231586918 0.6675
18 0 72.34156616 0.408
18 1 72.34156616 0.408
18 2 72.874512932 0.0345
18 3 72.874512932 0.0345
18 4 67.69061402 0.441
18 5 67.69061402 0.441
18 6 68.913172616 0.4035
18 7 68.913172616 0.4035
18 8 77.552326652 0.4425
18 9 77.552326652 0.4425
18 10 76.48280762 0.4305
18 11 76.48280762 0.4305
18 12 67.896772466 0.38699999999999996
18 13 67.896772466 0.38699999999999996
18 14 71.85959594600001 0.444
18 15 71.85959594600001 0.444
18 16 72.874512932 0.0345
18 17 72.874512932 0.0345
18 18 72.34156616 0.408
18 19 72.34156616 0.408
18 20 71.90843018000001 0.49199999999999994
18 21 71.90843018000001 0.49199999999999994
18 22 73.09385497400001 0.2925
18 23 73.09385497400001 0.2925
18 24 67.896772466 0.38699999999999996
18 25 67.896772466 0.38699999999999996
18 26 71.85959594600001 0.444
18 27 71.85959594600001 0.444
18 28 77.552326652 0.4425
18 29 77.552326652 0.4425
18 30 76.48280762 0.4305
18 31 76.48280762 0.4305
19 0 70.885438232 0.21
19 1 70.885438232 0.21
19 2 69.83080566800001 0.192
19 3 69.83080566800001 0.192
19 4 65.111848142 0.219
19 5 65.111848142 0.219
19 6 65.84820679399999 0.18
19 7 65.84820679399999 0.18
19 8 75.033491216 0.17849999999999996
19 9 75.033491216 0.17849999999999996
19 10 73.189875488 0.2055
19 11 73.189875488 0.2055
19 12 65.109046622 0.2205
19 13 65.109046622 0.2205
19 14 68.713825676 0.219
19 15 68.713825676 0.219
19 16 69.83080566800001 0.192
19 17 69.83080566800001 0.192
19 18 70.885438232 0.21
19 19 70.885438232 0.21
19 20 68.583802496 0.261
19 21 68.583802496 0.261
19 22 71.638166498 0.213
19 23 71.638166498 0.213
19 24 65.109046622 0.2205
19 25 65.109046622 0.2205
19 26 68.713825676 0.219
19 27 68.713825676 0.219
19 28 75.033491216 0.17849999999999996
19 29 75.033491216 0.17849999999999996
19 30 73.189875488 0.2055
19 31 73.189875488 0.2055
20 0 69.563398442 0.051
20 1 67.732307132 0.069
20 2 67.273353266 0.033
20 3 68.531013176 0.013499999999999998
20 4 62.506440428000005 0.045
20 5 62.08484009 0.0705
20 6 63.201820064 0.0195
20 7 62.506440428000005 0.045
20 8 72.733063964 0.0525
20 9 73.002943112 0.003
20 10 71.021778566 0.0345
20 11 70.22807128400001 0.0525
20 12 62.08484009 0.0705
20 13 62.506440428000005 0.045
20 14 66.505024418 0.0435
20 15 65.693244632 0.0735
20 16 67.273353266 0.033
20 17 68.531013176 0.013499999999999998
20 18 69.563398442 0.051
20 19 67.732307132 0.069
20 20 65.693244632 0.0735
20 21 66.505024418 0.0435
20 22 70.22807128400001 0.0525
20 23 69.563398442 0.051
20 24 62.08484009 0.0705
20 25 62.506440428000005 0.045
20 26 66.505024418 0.0435
20 27 65.693244632 0.0735
20 28 72.733063964 0.0525
20 29 73.002943112 0.003
20 30 71.021778566 0.0345
20 31 70.22807128400001 0.0525
21 0 68.67103393400001 0.0
21 1 66.2753003 0.0
21 2 65.881495364 0.0
21 3 65.702088626 0.0
21 4 60.689741216 0.0
21 5 59.81264771 0.0
21 6 61.492292474 0.0
21 7 60.689741216 0.0
21 8 70.97843750000001 0.0
21 9 71.224256588 0.0
21 10 70.106068112 0.0
21 11 69.103620608 0.0
21 12 59.81264771 0.0
21 13 60.689741216 0.0
21 14 65.608485116 0.0
21 15 63.750037838 0.0
21 16 65.881495364 0.0
21 17 65.702088626 0.0
21 18 68.67103393400001 0.0
21 19 66.2753003 0.0
21 20 63.750037838 0.0
21 21 65.608485116 0.0
21 22 69.103620608 0.0
21 23 68.67103393400001 0.0
21 24 59.81264771 0.0
21 25 60.689741216 0.0
21 26 65.608485116 0.0
21 27 63.750037838 0.0
21 28 70.97843750000001 0.0
21 29 71.224256588 0.0
21 30 70.106068112 0.0
21 31 69.103620608 0.0
22 0 67.89655274 0.0
22 1 65.269117436 0.0
22 2 64.720515128 0.0
22 3 62.823341066 0.0
22 4 59.427906494 0.0
22 5 58.241273198 0.0
22 6 60.047645270000004 0.0
22 7 59.427906494 0.0
22 8 69.537745364 0.0
22 9 69.21342896 0.0
22 10 68.955744632 0.0
22 11 68.189503172 0.0
22 12 58.241273198 0.0
22 13 59.427906494 0.0
22 14 64.31418579199999 0.0
22 15 61.91977051400001 0.0
22 16 64.720515128 0.0
22 17 62.823341066 0.0
22 18 67.89655274 0.0
22 19 65.269117436 0.0
22 20 61.91977051400001 0.0
22 21 64.31418579199999 0.0
22 22 68.189503172 0.0
22 23 67.89655274 0.0
22 24 58.241273198 0.0
22 25 59.427906494 0.0
22 26 64.31418579199999 0.0
22 27 61.91977051400001 0.0
22 28 69.537745364 0.0
22 29 69.21342896 0.0
22 30 68.955744632 0.0
22 31 68.189503172 0.0
23 0 67.039509272 0.0
23 1 64.24376342 0.0
23 2 63.665662838 0.0
23 3 61.0565747 0.0
23 4 58.363056644 0.0
23 5 56.695661618 0.0
23 6 58.677430424 0.0
23 7 58.363056644 0.0
23 8 68.362318112 0.0
23 9 67.00874756 0.0
23 10 67.439466554 0.0
23 11 67.42809570200001 0.0
23 12 56.695661618 0.0
23 13 58.363056644 0.0
23 14 62.659150394 0.0
23 15 60.426398930000005 0.0
23 16 63.665662838 0.0
23 17 61.0565747 0.0
23 18 67.039509272 0.0
23 19 64.24376342 0.0
23 20 60.426398930000005 0.0
23 21 62.659150394 0.0
23 22 67.42809570200001 0.0
23 23 67.039509272 0.0
23 24 56.695661618 0.0
23 25 58.363056644 0.0
23 26 62.659150394 0.0
23 27 60.426398930000005 0.0
23 28 68.362318112 0.0
23 29 67.00874756 0.0
23 30 67.439466554 0.0
23 31 67.42809570200001 0.0
