time period scenario temperature renewable energy
0 0 66.1346753 0.0
0 1 66.1346753 0.0
0 2 66.1346753 0.0
0 3 66.1346753 0.0
0 4 66.1346753 0.0
0 5 66.1346753 0.0
0 6 66.1346753 0.0
0 7 66.1346753 0.0
0 8 66.1346753 0.0
0 9 66.1346753 0.0
0 10 66.1346753 0.0
0 11 66.1346753 0.0
0 12 66.1346753 0.0
0 13 66.1346753 0.0
0 14 66.1346753 0.0
0 15 66.1346753 0.0
0 16 66.1346753 0.0
0 17 66.1346753 0.0
0 18 66.1346753 0.0
0 19 66.1346753 0.0
0 20 66.1346753 0.0
0 21 66.1346753 0.0
0 22 66.1346753 0.0
0 23 66.1346753 0.0
0 24 66.1346753 0.0
0 25 66.1346753 0.0
0 26 66.1346753 0.0
0 27 66.1346753 0.0
0 28 66.1346753 0.0
0 29 66.1346753 0.0
0 30 66.1346753 0.0
0 31 66.1346753 0.0
1 0 65.16732911 0.0
1 1 65.16732911 0.0
1 2 65.16732911 0.0
1 3 65.16732911 0.0
1 4 65.16732911 0.0
1 5 65.16732911 0.0
1 6 65.16732911 0.0
1 7 65.16732911 0.0
1 8 65.16732911 0.0
1 9 65.16732911 0.0
1 10 65.16732911 0.0
1 11 65.16732911 0.0
1 12 65.16732911 0.0
1 13 65.16732911 0.0
1 14 65.16732911 0.0
1 15 65.16732911 0.0
1 16 65.16732911 0.0
1 17 65.16732911 0.0
1 18 65.16732911 0.0
1 19 65.16732911 0.0
1 20 65.16732911 0.0
1 21 65.16732911 0.0
1 22 65.16732911 0.0
1 23 65.16732911 0.0
1 24 65.16732911 0.0
1 25 65.16732911 0.0
1 26 65.16732911 0.0
1 27 65.16732911 0.0
1 28 65.16732911 0.0
1 29 65.16732911 0.0
1 30 65.16732911 0.0
1 31 65.16732911 0.0
2 0 64.097480462 0.0
2 1 64.097480462 0.0
2 2 64.097480462 0.0
2 3 64.097480462 0.0
2 4 64.097480462 0.0
2 5 64.097480462 0.0
2 6 64.097480462 0.0
2 7 64.097480462 0.0
2 8 64.097480462 0.0
2 9 64.097480462 0.0
2 10 64.097480462 0.0
2 11 64.097480462 0.0
2 12 64.097480462 0.0
2 13 64.097480462 0.0
2 14 64.097480462 0.0
2 15 64.097480462 0.0
2 16 64.097480462 0.0
2 17 64.097480462 0.0
2 18 64.097480462 0.0
2 19 64.097480462 0.0
2 20 64.097480462 0.0
2 21 64.097480462 0.0
2 22 64.097480462 0.0
2 23 64.097480462 0.0
2 24 64.097480462 0.0
2 25 64.097480462 0.0
2 26 64.097480462 0.0
2 27 64.097480462 0.0
2 28 64.097480462 0.0
2 29 64.097480462 0.0
2 30 64.097480462 0.0
2 31 64.097480462 0.0
3 0 62.986762688 0.0
3 1 62.986762688 0.0
3 2 62.986762688 0.0
3 3 62.986762688 0.0
3 4 62.986762688 0.0
3 5 62.986762688 0.0
3 6 62.986762688 0.0
3 7 62.986762688 0.0
3 8 62.986762688 0.0
3 9 62.986762688 0.0
3 10 62.986762688 0.0
3 11 62.986762688 0.0
3 12 62.986762688 0.0
3 13 62.986762688 0.0
3 14 62.986762688 0.0
3 15 62.986762688 0.0
3 16 62.986762688 0.0
3 17 62.986762688 0.0
3 18 62.986762688 0.0
3 19 62.986762688 0.0
3 20 62.986762688 0.0
3 21 62.986762688 0.0
3 22 62.986762688 0.0
3 23 62.986762688 0.0
3 24 62.986762688 0.0
3 25 62.986762688 0.0
3 26 62.986762688 0.0
3 27 62.986762688 0.0
3 28 62.986762688 0.0
3 29 62.986762688 0.0
3 30 62.986762688 0.0
3 31 62.986762688 0.0
4 0 62.056605218 0.0
4 1 62.056605218 0.0
4 2 62.056605218 0.0
4 3 62.056605218 0.0
4 4 62.056605218 0.0
4 5 62.056605218 0.0
4 6 62.056605218 0.0
4 7 62.056605218 0.0
4 8 62.056605218 0.0
4 9 62.056605218 0.0
4 10 62.056605218 0.0
4 11 62.056605218 0.0
4 12 62.056605218 0.0
4 13 62.056605218 0.0
4 14 62.056605218 0.0
4 15 62.056605218 0.0
4 16 62.817243656 0.0
4 17 62.817243656 0.0
4 18 62.817243656 0.0
4 19 62.817243656 0.0
4 20 62.817243656 0.0
4 21 62.817243656 0.0
4 22 62.817243656 0.0
4 23 62.817243656 0.0
4 24 62.817243656 0.0
4 25 62.817243656 0.0
4 26 62.817243656 0.0
4 27 62.817243656 0.0
4 28 62.817243656 0.0
4 29 62.817243656 0.0
4 30 62.817243656 0.0
4 31 62.817243656 0.0
5 0 61.535963138 0.0045
5 1 61.535963138 0.0045
5 2 61.535963138 0.0045
5 3 61.535963138 0.0045
5 4 61.535963138 0.0045
5 5 61.535963138 0.0045
5 6 61.535963138 0.0045
5 7 61.535963138 0.0045
5 8 61.535963138 0.0045
5 9 61.535963138 0.0045
5 10 61.535963138 0.0045
5 11 61.535963138 0.0045
5 12 61.535963138 0.0045
5 13 61.535963138 0.0045
5 14 61.535963138 0.0045
5 15 61.535963138 0.0045
5 16 64.112586674 0.026999999999999996
5 17 64.112586674 0.026999999999999996
5 18 64.112586674 0.026999999999999996
5 19 64.112586674 0.026999999999999996
5 20 64.112586674 0.026999999999999996
5 21 64.112586674 0.026999999999999996
5 22 64.112586674 0.026999999999999996
5 23 64.112586674 0.026999999999999996
5 24 64.112586674 0.026999999999999996
5 25 64.112586674 0.026999999999999996
5 26 64.112586674 0.026999999999999996
5 27 64.112586674 0.026999999999999996
5 28 64.112586674 0.026999999999999996
5 29 64.112586674 0.026999999999999996
5 30 64.112586674 0.026999999999999996
5 31 64.112586674 0.026999999999999996
6 0 61.56397826600001 0.0225
6 1 61.56397826600001 0.0225
6 2 61.56397826600001 0.0225
6 3 61.56397826600001 0.0225
6 4 61.56397826600001 0.0225
6 5 61.56397826600001 0.0225
6 6 61.56397826600001 0.0225
6 7 61.56397826600001 0.0225
6 8 61.56397826600001 0.0225
6 9 61.56397826600001 0.0225
6 10 61.56397826600001 0.0225
6 11 61.56397826600001 0.0225
6 12 61.56397826600001 0.0225
6 13 61.56397826600001 0.0225
6 14 61.56397826600001 0.0225
6 15 61.56397826600001 0.0225
6 16 66.95172851000001 0.0795
6 17 66.95172851000001 0.0795
6 18 66.95172851000001 0.0795
6 19 66.95172851000001 0.0795
6 20 66.95172851000001 0.0795
6 21 66.95172851000001 0.0795
6 22 66.95172851000001 0.0795
6 23 66.95172851000001 0.0795
6 24 66.95172851000001 0.0795
6 25 66.95172851000001 0.0795
6 26 66.95172851000001 0.0795
6 27 66.95172851000001 0.0795
6 28 66.95172851000001 0.0795
6 29 66.95172851000001 0.0795
6 30 66.95172851000001 0.0795
6 31 66.95172851000001 0.0795
7 0 62.209644782000005 0.174
7 1 62.209644782000005 0.174
7 2 62.209644782000005 0.174
7 3 62.209644782000005 0.174
7 4 62.209644782000005 0.174
7 5 62.209644782000005 0.174
7 6 62.209644782000005 0.174
7 7 62.209644782000005 0.174
7 8 62.209644782000005 0.174
7 9 62.209644782000005 0.174
7 10 62.209644782000005 0.174
7 11 62.209644782000005 0.174
7 12 62.209644782000005 0.174
7 13 62.209644782000005 0.174
7 14 62.209644782000005 0.174
7 15 62.209644782000005 0.174
7 16 71.369331062 0.3075
7 17 71.369331062 0.3075
7 18 71.369331062 0.3075
7 19 71.369331062 0.3075
7 20 71.369331062 0.3075
7 21 71.369331062 0.3075
7 22 71.369331062 0.3075
7 23 71.369331062 0.3075
7 24 71.369331062 0.3075
7 25 71.369331062 0.3075
7 26 71.369331062 0.3075
7 27 71.369331062 0.3075
7 28 71.369331062 0.3075
7 29 71.369331062 0.3075
7 30 71.369331062 0.3075
7 31 71.369331062 0.3075
8 0 63.687690428 0.1455
8 1 63.687690428 0.1455
8 2 63.687690428 0.1455
8 3 63.687690428 0.1455
8 4 63.687690428 0.1455
8 5 63.687690428 0.1455
8 6 63.687690428 0.1455
8 7 63.687690428 0.1455
8 8 65.746583258 0.735
8 9 65.746583258 0.735
8 10 65.746583258 0.735
8 11 65.746583258 0.735
8 12 65.746583258 0.735
8 13 65.746583258 0.735
8 14 65.746583258 0.735
8 15 65.746583258 0.735
8 16 76.47890747 0.642
8 17 76.47890747 0.642
8 18 76.47890747 0.642
8 19 76.47890747 0.642
8 20 76.47890747 0.642
8 21 76.47890747 0.642
8 22 76.47890747 0.642
8 23 76.47890747 0.642
8 24 75.21811646 0.5595
8 25 75.21811646 0.5595
8 26 75.21811646 0.5595
8 27 75.21811646 0.5595
8 28 75.21811646 0.5595
8 29 75.21811646 0.5595
8 30 75.21811646 0.5595
8 31 75.21811646 0.5595
9 0 65.925715334 0.411
9 1 65.925715334 0.411
9 2 65.925715334 0.411
9 3 65.925715334 0.411
9 4 65.925715334 0.411
9 5 65.925715334 0.411
9 6 65.925715334 0.411
9 7 65.925715334 0.411
9 8 68.976234122 0.957
9 9 68.976234122 0.957
9 10 68.976234122 0.957
9 11 68.976234122 0.957
9 12 68.976234122 0.957
9 13 68.976234122 0.957
9 14 68.976234122 0.957
9 15 68.976234122 0.957
9 16 80.699470214 0.8085
9 17 80.699470214 0.8085
9 18 80.699470214 0.8085
9 19 80.699470214 0.8085
9 20 80.699470214 0.8085
9 21 80.699470214 0.8085
9 22 80.699470214 0.8085
9 23 80.699470214 0.8085
9 24 78.902381588 0.7575
9 25 78.902381588 0.7575
9 26 78.902381588 0.7575
9 27 78.902381588 0.7575
9 28 78.902381588 0.7575
9 29 78.902381588 0.7575
9 30 78.902381588 0.7575
9 31 78.902381588 0.7575
10 0 68.340290522 0.4425
10 1 68.340290522 0.4425
10 2 68.340290522 0.4425
10 3 68.340290522 0.4425
10 4 68.340290522 0.4425
10 5 68.340290522 0.4425
10 6 68.340290522 0.4425
10 7 68.340290522 0.4425
10 8 71.864979242 1.14
10 9 71.864979242 1.14
10 10 71.864979242 1.14
10 11 71.864979242 1.14
10 12 71.864979242 1.14
10 13 71.864979242 1.14
10 14 71.864979242 1.14
10 15 71.864979242 1.14
10 16 84.131599118 1.0425
10 17 84.131599118 1.0425
10 18 84.131599118 1.0425
10 19 84.131599118 1.0425
10 20 84.131599118 1.0425
10 21 84.131599118 1.0425
10 22 84.131599118 1.0425
10 23 84.131599118 1.0425
10 24 81.868250732 0.9014999999999999
10 25 81.868250732 0.9014999999999999
10 26 81.868250732 0.9014999999999999
10 27 81.868250732 0.9014999999999999
10 28 81.868250732 0.9014999999999999
10 29 81.868250732 0.9014999999999999
10 30 81.868250732 0.9014999999999999
10 31 81.868250732 0.9014999999999999
11 0 70.56842774 0.591
11 1 70.56842774 0.591
11 2 70.56842774 0.591
11 3 70.56842774 0.591
11 4 70.56842774 0.591
11 5 70.56842774 0.591
11 6 70.56842774 0.591
11 7 70.56842774 0.591
11 8 74.2971875 1.272
11 9 74.2971875 1.272
11 10 74.2971875 1.272
11 11 74.2971875 1.272
11 12 74.2971875 1.272
11 13 74.2971875 1.272
11 14 74.2971875 1.272
11 15 74.2971875 1.272
11 16 86.837476802 1.1745
11 17 86.837476802 1.1745
11 18 86.837476802 1.1745
11 19 86.837476802 1.1745
11 20 86.837476802 1.1745
11 21 86.837476802 1.1745
11 22 86.837476802 1.1745
11 23 86.837476802 1.1745
11 24 83.71302002600001 0.9825
11 25 83.71302002600001 0.9825
11 26 83.71302002600001 0.9825
11 27 83.71302002600001 0.9825
11 28 83.71302002600001 0.9825
11 29 83.71302002600001 0.9825
11 30 83.71302002600001 0.9825
11 31 83.71302002600001 0.9825
12 0 72.323328866 0.828
12 1 72.323328866 0.828
12 2 72.323328866 0.828
12 3 72.323328866 0.828
12 4 72.553107902 1.239
12 5 72.553107902 1.239
12 6 72.553107902 1.239
12 7 72.553107902 1.239
12 8 76.18875854 1.341
12 9 76.18875854 1.341
12 10 76.18875854 1.341
12 11 76.18875854 1.341
12 12 76.480555424 1.3335
12 13 76.480555424 1.3335
12 14 76.480555424 1.3335
12 15 76.480555424 1.3335
12 16 88.570350338 1.245
12 17 88.570350338 1.245
12 18 88.570350338 1.245
12 19 88.570350338 1.245
12 20 90.10140503 1.281
12 21 90.10140503 1.281
12 22 90.10140503 1.281
12 23 90.10140503 1.281
12 24 84.62329223 1.0395
12 25 84.62329223 1.0395
12 26 84.62329223 1.0395
12 27 84.62329223 1.0395
12 28 85.683088382 1.3079999999999998
12 29 85.683088382 1.3079999999999998
12 30 85.683088382 1.3079999999999998
12 31 85.683088382 1.3079999999999998
13 0 73.313691404 0.855
13 1 73.313691404 0.855
13 2 73.313691404 0.855
13 3 73.313691404 0.855
13 4 73.527210698 1.236
13 5 73.527210698 1.236
13 6 73.527210698 1.236
13 7 73.527210698 1.236
13 8 77.44070557399999 1.341
13 9 77.44070557399999 1.341
13 10 77.44070557399999 1.341
13 11 77.44070557399999 1.341
13 12 77.91954467 1.3335
13 13 77.91954467 1.3335
13 14 77.91954467 1.3335
13 15 77.91954467 1.3335
13 16 89.374439696 1.245
13 17 89.374439696 1.245
13 18 89.374439696 1.245
13 19 89.374439696 1.245
13 20 91.996931156 1.281
13 21 91.996931156 1.281
13 22 91.996931156 1.281
13 23 91.996931156 1.281
13 24 85.180573724 1.017
13 25 85.180573724 1.017
13 26 85.180573724 1.017
13 27 85.180573724 1.017
13 28 86.79419067200001 1.3125
13 29 86.79419067200001 1.3125
13 30 86.79419067200001 1.3125
13 31 86.79419067200001 1.3125
14 0 73.43525512400001 0.867
14 1 73.43525512400001 0.867
14 2 73.43525512400001 0.867
14 3 73.43525512400001 0.867
14 4 73.753089602 0.1455
14 5 73.753089602 0.1455
14 6 73.753089602 0.1455
14 7 73.753089602 0.1455
14 8 77.87922485 1.272
14 9 77.87922485 1.272
14 10 77.87922485 1.272
14 11 77.87922485 1.272
14 12 78.661121828 1.062
14 13 78.661121828 1.062
14 14 78.661121828 1.062
14 15 78.661121828 1.062
14 16 89.54703491000001 1.179
14 17 89.54703491000001 1.179
14 18 89.54703491000001 1.179
14 19 89.54703491000001 1.179
14 20 92.811347654 1.212
14 21 92.811347654 1.212
14 22 92.811347654 1.212
14 23 92.811347654 1.212
14 24 85.363551032 0.951
14 25 85.363551032 0.951
14 26 85.363551032 0.951
14 27 85.363551032 0.951
14 28 87.1784375 1.2495
14 29 87.1784375 1.2495
14 30 87.1784375 1.2495
14 31 87.1784375 1.2495
15 0 72.987727046 0.6225
15 1 72.987727046 0.6225
15 2 72.987727046 0.6225
15 3 72.987727046 0.6225
15 4 73.613398442 0.1275
15 5 73.613398442 0.1275
15 6 73.613398442 0.1275
15 7 73.613398442 0.1275
15 8 77.442792962 1.14
15 9 77.442792962 1.14
15 10 77.442792962 1.14
15 11 77.442792962 1.14
15 12 78.680897222 1.131
15 13 78.680897222 1.131
15 14 78.680897222 1.131
15 15 78.680897222 1.131
15 16 89.219587406 0.9389999999999998
15 17 89.219587406 0.9389999999999998
15 18 89.219587406 0.9389999999999998
15 19 89.219587406 0.9389999999999998
15 20 92.52471435800001 1.0845
15 21 92.52471435800001 1.0845
15 22 92.52471435800001 1.0845
15 23 92.52471435800001 1.0845
15 24 84.769904786 0.8805
15 25 84.769904786 0.8805
15 26 84.769904786 0.8805
15 27 84.769904786 0.8805
15 28 86.78238036799999 1.122
15 29 86.78238036799999 1.122
15 30 86.78238036799999 1.122
15 31 86.78238036799999 1.122
16 0 72.501142586 0.6885
16 1 72.501142586 0.6885
16 2 72.26944091600001 0.861
16 3 72.26944091600001 0.861
16 4 73.246180424 0.7935
16 5 73.246180424 0.7935
16 6 72.865174568 0.8939999999999999
16 7 72.865174568 0.8939999999999999
16 8 76.261488044 0.9539999999999998
16 9 76.261488044 0.9539999999999998
16 10 75.824451896 0.7425
16 11 75.824451896 0.7425
16 12 77.971125488 0.9464999999999999
16 13 77.971125488 0.9464999999999999
16 14 76.261488044 0.9539999999999998
16 15 76.261488044 0.9539999999999998
16 16 88.21499756 0.7725
16 17 88.21499756 0.7725
16 18 86.11633423399999 0.6914999999999999
16 19 86.11633423399999 0.6914999999999999
16 20 91.181745608 0.9045
16 21 91.181745608 0.9045
16 22 90.474940184 0.8385
16 23 90.474940184 0.8385
16 24 83.433198236 0.732
16 25 83.433198236 0.732
16 26 84.04436768 0.8714999999999999
16 27 84.04436768 0.8714999999999999
16 28 85.67968262 0.9405
16 29 85.67968262 0.9405
16 30 86.11633423399999 0.6914999999999999
16 31 86.11633423399999 0.6914999999999999
17 0 72.07657592000001 0.6105
17 1 72.07657592000001 0.6105
17 2 71.07182128400001 0.639
17 3 71.07182128400001 0.639
17 4 72.451044914 0.633
17 5 72.451044914 0.633
17 6 71.658216554 0.6075
17 7 71.658216554 0.6075
17 8 74.417158202 0.7305
17 9 74.417158202 0.7305
17 10 74.474946284 0.585
17 11 74.474946284 0.585
17 12 76.54109009 0.7245
17 13 76.54109009 0.7245
17 14 74.417158202 0.7305
17 15 74.417158202 0.7305
17 16 86.534034422 0.5835
17 17 86.534034422 0.5835
17 18 84.19900024399999 0.6614999999999999
17 19 84.19900024399999 0.6614999999999999
17 20 88.94932372400001 0.6914999999999999
17 21 88.94932372400001 0.6914999999999999
17 22 88.51695679400001 0.711
17 23 88.51695679400001 0.711
17 24 81.7284497 0.573
17 25 81.7284497 0.573
17 26 82.03820923399999 0.6525
17 27 82.03820923399999 0.6525
17 28 83.968397222 0.7214999999999999
17 29 83.968397222 0.7214999999999999
17 30 84.19900024399999 0.6614999999999999
17 31 84.19900024399999 0.6614999999999999
18 0 71.472602534 0.441
18 1 71.472602534 0.441
18 2 68.913172616 0.4035
18 3 68.913172616 0.4035
18 4 70.618800056 0.3555
18 5 70.618800056 0.3555
18 6 69.85047119000001 0.411
18 7 69.85047119000001 0.411
18 8 71.90843018000001 0.49199999999999994
18 9 71.90843018000001 0.49199999999999994
18 10 73.09385497400001 0.2925
18 11 73.09385497400001 0.2925
18 12 74.186665034 0.486
18 13 74.186665034 0.486
18 14 71.90843018000001 0.49199999999999994
18 15 71.90843018000001 0.49199999999999994
18 16 83.81425902800001 0.3435
18 17 83.81425902800001 0.3435
18 18 81.98811158000001 0.2805
18 19 81.98811158000001 0.2805
18 20 85.956428228 0.46199999999999997
18 21 85.956428228 0.46199999999999997
18 22 85.91451537200001 0.4365
18 23 85.91451537200001 0.4365
18 24 79.549146734 0.3465
18 25 79.549146734 0.3465
18 26 79.270972898 0.4185
18 27 79.270972898 0.4185
18 28 81.716639396 0.486
18 29 81.716639396 0.486
18 30 81.98811158000001 0.2805
18 31 81.98811158000001 0.2805
19 0 70.297944332 0.225
19 1 70.297944332 0.225
19 2 65.84820679399999 0.18
19 3 65.84820679399999 0.18
19 4 67.870844726 0.0705
19 5 67.870844726 0.0705
19 6 67.298347166 0.2055
19 7 67.298347166 0.2055
19 8 68.583802496 0.261
19 9 68.583802496 0.261
19 10 71.638166498 0.213
19 11 71.638166498 0.213
19 12 70.7034497 0.2565
19 13 70.7034497 0.2565
19 14 68.583802496 0.261
19 15 68.583802496 0.261
19 16 80.311817624 0.1485
19 17 80.311817624 0.1485
19 18 79.45889405 0.0285
19 19 79.45889405 0.0285
19 20 81.563874512 0.2415
19 21 81.563874512 0.2415
19 22 82.172846678 0.252
19 23 82.172846678 0.252
19 24 76.34108399 0.2445
19 25 76.34108399 0.2445
19 26 75.352424324 0.1965
19 27 75.352424324 0.1965
19 28 78.14075439199999 0.2595
19 29 78.14075439199999 0.2595
19 30 79.45889405 0.0285
19 31 79.45889405 0.0285
20 0 69.15382813400001 0.05399999999999999
20 1 67.732307132 0.069
20 2 63.201820064 0.0195
20 3 62.506440428000005 0.045
20 4 65.774158934 0.0075
20 5 65.908796378 0.0165
20 6 65.188148198 0.0435
20 7 65.756745608 0.072
20 8 65.693244632 0.0735
20 9 66.505024418 0.0435
20 10 70.22807128400001 0.0525
20 11 69.563398442 0.051
20 12 67.732307132 0.069
20 13 69.563398442 0.051
20 14 65.693244632 0.0735
20 15 66.505024418 0.0435
20 16 77.64065673799999 0.0225
20 17 77.01207396800001 0.006
20 18 77.01207396800001 0.006
20 19 77.64065673799999 0.0225
20 20 76.99696777400001 0.0645
20 21 78.70435302199999 0.072
20 22 78.70435302199999 0.072
20 23 76.99696777400001 0.0645
20 24 73.065675056 0.0705
20 25 72.47938964 0.039
20 26 71.734022222 0.0285
20 27 72.733063964 0.0525
20 28 74.8175 0.075
20 29 77.01207396800001 0.006
20 30 77.01207396800001 0.006
20 31 77.64065673799999 0.0225
21 0 68.448560792 0.0
21 1 66.2753003 0.0
21 2 61.492292474 0.0
21 3 60.689741216 0.0
21 4 64.642292474 0.0
21 5 64.895856926 0.0
21 6 64.177076408 0.0
21 7 64.954084478 0.0
21 8 63.750037838 0.0
21 9 65.608485116 0.0
21 10 69.103620608 0.0
21 11 68.67103393400001 0.0
21 12 66.2753003 0.0
21 13 68.67103393400001 0.0
21 14 63.750037838 0.0
21 15 65.608485116 0.0
21 16 75.84329345 0.0
21 17 75.119953622 0.0
21 18 75.119953622 0.0
21 19 75.84329345 0.0
21 20 74.14343384 0.0
21 21 76.970545646 0.0
21 22 76.970545646 0.0
21 23 74.14343384 0.0
21 24 70.99244506400001 0.0
21 25 70.27750976 0.0
21 26 69.507368168 0.0
21 27 70.97843750000001 0.0
21 28 73.350660398 0.0
21 29 75.119953622 0.0
21 30 75.119953622 0.0
21 31 75.84329345 0.0
22 0 67.70819213600001 0.0
22 1 65.269117436 0.0
22 2 60.047645270000004 0.0
22 3 59.427906494 0.0
22 4 63.45296753 0.0
22 5 63.792719726 0.0
22 6 63.50405396000001 0.0
22 7 64.00426146800001 0.0
22 8 61.91977051400001 0.0
22 9 64.31418579199999 0.0
22 10 68.189503172 0.0
22 11 67.89655274 0.0
22 12 65.269117436 0.0
22 13 67.89655274 0.0
22 14 61.91977051400001 0.0
22 15 64.31418579199999 0.0
22 16 73.980177008 0.0
22 17 73.606367192 0.0
22 18 73.606367192 0.0
22 19 73.980177008 0.0
22 20 72.457142342 0.0
22 21 75.92717408 0.0
22 22 75.92717408 0.0
22 23 72.457142342 0.0
22 24 69.58998536000001 0.0
22 25 68.661311036 0.0
22 26 67.80608033 0.0
22 27 69.537745364 0.0
22 28 72.161005856 0.0
22 29 73.606367192 0.0
22 30 73.606367192 0.0
22 31 73.980177008 0.0
23 0 66.87125366000001 0.0
23 1 64.24376342 0.0
23 2 58.677430424 0.0
23 3 58.363056644 0.0
23 4 62.048640128 0.0
23 5 62.58773926400001 0.0
23 6 62.837293694 0.0
23 7 63.104591066 0.0
23 8 60.426398930000005 0.0
23 9 62.659150394 0.0
23 10 67.42809570200001 0.0
23 11 67.039509272 0.0
23 12 64.24376342 0.0
23 13 67.039509272 0.0
23 14 60.426398930000005 0.0
23 15 62.659150394 0.0
23 16 72.182264396 0.0
23 17 72.238349606 0.0
23 18 72.238349606 0.0
23 19 72.182264396 0.0
23 20 71.095881344 0.0
23 21 74.878474118 0.0
23 22 74.878474118 0.0
23 23 71.095881344 0.0
23 24 68.27997558199999 0.0
23 25 67.27747314199999 0.0
23 26 66.29364746600001 0.0
23 27 68.362318112 0.0
23 28 70.688343506 0.0
23 29 72.238349606 0.0
23 30 72.238349606 0.0
23 31 72.182264396 0.0
