time period scenario temperature renewable energy
0 0 57.46316649800001 0.0
0 1 57.46316649800001 0.0
0 2 57.46316649800001 0.0
0 3 57.46316649800001 0.0
0 4 57.46316649800001 0.0
0 5 57.46316649800001 0.0
0 6 57.46316649800001 0.0
0 7 57.46316649800001 0.0
0 8 57.46316649800001 0.0
0 9 57.46316649800001 0.0
0 10 57.46316649800001 0.0
0 11 57.46316649800001 0.0
0 12 57.46316649800001 0.0
0 13 57.46316649800001 0.0
0 14 57.46316649800001 0.0
0 15 57.46316649800001 0.0
0 16 57.46316649800001 0.0
0 17 57.46316649800001 0.0
0 18 57.46316649800001 0.0
0 19 57.46316649800001 0.0
0 20 57.46316649800001 0.0
0 21 57.46316649800001 0.0
0 22 57.46316649800001 0.0
0 23 57.46316649800001 0.0
0 24 57.46316649800001 0.0
0 25 57.46316649800001 0.0
0 26 57.46316649800001 0.0
0 27 57.46316649800001 0.0
0 28 57.46316649800001 0.0
0 29 57.46316649800001 0.0
0 30 57.46316649800001 0.0
0 31 57.46316649800001 0.0
1 0 56.717030030000004 0.0
1 1 56.717030030000004 0.0
1 2 56.717030030000004 0.0
1 3 56.717030030000004 0.0
1 4 56.717030030000004 0.0
1 5 56.717030030000004 0.0
1 6 56.717030030000004 0.0
1 7 56.717030030000004 0.0
1 8 56.717030030000004 0.0
1 9 56.717030030000004 0.0
1 10 56.717030030000004 0.0
1 11 56.717030030000004 0.0
1 12 56.717030030000004 0.0
1 13 56.717030030000004 0.0
1 14 56.717030030000004 0.0
1 15 56.717030030000004 0.0
1 16 56.717030030000004 0.0
1 17 56.717030030000004 0.0
1 18 56.717030030000004 0.0
1 19 56.717030030000004 0.0
1 20 56.717030030000004 0.0
1 21 56.717030030000004 0.0
1 22 56.717030030000004 0.0
1 23 56.717030030000004 0.0
1 24 56.717030030000004 0.0
1 25 56.717030030000004 0.0
1 26 56.717030030000004 0.0
1 27 56.717030030000004 0.0
1 28 56.717030030000004 0.0
1 29 56.717030030000004 0.0
1 30 56.717030030000004 0.0
1 31 56.717030030000004 0.0
2 0 56.025111092 0.0
2 1 56.025111092 0.0
2 2 56.025111092 0.0
2 3 56.025111092 0.0
2 4 56.025111092 0.0
2 5 56.025111092 0.0
2 6 56.025111092 0.0
2 7 56.025111092 0.0
2 8 56.025111092 0.0
2 9 56.025111092 0.0
2 10 56.025111092 0.0
2 11 56.025111092 0.0
2 12 56.025111092 0.0
2 13 56.025111092 0.0
2 14 56.025111092 0.0
2 15 56.025111092 0.0
2 16 56.025111092 0.0
2 17 56.025111092 0.0
2 18 56.025111092 0.0
2 19 56.025111092 0.0
2 20 56.025111092 0.0
2 21 56.025111092 0.0
2 22 56.025111092 0.0
2 23 56.025111092 0.0
2 24 56.025111092 0.0
2 25 56.025111092 0.0
2 26 56.025111092 0.0
2 27 56.025111092 0.0
2 28 56.025111092 0.0
2 29 56.025111092 0.0
2 30 56.025111092 0.0
2 31 56.025111092 0.0
3 0 55.276282957999996 0.0
3 1 55.276282957999996 0.0
3 2 55.276282957999996 0.0
3 3 55.276282957999996 0.0
3 4 55.276282957999996 0.0
3 5 55.276282957999996 0.0
3 6 55.276282957999996 0.0
3 7 55.276282957999996 0.0
3 8 55.276282957999996 0.0
3 9 55.276282957999996 0.0
3 10 55.276282957999996 0.0
3 11 55.276282957999996 0.0
3 12 55.276282957999996 0.0
3 13 55.276282957999996 0.0
3 14 55.276282957999996 0.0
3 15 55.276282957999996 0.0
3 16 55.276282957999996 0.0
3 17 55.276282957999996 0.0
3 18 55.276282957999996 0.0
3 19 55.276282957999996 0.0
3 20 55.276282957999996 0.0
3 21 55.276282957999996 0.0
3 22 55.276282957999996 0.0
3 23 55.276282957999996 0.0
3 24 55.276282957999996 0.0
3 25 55.276282957999996 0.0
3 26 55.276282957999996 0.0
3 27 55.276282957999996 0.0
3 28 55.276282957999996 0.0
3 29 55.276282957999996 0.0
3 30 55.276282957999996 0.0
3 31 55.276282957999996 0.0
4 0 55.07781494 0.0
4 1 55.07781494 0.0
4 2 55.07781494 0.0
4 3 55.07781494 0.0
4 4 55.07781494 0.0
4 5 55.07781494 0.0
4 6 55.07781494 0.0
4 7 55.07781494 0.0
4 8 55.07781494 0.0
4 9 55.07781494 0.0
4 10 55.07781494 0.0
4 11 55.07781494 0.0
4 12 55.07781494 0.0
4 13 55.07781494 0.0
4 14 55.07781494 0.0
4 15 55.07781494 0.0
4 16 56.446052252 0.0
4 17 56.446052252 0.0
4 18 56.446052252 0.0
4 19 56.446052252 0.0
4 20 56.446052252 0.0
4 21 56.446052252 0.0
4 22 56.446052252 0.0
4 23 56.446052252 0.0
4 24 56.446052252 0.0
4 25 56.446052252 0.0
4 26 56.446052252 0.0
4 27 56.446052252 0.0
4 28 56.446052252 0.0
4 29 56.446052252 0.0
4 30 56.446052252 0.0
4 31 56.446052252 0.0
5 0 56.653199455999996 0.0405
5 1 56.653199455999996 0.0405
5 2 56.653199455999996 0.0405
5 3 56.653199455999996 0.0405
5 4 56.653199455999996 0.0405
5 5 56.653199455999996 0.0405
5 6 56.653199455999996 0.0405
5 7 56.653199455999996 0.0405
5 8 56.653199455999996 0.0405
5 9 56.653199455999996 0.0405
5 10 56.653199455999996 0.0405
5 11 56.653199455999996 0.0405
5 12 56.653199455999996 0.0405
5 13 56.653199455999996 0.0405
5 14 56.653199455999996 0.0405
5 15 56.653199455999996 0.0405
5 16 56.979603266 0.072
5 17 56.979603266 0.072
5 18 56.979603266 0.072
5 19 56.979603266 0.072
5 20 56.979603266 0.072
5 21 56.979603266 0.072
5 22 56.979603266 0.072
5 23 56.979603266 0.072
5 24 56.979603266 0.072
5 25 56.979603266 0.072
5 26 56.979603266 0.072
5 27 56.979603266 0.072
5 28 56.979603266 0.072
5 29 56.979603266 0.072
5 30 56.979603266 0.072
5 31 56.979603266 0.072
6 0 60.393330086 0.21
6 1 60.393330086 0.21
6 2 60.393330086 0.21
6 3 60.393330086 0.21
6 4 60.393330086 0.21
6 5 60.393330086 0.21
6 6 60.393330086 0.21
6 7 60.393330086 0.21
6 8 60.393330086 0.21
6 9 60.393330086 0.21
6 10 60.393330086 0.21
6 11 60.393330086 0.21
6 12 60.393330086 0.21
6 13 60.393330086 0.21
6 14 60.393330086 0.21
6 15 60.393330086 0.21
6 16 58.707148442000005 0.2595
6 17 58.707148442000005 0.2595
6 18 58.707148442000005 0.2595
6 19 58.707148442000005 0.2595
6 20 58.707148442000005 0.2595
6 21 58.707148442000005 0.2595
6 22 58.707148442000005 0.2595
6 23 58.707148442000005 0.2595
6 24 58.707148442000005 0.2595
6 25 58.707148442000005 0.2595
6 26 58.707148442000005 0.2595
6 27 58.707148442000005 0.2595
6 28 58.707148442000005 0.2595
6 29 58.707148442000005 0.2595
6 30 58.707148442000005 0.2595
6 31 58.707148442000005 0.2595
7 0 64.57928588600001 0.43199999999999994
7 1 64.57928588600001 0.43199999999999994
7 2 64.57928588600001 0.43199999999999994
7 3 64.57928588600001 0.43199999999999994
7 4 64.57928588600001 0.43199999999999994
7 5 64.57928588600001 0.43199999999999994
7 6 64.57928588600001 0.43199999999999994
7 7 64.57928588600001 0.43199999999999994
7 8 64.57928588600001 0.43199999999999994
7 9 64.57928588600001 0.43199999999999994
7 10 64.57928588600001 0.43199999999999994
7 11 64.57928588600001 0.43199999999999994
7 12 64.57928588600001 0.43199999999999994
7 13 64.57928588600001 0.43199999999999994
7 14 64.57928588600001 0.43199999999999994
7 15 64.57928588600001 0.43199999999999994
7 16 62.782526858 0.489
7 17 62.782526858 0.489
7 18 62.782526858 0.489
7 19 62.782526858 0.489
7 20 62.782526858 0.489
7 21 62.782526858 0.489
7 22 62.782526858 0.489
7 23 62.782526858 0.489
7 24 62.782526858 0.489
7 25 62.782526858 0.489
7 26 62.782526858 0.489
7 27 62.782526858 0.489
7 28 62.782526858 0.489
7 29 62.782526858 0.489
7 30 62.782526858 0.489
7 31 62.782526858 0.489
8 0 67.83656737999999 0.6645
8 1 67.83656737999999 0.6645
8 2 67.83656737999999 0.6645
8 3 67.83656737999999 0.6645
8 4 67.83656737999999 0.6645
8 5 67.83656737999999 0.6645
8 6 67.83656737999999 0.6645
8 7 67.83656737999999 0.6645
8 8 65.2300061 0.1485
8 9 65.2300061 0.1485
8 10 65.2300061 0.1485
8 11 65.2300061 0.1485
8 12 65.2300061 0.1485
8 13 65.2300061 0.1485
8 14 65.2300061 0.1485
8 15 65.2300061 0.1485
8 16 66.340229486 0.726
8 17 66.340229486 0.726
8 18 66.340229486 0.726
8 19 66.340229486 0.726
8 20 66.340229486 0.726
8 21 66.340229486 0.726
8 22 66.340229486 0.726
8 23 66.340229486 0.726
8 24 63.687690428 0.1455
8 25 63.687690428 0.1455
8 26 63.687690428 0.1455
8 27 63.687690428 0.1455
8 28 63.687690428 0.1455
8 29 63.687690428 0.1455
8 30 63.687690428 0.1455
8 31 63.687690428 0.1455
9 0 70.477845458 0.885
9 1 70.477845458 0.885
9 2 70.477845458 0.885
9 3 70.477845458 0.885
9 4 70.477845458 0.885
9 5 70.477845458 0.885
9 6 70.477845458 0.885
9 7 70.477845458 0.885
9 8 66.721674812 0.15
9 9 66.721674812 0.15
9 10 66.721674812 0.15
9 11 66.721674812 0.15
9 12 66.721674812 0.15
9 13 66.721674812 0.15
9 14 66.721674812 0.15
9 15 66.721674812 0.15
9 16 69.360920402 0.948
9 17 69.360920402 0.948
9 18 69.360920402 0.948
9 19 69.360920402 0.948
9 20 69.360920402 0.948
9 21 69.360920402 0.948
9 22 69.360920402 0.948
9 23 69.360920402 0.948
9 24 65.925715334 0.411
9 25 65.925715334 0.411
9 26 65.925715334 0.411
9 27 65.925715334 0.411
9 28 65.925715334 0.411
9 29 65.925715334 0.411
9 30 65.925715334 0.411
9 31 65.925715334 0.411
10 0 72.732624512 1.0695
10 1 72.732624512 1.0695
10 2 72.732624512 1.0695
10 3 72.732624512 1.0695
10 4 72.732624512 1.0695
10 5 72.732624512 1.0695
10 6 72.732624512 1.0695
10 7 72.732624512 1.0695
10 8 68.185712894 0.1995
10 9 68.185712894 0.1995
10 10 68.185712894 0.1995
10 11 68.185712894 0.1995
10 12 68.185712894 0.1995
10 13 68.185712894 0.1995
10 14 68.185712894 0.1995
10 15 68.185712894 0.1995
10 16 72.13859375000001 1.1325
10 17 72.13859375000001 1.1325
10 18 72.13859375000001 1.1325
10 19 72.13859375000001 1.1325
10 20 72.13859375000001 1.1325
10 21 72.13859375000001 1.1325
10 22 72.13859375000001 1.1325
10 23 72.13859375000001 1.1325
10 24 68.340290522 0.4425
10 25 68.340290522 0.4425
10 26 68.340290522 0.4425
10 27 68.340290522 0.4425
10 28 68.340290522 0.4425
10 29 68.340290522 0.4425
10 30 68.340290522 0.4425
10 31 68.340290522 0.4425
11 0 74.61573609199999 1.203
11 1 74.61573609199999 1.203
11 2 74.61573609199999 1.203
11 3 74.61573609199999 1.203
11 4 74.61573609199999 1.203
11 5 74.61573609199999 1.203
11 6 74.61573609199999 1.203
11 7 74.61573609199999 1.203
11 8 68.957777102 0.3494999999999999
11 9 68.957777102 0.3494999999999999
11 10 68.957777102 0.3494999999999999
11 11 68.957777102 0.3494999999999999
11 12 68.957777102 0.3494999999999999
11 13 68.957777102 0.3494999999999999
11 14 68.957777102 0.3494999999999999
11 15 68.957777102 0.3494999999999999
11 16 74.52345092 1.2645
11 17 74.52345092 1.2645
11 18 74.52345092 1.2645
11 19 74.52345092 1.2645
11 20 74.52345092 1.2645
11 21 74.52345092 1.2645
11 22 74.52345092 1.2645
11 23 74.52345092 1.2645
11 24 70.56842774 0.591
11 25 70.56842774 0.591
11 26 70.56842774 0.591
11 27 70.56842774 0.591
11 28 70.56842774 0.591
11 29 70.56842774 0.591
11 30 70.56842774 0.591
11 31 70.56842774 0.591
12 0 76.064173592 1.107
12 1 76.064173592 1.107
12 2 76.064173592 1.107
12 3 76.064173592 1.107
12 4 76.480555424 1.3335
12 5 76.480555424 1.3335
12 6 76.480555424 1.3335
12 7 76.480555424 1.3335
12 8 69.30972411799999 0.3405
12 9 69.30972411799999 0.3405
12 10 69.30972411799999 0.3405
12 11 69.30972411799999 0.3405
12 12 70.667304692 1.1685
12 13 70.667304692 1.1685
12 14 70.667304692 1.1685
12 15 70.667304692 1.1685
12 16 76.480555424 1.3335
12 17 76.480555424 1.3335
12 18 76.480555424 1.3335
12 19 76.480555424 1.3335
12 20 76.064173592 1.107
12 21 76.064173592 1.107
12 22 76.064173592 1.107
12 23 76.064173592 1.107
12 24 72.323328866 0.828
12 25 72.323328866 0.828
12 26 72.323328866 0.828
12 27 72.323328866 0.828
12 28 72.553107902 1.239
12 29 72.553107902 1.239
12 30 72.553107902 1.239
12 31 72.553107902 1.239
13 0 77.01553466600001 1.0545
13 1 77.01553466600001 1.0545
13 2 77.01553466600001 1.0545
13 3 77.01553466600001 1.0545
13 4 77.91954467 1.3335
13 5 77.91954467 1.3335
13 6 77.91954467 1.3335
13 7 77.91954467 1.3335
13 8 69.21837280400001 0.4215
13 9 69.21837280400001 0.4215
13 10 69.21837280400001 0.4215
13 11 69.21837280400001 0.4215
13 12 72.285810548 0.8325
13 13 72.285810548 0.8325
13 14 72.285810548 0.8325
13 15 72.285810548 0.8325
13 16 77.91954467 1.3335
13 17 77.91954467 1.3335
13 18 77.91954467 1.3335
13 19 77.91954467 1.3335
13 20 77.01553466600001 1.0545
13 21 77.01553466600001 1.0545
13 22 77.01553466600001 1.0545
13 23 77.01553466600001 1.0545
13 24 73.313691404 0.855
13 25 73.313691404 0.855
13 26 73.313691404 0.855
13 27 73.313691404 0.855
13 28 73.527210698 1.236
13 29 73.527210698 1.236
13 30 73.527210698 1.236
13 31 73.527210698 1.236
14 0 77.338862312 1.212
14 1 77.338862312 1.212
14 2 77.338862312 1.212
14 3 77.338862312 1.212
14 4 78.661121828 1.062
14 5 78.661121828 1.062
14 6 78.661121828 1.062
14 7 78.661121828 1.062
14 8 68.91811646 0.42
14 9 68.91811646 0.42
14 10 68.91811646 0.42
14 11 68.91811646 0.42
14 12 73.321766366 1.2285
14 13 73.321766366 1.2285
14 14 73.321766366 1.2285
14 15 73.321766366 1.2285
14 16 78.661121828 1.062
14 17 78.661121828 1.062
14 18 78.661121828 1.062
14 19 78.661121828 1.062
14 20 77.338862312 1.212
14 21 77.338862312 1.212
14 22 77.338862312 1.212
14 23 77.338862312 1.212
14 24 73.43525512400001 0.867
14 25 73.43525512400001 0.867
14 26 73.43525512400001 0.867
14 27 73.43525512400001 0.867
14 28 73.753089602 0.1455
14 29 73.753089602 0.1455
14 30 73.753089602 0.1455
14 31 73.753089602 0.1455
15 0 76.946485604 1.0815
15 1 76.946485604 1.0815
15 2 76.946485604 1.0815
15 3 76.946485604 1.0815
15 4 78.680897222 1.131
15 5 78.680897222 1.131
15 6 78.680897222 1.131
15 7 78.680897222 1.131
15 8 67.768726802 0.858
15 9 67.768726802 0.858
15 10 67.768726802 0.858
15 11 67.768726802 0.858
15 12 73.383344726 1.0965
15 13 73.383344726 1.0965
15 14 73.383344726 1.0965
15 15 73.383344726 1.0965
15 16 78.680897222 1.131
15 17 78.680897222 1.131
15 18 78.680897222 1.131
15 19 78.680897222 1.131
15 20 76.946485604 1.0815
15 21 76.946485604 1.0815
15 22 76.946485604 1.0815
15 23 76.946485604 1.0815
15 24 72.987727046 0.6225
15 25 72.987727046 0.6225
15 26 72.987727046 0.6225
15 27 72.987727046 0.6225
15 28 73.613398442 0.1275
15 29 73.613398442 0.1275
15 30 73.613398442 0.1275
15 31 73.613398442 0.1275
16 0 75.88108643000001 0.8985
16 1 75.88108643000001 0.8985
16 2 75.824451896 0.7425
16 3 75.824451896 0.7425
16 4 77.971125488 0.9464999999999999
16 5 77.971125488 0.9464999999999999
16 6 76.261488044 0.9539999999999998
16 7 76.261488044 0.9539999999999998
16 8 66.445368656 0.72
16 9 66.445368656 0.72
16 10 71.35603759400001 0.921
16 11 71.35603759400001 0.921
16 12 72.508887932 0.912
16 13 72.508887932 0.912
16 14 73.246180424 0.7935
16 15 73.246180424 0.7935
16 16 77.971125488 0.9464999999999999
16 17 77.971125488 0.9464999999999999
16 18 76.261488044 0.9539999999999998
16 19 76.261488044 0.9539999999999998
16 20 75.88108643000001 0.8985
16 21 75.88108643000001 0.8985
16 22 75.824451896 0.7425
16 23 75.824451896 0.7425
16 24 72.501142586 0.6885
16 25 72.501142586 0.6885
16 26 72.26944091600001 0.861
16 27 72.26944091600001 0.861
16 28 73.246180424 0.7935
16 29 73.246180424 0.7935
16 30 72.865174568 0.8939999999999999
16 31 72.865174568 0.8939999999999999
17 0 74.194355462 0.5535
17 1 74.194355462 0.5535
17 2 74.474946284 0.585
17 3 74.474946284 0.585
17 4 76.54109009 0.7245
17 5 76.54109009 0.7245
17 6 74.417158202 0.7305
17 7 74.417158202 0.7305
17 8 65.27235839 0.1485
17 9 65.27235839 0.1485
17 10 70.94421509 0.711
17 11 70.94421509 0.711
17 12 71.34290893400001 0.6914999999999999
17 13 71.34290893400001 0.6914999999999999
17 14 72.451044914 0.633
17 15 72.451044914 0.633
17 16 76.54109009 0.7245
17 17 76.54109009 0.7245
17 18 74.417158202 0.7305
17 19 74.417158202 0.7305
17 20 74.194355462 0.5535
17 21 74.194355462 0.5535
17 22 74.474946284 0.585
17 23 74.474946284 0.585
17 24 72.07657592000001 0.6105
17 25 72.07657592000001 0.6105
17 26 71.07182128400001 0.639
17 27 71.07182128400001 0.639
17 28 72.451044914 0.633
17 29 72.451044914 0.633
17 30 71.658216554 0.6075
17 31 71.658216554 0.6075
18 0 71.85959594600001 0.444
18 1 71.85959594600001 0.444
18 2 73.09385497400001 0.2925
18 3 73.09385497400001 0.2925
18 4 74.186665034 0.486
18 5 74.186665034 0.486
18 6 71.90843018000001 0.49199999999999994
18 7 71.90843018000001 0.49199999999999994
18 8 63.9393872 0.06
18 9 63.9393872 0.06
18 10 69.523627928 0.48
18 11 69.523627928 0.48
18 12 69.970057376 0.45449999999999996
18 13 69.970057376 0.45449999999999996
18 14 70.618800056 0.3555
18 15 70.618800056 0.3555
18 16 74.186665034 0.486
18 17 74.186665034 0.486
18 18 71.90843018000001 0.49199999999999994
18 19 71.90843018000001 0.49199999999999994
18 20 71.85959594600001 0.444
18 21 71.85959594600001 0.444
18 22 73.09385497400001 0.2925
18 23 73.09385497400001 0.2925
18 24 71.472602534 0.441
18 25 71.472602534 0.441
18 26 68.913172616 0.4035
18 27 68.913172616 0.4035
18 28 70.618800056 0.3555
18 29 70.618800056 0.3555
18 30 69.85047119000001 0.411
18 31 69.85047119000001 0.411
19 0 68.713825676 0.219
19 1 68.713825676 0.219
19 2 71.638166498 0.213
19 3 71.638166498 0.213
19 4 70.7034497 0.2565
19 5 70.7034497 0.2565
19 6 68.583802496 0.261
19 7 68.583802496 0.261
19 8 62.495948479999996 0.1515
19 9 62.495948479999996 0.1515
19 10 67.320374756 0.2565
19 11 67.320374756 0.2565
19 12 69.368555912 0.066
19 13 69.368555912 0.066
19 14 67.870844726 0.0705
19 15 67.870844726 0.0705
19 16 70.7034497 0.2565
19 17 70.7034497 0.2565
19 18 68.583802496 0.261
19 19 68.583802496 0.261
19 20 68.713825676 0.219
19 21 68.713825676 0.219
19 22 71.638166498 0.213
19 23 71.638166498 0.213
19 24 70.297944332 0.225
19 25 70.297944332 0.225
19 26 65.84820679399999 0.18
19 27 65.84820679399999 0.18
19 28 67.870844726 0.0705
19 29 67.870844726 0.0705
19 30 67.298347166 0.2055
19 31 67.298347166 0.2055
20 0 66.505024418 0.0435
20 1 65.693244632 0.0735
20 2 70.22807128400001 0.0525
20 3 69.563398442 0.051
20 4 67.732307132 0.069
20 5 69.563398442 0.051
20 6 65.693244632 0.0735
20 7 66.505024418 0.0435
20 8 61.28025634400001 0.0195
20 9 60.646564940000005 0.06
20 10 65.756745608 0.072
20 11 65.188148198 0.0435
20 12 68.531013176 0.013499999999999998
20 13 67.273353266 0.033
20 14 65.774158934 0.0075
20 15 65.908796378 0.0165
20 16 67.732307132 0.069
20 17 69.563398442 0.051
20 18 65.693244632 0.0735
20 19 66.505024418 0.0435
20 20 66.505024418 0.0435
20 21 65.693244632 0.0735
20 22 70.22807128400001 0.0525
20 23 69.563398442 0.051
20 24 69.15382813400001 0.05399999999999999
20 25 67.732307132 0.069
20 26 63.201820064 0.0195
20 27 62.506440428000005 0.045
20 28 65.774158934 0.0075
20 29 65.908796378 0.0165
20 30 65.188148198 0.0435
20 31 65.756745608 0.072
21 0 65.608485116 0.0
21 1 63.750037838 0.0
21 2 69.103620608 0.0
21 3 68.67103393400001 0.0
21 4 66.2753003 0.0
21 5 68.67103393400001 0.0
21 6 63.750037838 0.0
21 7 65.608485116 0.0
21 8 60.356361092 0.0
21 9 58.551856682 0.0
21 10 64.954084478 0.0
21 11 64.177076408 0.0
21 12 65.702088626 0.0
21 13 65.881495364 0.0
21 14 64.642292474 0.0
21 15 64.895856926 0.0
21 16 66.2753003 0.0
21 17 68.67103393400001 0.0
21 18 63.750037838 0.0
21 19 65.608485116 0.0
21 20 65.608485116 0.0
21 21 63.750037838 0.0
21 22 69.103620608 0.0
21 23 68.67103393400001 0.0
21 24 68.448560792 0.0
21 25 66.2753003 0.0
21 26 61.492292474 0.0
21 27 60.689741216 0.0
21 28 64.642292474 0.0
21 29 64.895856926 0.0
21 30 64.177076408 0.0
21 31 64.954084478 0.0
22 0 64.31418579199999 0.0
22 1 61.91977051400001 0.0
22 2 68.189503172 0.0
22 3 67.89655274 0.0
22 4 65.269117436 0.0
22 5 67.89655274 0.0
22 6 61.91977051400001 0.0
22 7 64.31418579199999 0.0
22 8 59.593250732 0.0
22 9 57.261622316 0.0
22 10 64.00426146800001 0.0
22 11 63.50405396000001 0.0
22 12 62.823341066 0.0
22 13 64.720515128 0.0
22 14 63.45296753 0.0
22 15 63.792719726 0.0
22 16 65.269117436 0.0
22 17 67.89655274 0.0
22 18 61.91977051400001 0.0
22 19 64.31418579199999 0.0
22 20 64.31418579199999 0.0
22 21 61.91977051400001 0.0
22 22 68.189503172 0.0
22 23 67.89655274 0.0
22 24 67.70819213600001 0.0
22 25 65.269117436 0.0
22 26 60.047645270000004 0.0
22 27 59.427906494 0.0
22 28 63.45296753 0.0
22 29 63.792719726 0.0
22 30 63.50405396000001 0.0
22 31 64.00426146800001 0.0
23 0 62.659150394 0.0
23 1 60.426398930000005 0.0
23 2 67.42809570200001 0.0
23 3 67.039509272 0.0
23 4 64.24376342 0.0
23 5 67.039509272 0.0
23 6 60.426398930000005 0.0
23 7 62.659150394 0.0
23 8 59.023664546 0.0
23 9 56.22313964 0.0
23 10 63.104591066 0.0
23 11 62.837293694 0.0
23 12 61.0565747 0.0
23 13 63.665662838 0.0
23 14 62.048640128 0.0
23 15 62.58773926400001 0.0
23 16 64.24376342 0.0
23 17 67.039509272 0.0
23 18 60.426398930000005 0.0
23 19 62.659150394 0.0
23 20 62.659150394 0.0
23 21 60.426398930000005 0.0
23 22 67.42809570200001 0.0
23 23 67.039509272 0.0
23 24 66.87125366000001 0.0
23 25 64.24376342 0.0
23 26 58.677430424 0.0
23 27 58.363056644 0.0
23 28 62.048640128 0.0
23 29 62.58773926400001 0.0
23 30 62.837293694 0.0
23 31 63.104591066 0.0
