time period scenario temperature renewable energy
0 0 62.351258539999996 0.0
0 1 62.351258539999996 0.0
0 2 62.351258539999996 0.0
0 3 62.351258539999996 0.0
0 4 62.351258539999996 0.0
0 5 62.351258539999996 0.0
0 6 62.351258539999996 0.0
0 7 62.351258539999996 0.0
0 8 62.351258539999996 0.0
0 9 62.351258539999996 0.0
0 10 62.351258539999996 0.0
0 11 62.351258539999996 0.0
0 12 62.351258539999996 0.0
0 13 62.351258539999996 0.0
0 14 62.351258539999996 0.0
0 15 62.351258539999996 0.0
0 16 62.351258539999996 0.0
0 17 62.351258539999996 0.0
0 18 62.351258539999996 0.0
0 19 62.351258539999996 0.0
0 20 62.351258539999996 0.0
0 21 62.351258539999996 0.0
0 22 62.351258539999996 0.0
0 23 62.351258539999996 0.0
0 24 62.351258539999996 0.0
0 25 62.351258539999996 0.0
0 26 62.351258539999996 0.0
0 27 62.351258539999996 0.0
0 28 62.351258539999996 0.0
0 29 62.351258539999996 0.0
0 30 62.351258539999996 0.0
0 31 62.351258539999996 0.0
1 0 62.151032713999996 0.0
1 1 62.151032713999996 0.0
1 2 62.151032713999996 0.0
1 3 62.151032713999996 0.0
1 4 62.151032713999996 0.0
1 5 62.151032713999996 0.0
1 6 62.151032713999996 0.0
1 7 62.151032713999996 0.0
1 8 62.151032713999996 0.0
1 9 62.151032713999996 0.0
1 10 62.151032713999996 0.0
1 11 62.151032713999996 0.0
1 12 62.151032713999996 0.0
1 13 62.151032713999996 0.0
1 14 62.151032713999996 0.0
1 15 62.151032713999996 0.0
1 16 62.151032713999996 0.0
1 17 62.151032713999996 0.0
1 18 62.151032713999996 0.0
1 19 62.151032713999996 0.0
1 20 62.151032713999996 0.0
1 21 62.151032713999996 0.0
1 22 62.151032713999996 0.0
1 23 62.151032713999996 0.0
1 24 62.151032713999996 0.0
1 25 62.151032713999996 0.0
1 26 62.151032713999996 0.0
1 27 62.151032713999996 0.0
1 28 62.151032713999996 0.0
1 29 62.151032713999996 0.0
1 30 62.151032713999996 0.0
1 31 62.151032713999996 0.0
2 0 61.845667718 0.0
2 1 61.845667718 0.0
2 2 61.845667718 0.0
2 3 61.845667718 0.0
2 4 61.845667718 0.0
2 5 61.845667718 0.0
2 6 61.845667718 0.0
2 7 61.845667718 0.0
2 8 61.845667718 0.0
2 9 61.845667718 0.0
2 10 61.845667718 0.0
2 11 61.845667718 0.0
2 12 61.845667718 0.0
2 13 61.845667718 0.0
2 14 61.845667718 0.0
2 15 61.845667718 0.0
2 16 61.845667718 0.0
2 17 61.845667718 0.0
2 18 61.845667718 0.0
2 19 61.845667718 0.0
2 20 61.845667718 0.0
2 21 61.845667718 0.0
2 22 61.845667718 0.0
2 23 61.845667718 0.0
2 24 61.845667718 0.0
2 25 61.845667718 0.0
2 26 61.845667718 0.0
2 27 61.845667718 0.0
2 28 61.845667718 0.0
2 29 61.845667718 0.0
2 30 61.845667718 0.0
2 31 61.845667718 0.0
3 0 61.158308108 0.0
3 1 61.158308108 0.0
3 2 61.158308108 0.0
3 3 61.158308108 0.0
3 4 61.158308108 0.0
3 5 61.158308108 0.0
3 6 61.158308108 0.0
3 7 61.158308108 0.0
3 8 61.158308108 0.0
3 9 61.158308108 0.0
3 10 61.158308108 0.0
3 11 61.158308108 0.0
3 12 61.158308108 0.0
3 13 61.158308108 0.0
3 14 61.158308108 0.0
3 15 61.158308108 0.0
3 16 61.158308108 0.0
3 17 61.158308108 0.0
3 18 61.158308108 0.0
3 19 61.158308108 0.0
3 20 61.158308108 0.0
3 21 61.158308108 0.0
3 22 61.158308108 0.0
3 23 61.158308108 0.0
3 24 61.158308108 0.0
3 25 61.158308108 0.0
3 26 61.158308108 0.0
3 27 61.158308108 0.0
3 28 61.158308108 0.0
3 29 61.158308108 0.0
3 30 61.158308108 0.0
3 31 61.158308108 0.0
4 0 60.671174324 0.0
4 1 60.671174324 0.0
4 2 60.671174324 0.0
4 3 60.671174324 0.0
4 4 60.671174324 0.0
4 5 60.671174324 0.0
4 6 60.671174324 0.0
4 7 60.671174324 0.0
4 8 60.671174324 0.0
4 9 60.671174324 0.0
4 10 60.671174324 0.0
4 11 60.671174324 0.0
4 12 60.671174324 0.0
4 13 60.671174324 0.0
4 14 60.671174324 0.0
4 15 60.671174324 0.0
4 16 61.31140259 0.0
4 17 61.31140259 0.0
4 18 61.31140259 0.0
4 19 61.31140259 0.0
4 20 61.31140259 0.0
4 21 61.31140259 0.0
4 22 61.31140259 0.0
4 23 61.31140259 0.0
4 24 61.31140259 0.0
4 25 61.31140259 0.0
4 26 61.31140259 0.0
4 27 61.31140259 0.0
4 28 61.31140259 0.0
4 29 61.31140259 0.0
4 30 61.31140259 0.0
4 31 61.31140259 0.0
5 0 61.627753904 0.0165
5 1 61.627753904 0.0165
5 2 61.627753904 0.0165
5 3 61.627753904 0.0165
5 4 61.627753904 0.0165
5 5 61.627753904 0.0165
5 6 61.627753904 0.0165
5 7 61.627753904 0.0165
5 8 61.627753904 0.0165
5 9 61.627753904 0.0165
5 10 61.627753904 0.0165
5 11 61.627753904 0.0165
5 12 61.627753904 0.0165
5 13 61.627753904 0.0165
5 14 61.627753904 0.0165
5 15 61.627753904 0.0165
5 16 62.907221678 0.081
5 17 62.907221678 0.081
5 18 62.907221678 0.081
5 19 62.907221678 0.081
5 20 62.907221678 0.081
5 21 62.907221678 0.081
5 22 62.907221678 0.081
5 23 62.907221678 0.081
5 24 62.907221678 0.081
5 25 62.907221678 0.081
5 26 62.907221678 0.081
5 27 62.907221678 0.081
5 28 62.907221678 0.081
5 29 62.907221678 0.081
5 30 62.907221678 0.081
5 31 62.907221678 0.081
6 0 64.440583502 0.165
6 1 64.440583502 0.165
6 2 64.440583502 0.165
6 3 64.440583502 0.165
6 4 64.440583502 0.165
6 5 64.440583502 0.165
6 6 64.440583502 0.165
6 7 64.440583502 0.165
6 8 64.440583502 0.165
6 9 64.440583502 0.165
6 10 64.440583502 0.165
6 11 64.440583502 0.165
6 12 64.440583502 0.165
6 13 64.440583502 0.165
6 14 64.440583502 0.165
6 15 64.440583502 0.165
6 16 66.600880124 0.2655
6 17 66.600880124 0.2655
6 18 66.600880124 0.2655
6 19 66.600880124 0.2655
6 20 66.600880124 0.2655
6 21 66.600880124 0.2655
6 22 66.600880124 0.2655
6 23 66.600880124 0.2655
6 24 66.600880124 0.2655
6 25 66.600880124 0.2655
6 26 66.600880124 0.2655
6 27 66.600880124 0.2655
6 28 66.600880124 0.2655
6 29 66.600880124 0.2655
6 30 66.600880124 0.2655
6 31 66.600880124 0.2655
7 0 68.432081306 0.315
7 1 68.432081306 0.315
7 2 68.432081306 0.315
7 3 68.432081306 0.315
7 4 68.432081306 0.315
7 5 68.432081306 0.315
7 6 68.432081306 0.315
7 7 68.432081306 0.315
7 8 68.432081306 0.315
7 9 68.432081306 0.315
7 10 68.432081306 0.315
7 11 68.432081306 0.315
7 12 68.432081306 0.315
7 13 68.432081306 0.315
7 14 68.432081306 0.315
7 15 68.432081306 0.315
7 16 71.121479486 0.4875
7 17 71.121479486 0.4875
7 18 71.121479486 0.4875
7 19 71.121479486 0.4875
7 20 71.121479486 0.4875
7 21 71.121479486 0.4875
7 22 71.121479486 0.4875
7 23 71.121479486 0.4875
7 24 71.121479486 0.4875
7 25 71.121479486 0.4875
7 26 71.121479486 0.4875
7 27 71.121479486 0.4875
7 28 71.121479486 0.4875
7 29 71.121479486 0.4875
7 30 71.121479486 0.4875
7 31 71.121479486 0.4875
8 0 72.13172729 0.66
8 1 72.13172729 0.66
8 2 72.13172729 0.66
8 3 72.13172729 0.66
8 4 72.13172729 0.66
8 5 72.13172729 0.66
8 6 72.13172729 0.66
8 7 72.13172729 0.66
8 8 73.97704589 0.6435
8 9 73.97704589 0.6435
8 10 73.97704589 0.6435
8 11 73.97704589 0.6435
8 12 73.97704589 0.6435
8 13 73.97704589 0.6435
8 14 73.97704589 0.6435
8 15 73.97704589 0.6435
8 16 75.21811646 0.5595
8 17 75.21811646 0.5595
8 18 75.21811646 0.5595
8 19 75.21811646 0.5595
8 20 75.21811646 0.5595
8 21 75.21811646 0.5595
8 22 75.21811646 0.5595
8 23 75.21811646 0.5595
8 24 76.47890747 0.642
8 25 76.47890747 0.642
8 26 76.47890747 0.642
8 27 76.47890747 0.642
8 28 76.47890747 0.642
8 29 76.47890747 0.642
8 30 76.47890747 0.642
8 31 76.47890747 0.642
9 0 73.85405396 0.8805
9 1 73.85405396 0.8805
9 2 73.85405396 0.8805
9 3 73.85405396 0.8805
9 4 73.85405396 0.8805
9 5 73.85405396 0.8805
9 6 73.85405396 0.8805
9 7 73.85405396 0.8805
9 8 77.265253904 0.3915
9 9 77.265253904 0.3915
9 10 77.265253904 0.3915
9 11 77.265253904 0.3915
9 12 77.265253904 0.3915
9 13 77.265253904 0.3915
9 14 77.265253904 0.3915
9 15 77.265253904 0.3915
9 16 78.902381588 0.7575
9 17 78.902381588 0.7575
9 18 78.902381588 0.7575
9 19 78.902381588 0.7575
9 20 78.902381588 0.7575
9 21 78.902381588 0.7575
9 22 78.902381588 0.7575
9 23 78.902381588 0.7575
9 24 80.699470214 0.8085
9 25 80.699470214 0.8085
9 26 80.699470214 0.8085
9 27 80.699470214 0.8085
9 28 80.699470214 0.8085
9 29 80.699470214 0.8085
9 30 80.699470214 0.8085
9 31 80.699470214 0.8085
10 0 74.2971875 0.5925
10 1 74.2971875 0.5925
10 2 74.2971875 0.5925
10 3 74.2971875 0.5925
10 4 74.2971875 0.5925
10 5 74.2971875 0.5925
10 6 74.2971875 0.5925
10 7 74.2971875 0.5925
10 8 78.67342651999999 1.0485
10 9 78.67342651999999 1.0485
10 10 78.67342651999999 1.0485
10 11 78.67342651999999 1.0485
10 12 78.67342651999999 1.0485
10 13 78.67342651999999 1.0485
10 14 78.67342651999999 1.0485
10 15 78.67342651999999 1.0485
10 16 81.868250732 0.9014999999999999
10 17 81.868250732 0.9014999999999999
10 18 81.868250732 0.9014999999999999
10 19 81.868250732 0.9014999999999999
10 20 81.868250732 0.9014999999999999
10 21 81.868250732 0.9014999999999999
10 22 81.868250732 0.9014999999999999
10 23 81.868250732 0.9014999999999999
10 24 84.131599118 1.0425
10 25 84.131599118 1.0425
10 26 84.131599118 1.0425
10 27 84.131599118 1.0425
10 28 84.131599118 1.0425
10 29 84.131599118 1.0425
10 30 84.131599118 1.0425
10 31 84.131599118 1.0425
11 0 74.983942868 1.206
11 1 74.983942868 1.206
11 2 74.983942868 1.206
11 3 74.983942868 1.206
11 4 74.983942868 1.206
11 5 74.983942868 1.206
11 6 74.983942868 1.206
11 7 74.983942868 1.206
11 8 79.65686768 1.1835
11 9 79.65686768 1.1835
11 10 79.65686768 1.1835
11 11 79.65686768 1.1835
11 12 79.65686768 1.1835
11 13 79.65686768 1.1835
11 14 79.65686768 1.1835
11 15 79.65686768 1.1835
11 16 83.71302002600001 0.9825
11 17 83.71302002600001 0.9825
11 18 83.71302002600001 0.9825
11 19 83.71302002600001 0.9825
11 20 83.71302002600001 0.9825
11 21 83.71302002600001 0.9825
11 22 83.71302002600001 0.9825
11 23 83.71302002600001 0.9825
11 24 86.837476802 1.1745
11 25 86.837476802 1.1745
11 26 86.837476802 1.1745
11 27 86.837476802 1.1745
11 28 86.837476802 1.1745
11 29 86.837476802 1.1745
11 30 86.837476802 1.1745
11 31 86.837476802 1.1745
12 0 75.335175788 0.5655
12 1 75.335175788 0.5655
12 2 75.335175788 0.5655
12 3 75.335175788 0.5655
12 4 76.064173592 1.107
12 5 76.064173592 1.107
12 6 76.064173592 1.107
12 7 76.064173592 1.107
12 8 80.93391845 1.257
12 9 80.93391845 1.257
12 10 80.93391845 1.257
12 11 80.93391845 1.257
12 12 79.28393676799999 0.438
12 13 79.28393676799999 0.438
12 14 79.28393676799999 0.438
12 15 79.28393676799999 0.438
12 16 84.62329223 1.0395
12 17 84.62329223 1.0395
12 18 84.62329223 1.0395
12 19 84.62329223 1.0395
12 20 85.683088382 1.3079999999999998
12 21 85.683088382 1.3079999999999998
12 22 85.683088382 1.3079999999999998
12 23 85.683088382 1.3079999999999998
12 24 88.570350338 1.245
12 25 88.570350338 1.245
12 26 88.570350338 1.245
12 27 88.570350338 1.245
12 28 90.10140503 1.281
12 29 90.10140503 1.281
12 30 90.10140503 1.281
12 31 90.10140503 1.281
13 0 74.787617192 1.272
13 1 74.787617192 1.272
13 2 74.787617192 1.272
13 3 74.787617192 1.272
13 4 77.01553466600001 1.0545
13 5 77.01553466600001 1.0545
13 6 77.01553466600001 1.0545
13 7 77.01553466600001 1.0545
13 8 82.29951905 1.263
13 9 82.29951905 1.263
13 10 82.29951905 1.263
13 11 82.29951905 1.263
13 12 78.7971875 0.456
13 13 78.7971875 0.456
13 14 78.7971875 0.456
13 15 78.7971875 0.456
13 16 85.180573724 1.017
13 17 85.180573724 1.017
13 18 85.180573724 1.017
13 19 85.180573724 1.017
13 20 86.79419067200001 1.3125
13 21 86.79419067200001 1.3125
13 22 86.79419067200001 1.3125
13 23 86.79419067200001 1.3125
13 24 89.374439696 1.245
13 25 89.374439696 1.245
13 26 89.374439696 1.245
13 27 89.374439696 1.245
13 28 91.996931156 1.281
13 29 91.996931156 1.281
13 30 91.996931156 1.281
13 31 91.996931156 1.281
14 0 73.646687012 1.2
14 1 73.646687012 1.2
14 2 73.646687012 1.2
14 3 73.646687012 1.2
14 4 77.338862312 1.212
14 5 77.338862312 1.212
14 6 77.338862312 1.212
14 7 77.338862312 1.212
14 8 83.01297119 0.867
14 9 83.01297119 0.867
14 10 83.01297119 0.867
14 11 83.01297119 0.867
14 12 78.074396978 0.6614999999999999
14 13 78.074396978 0.6614999999999999
14 14 78.074396978 0.6614999999999999
14 15 78.074396978 0.6614999999999999
14 16 85.363551032 0.951
14 17 85.363551032 0.951
14 18 85.363551032 0.951
14 19 85.363551032 0.951
14 20 87.1784375 1.2495
14 21 87.1784375 1.2495
14 22 87.1784375 1.2495
14 23 87.1784375 1.2495
14 24 89.54703491000001 1.179
14 25 89.54703491000001 1.179
14 26 89.54703491000001 1.179
14 27 89.54703491000001 1.179
14 28 92.811347654 1.212
14 29 92.811347654 1.212
14 30 92.811347654 1.212
14 31 92.811347654 1.212
15 0 72.363868412 0.9285
15 1 72.363868412 0.9285
15 2 72.363868412 0.9285
15 3 72.363868412 0.9285
15 4 76.946485604 1.0815
15 5 76.946485604 1.0815
15 6 76.946485604 1.0815
15 7 76.946485604 1.0815
15 8 82.586207282 0.9239999999999999
15 9 82.586207282 0.9239999999999999
15 10 82.586207282 0.9239999999999999
15 11 82.586207282 0.9239999999999999
15 12 77.04827393 0.768
15 13 77.04827393 0.768
15 14 77.04827393 0.768
15 15 77.04827393 0.768
15 16 84.769904786 0.8805
15 17 84.769904786 0.8805
15 18 84.769904786 0.8805
15 19 84.769904786 0.8805
15 20 86.78238036799999 1.122
15 21 86.78238036799999 1.122
15 22 86.78238036799999 1.122
15 23 86.78238036799999 1.122
15 24 89.219587406 0.9389999999999998
15 25 89.219587406 0.9389999999999998
15 26 89.219587406 0.9389999999999998
15 27 89.219587406 0.9389999999999998
15 28 92.52471435800001 1.0845
15 29 92.52471435800001 1.0845
15 30 92.52471435800001 1.0845
15 31 92.52471435800001 1.0845
16 0 71.123017586 0.7395
16 1 71.123017586 0.7395
16 2 72.26944091600001 0.861
16 3 72.26944091600001 0.861
16 4 75.88108643000001 0.8985
16 5 75.88108643000001 0.8985
16 6 75.824451896 0.7425
16 7 75.824451896 0.7425
16 8 81.228461918 0.888
16 9 81.228461918 0.888
16 10 82.373841554 0.792
16 11 82.373841554 0.792
16 12 75.824451896 0.7425
16 13 75.824451896 0.7425
16 14 75.88108643000001 0.8985
16 15 75.88108643000001 0.8985
16 16 83.433198236 0.732
16 17 83.433198236 0.732
16 18 84.04436768 0.8714999999999999
16 19 84.04436768 0.8714999999999999
16 20 85.67968262 0.9405
16 21 85.67968262 0.9405
16 22 86.11633423399999 0.6914999999999999
16 23 86.11633423399999 0.6914999999999999
16 24 88.21499756 0.7725
16 25 88.21499756 0.7725
16 26 86.11633423399999 0.6914999999999999
16 27 86.11633423399999 0.6914999999999999
16 28 91.181745608 0.9045
16 29 91.181745608 0.9045
16 30 90.474940184 0.8385
16 31 90.474940184 0.8385
17 0 69.63656738 0.672
17 1 69.63656738 0.672
17 2 71.07182128400001 0.639
17 3 71.07182128400001 0.639
17 4 74.194355462 0.5535
17 5 74.194355462 0.5535
17 6 74.474946284 0.585
17 7 74.474946284 0.585
17 8 79.231586918 0.6675
17 9 79.231586918 0.6675
17 10 81.11469848 0.5775
17 11 81.11469848 0.5775
17 12 74.474946284 0.585
17 13 74.474946284 0.585
17 14 74.194355462 0.5535
17 15 74.194355462 0.5535
17 16 81.7284497 0.573
17 17 81.7284497 0.573
17 18 82.03820923399999 0.6525
17 19 82.03820923399999 0.6525
17 20 83.968397222 0.7214999999999999
17 21 83.968397222 0.7214999999999999
17 22 84.19900024399999 0.6614999999999999
17 23 84.19900024399999 0.6614999999999999
17 24 86.534034422 0.5835
17 25 86.534034422 0.5835
17 26 84.19900024399999 0.6614999999999999
17 27 84.19900024399999 0.6614999999999999
17 28 88.94932372400001 0.6914999999999999
17 29 88.94932372400001 0.6914999999999999
17 30 88.51695679400001 0.711
17 31 88.51695679400001 0.711
18 0 67.69061402 0.441
18 1 67.69061402 0.441
18 2 68.913172616 0.4035
18 3 68.913172616 0.4035
18 4 71.85959594600001 0.444
18 5 71.85959594600001 0.444
18 6 73.09385497400001 0.2925
18 7 73.09385497400001 0.2925
18 8 76.48280762 0.4305
18 9 76.48280762 0.4305
18 10 79.24592408000001 0.021
18 11 79.24592408000001 0.021
18 12 73.09385497400001 0.2925
18 13 73.09385497400001 0.2925
18 14 71.85959594600001 0.444
18 15 71.85959594600001 0.444
18 16 79.549146734 0.3465
18 17 79.549146734 0.3465
18 18 79.270972898 0.4185
18 19 79.270972898 0.4185
18 20 81.716639396 0.486
18 21 81.716639396 0.486
18 22 81.98811158000001 0.2805
18 23 81.98811158000001 0.2805
18 24 83.81425902800001 0.3435
18 25 83.81425902800001 0.3435
18 26 81.98811158000001 0.2805
18 27 81.98811158000001 0.2805
18 28 85.956428228 0.46199999999999997
18 29 85.956428228 0.46199999999999997
18 30 85.91451537200001 0.4365
18 31 85.91451537200001 0.4365
19 0 65.111848142 0.219
19 1 65.111848142 0.219
19 2 65.84820679399999 0.18
19 3 65.84820679399999 0.18
19 4 68.713825676 0.219
19 5 68.713825676 0.219
19 6 71.638166498 0.213
19 7 71.638166498 0.213
19 8 73.189875488 0.2055
19 9 73.189875488 0.2055
19 10 76.79663207600001 0.159
19 11 76.79663207600001 0.159
19 12 71.638166498 0.213
19 13 71.638166498 0.213
19 14 68.713825676 0.219
19 15 68.713825676 0.219
19 16 76.34108399 0.2445
19 17 76.34108399 0.2445
19 18 75.352424324 0.1965
19 19 75.352424324 0.1965
19 20 78.14075439199999 0.2595
19 21 78.14075439199999 0.2595
19 22 79.45889405 0.0285
19 23 79.45889405 0.0285
19 24 80.311817624 0.1485
19 25 80.311817624 0.1485
19 26 79.45889405 0.0285
19 27 79.45889405 0.0285
19 28 81.563874512 0.2415
19 29 81.563874512 0.2415
19 30 82.172846678 0.252
19 31 82.172846678 0.252
20 0 62.506440428000005 0.045
20 1 62.08484009 0.0705
20 2 63.201820064 0.0195
20 3 62.506440428000005 0.045
20 4 66.505024418 0.0435
20 5 65.693244632 0.0735
20 6 70.22807128400001 0.0525
20 7 69.563398442 0.051
20 8 71.021778566 0.0345
20 9 70.22807128400001 0.0525
20 10 74.446931156 0.0285
20 11 73.065675056 0.0705
20 12 70.22807128400001 0.0525
20 13 69.563398442 0.051
20 14 66.505024418 0.0435
20 15 65.693244632 0.0735
20 16 73.065675056 0.0705
20 17 72.47938964 0.039
20 18 71.734022222 0.0285
20 19 72.733063964 0.0525
20 20 74.8175 0.075
20 21 77.01207396800001 0.006
20 22 77.01207396800001 0.006
20 23 77.64065673799999 0.0225
20 24 77.64065673799999 0.0225
20 25 77.01207396800001 0.006
20 26 77.01207396800001 0.006
20 27 77.64065673799999 0.0225
20 28 76.99696777400001 0.0645
20 29 78.70435302199999 0.072
20 30 78.70435302199999 0.072
20 31 76.99696777400001 0.0645
21 0 60.689741216 0.0
21 1 59.81264771 0.0
21 2 61.492292474 0.0
21 3 60.689741216 0.0
21 4 65.608485116 0.0
21 5 63.750037838 0.0
21 6 69.103620608 0.0
21 7 68.67103393400001 0.0
21 8 70.106068112 0.0
21 9 69.103620608 0.0
21 10 72.930378416 0.0
21 11 70.99244506400001 0.0
21 12 69.103620608 0.0
21 13 68.67103393400001 0.0
21 14 65.608485116 0.0
21 15 63.750037838 0.0
21 16 70.99244506400001 0.0
21 17 70.27750976 0.0
21 18 69.507368168 0.0
21 19 70.97843750000001 0.0
21 20 73.350660398 0.0
21 21 75.119953622 0.0
21 22 75.119953622 0.0
21 23 75.84329345 0.0
21 24 75.84329345 0.0
21 25 75.119953622 0.0
21 26 75.119953622 0.0
21 27 75.84329345 0.0
21 28 74.14343384 0.0
21 29 76.970545646 0.0
21 30 76.970545646 0.0
21 31 74.14343384 0.0
22 0 59.427906494 0.0
22 1 58.241273198 0.0
22 2 60.047645270000004 0.0
22 3 59.427906494 0.0
22 4 64.31418579199999 0.0
22 5 61.91977051400001 0.0
22 6 68.189503172 0.0
22 7 67.89655274 0.0
22 8 68.955744632 0.0
22 9 68.189503172 0.0
22 10 71.67535521799999 0.0
22 11 69.58998536000001 0.0
22 12 68.189503172 0.0
22 13 67.89655274 0.0
22 14 64.31418579199999 0.0
22 15 61.91977051400001 0.0
22 16 69.58998536000001 0.0
22 17 68.661311036 0.0
22 18 67.80608033 0.0
22 19 69.537745364 0.0
22 20 72.161005856 0.0
22 21 73.606367192 0.0
22 22 73.606367192 0.0
22 23 73.980177008 0.0
22 24 73.980177008 0.0
22 25 73.606367192 0.0
22 26 73.606367192 0.0
22 27 73.980177008 0.0
22 28 72.457142342 0.0
22 29 75.92717408 0.0
22 30 75.92717408 0.0
22 31 72.457142342 0.0
23 0 58.363056644 0.0
23 1 56.695661618 0.0
23 2 58.677430424 0.0
23 3 58.363056644 0.0
23 4 62.659150394 0.0
23 5 60.426398930000005 0.0
23 6 67.42809570200001 0.0
23 7 67.039509272 0.0
23 8 67.439466554 0.0
23 9 67.42809570200001 0.0
23 10 70.39967774 0.0
23 11 68.27997558199999 0.0
23 12 67.42809570200001 0.0
23 13 67.039509272 0.0
23 14 62.659150394 0.0
23 15 60.426398930000005 0.0
23 16 68.27997558199999 0.0
23 17 67.27747314199999 0.0
23 18 66.29364746600001 0.0
23 19 68.362318112 0.0
23 20 70.688343506 0.0
23 21 72.238349606 0.0
23 22 72.238349606 0.0
23 23 72.182264396 0.0
23 24 72.182264396 0.0
23 25 72.238349606 0.0
23 26 72.238349606 0.0
23 27 72.182264396 0.0
23 28 71.095881344 0.0
23 29 74.878474118 0.0
23 30 74.878474118 0.0
23 31 71.095881344 0.0
