time period scenario temperature renewable energy
0 0 60.999665522 0.0
0 1 60.999665522 0.0
0 2 60.999665522 0.0
0 3 60.999665522 0.0
0 4 60.999665522 0.0
0 5 60.999665522 0.0
0 6 60.999665522 0.0
0 7 60.999665522 0.0
0 8 60.999665522 0.0
0 9 60.999665522 0.0
0 10 60.999665522 0.0
0 11 60.999665522 0.0
0 12 60.999665522 0.0
0 13 60.999665522 0.0
0 14 60.999665522 0.0
0 15 60.999665522 0.0
0 16 60.999665522 0.0
0 17 60.999665522 0.0
0 18 60.999665522 0.0
0 19 60.999665522 0.0
0 20 60.999665522 0.0
0 21 60.999665522 0.0
0 22 60.999665522 0.0
0 23 60.999665522 0.0
0 24 60.999665522 0.0
0 25 60.999665522 0.0
0 26 60.999665522 0.0
0 27 60.999665522 0.0
0 28 60.999665522 0.0
0 29 60.999665522 0.0
0 30 60.999665522 0.0
0 31 60.999665522 0.0
1 0 59.53749512 0.0
1 1 59.53749512 0.0
1 2 59.53749512 0.0
1 3 59.53749512 0.0
1 4 59.53749512 0.0
1 5 59.53749512 0.0
1 6 59.53749512 0.0
1 7 59.53749512 0.0
1 8 59.53749512 0.0
1 9 59.53749512 0.0
1 10 59.53749512 0.0
1 11 59.53749512 0.0
1 12 59.53749512 0.0
1 13 59.53749512 0.0
1 14 59.53749512 0.0
1 15 59.53749512 0.0
1 16 59.53749512 0.0
1 17 59.53749512 0.0
1 18 59.53749512 0.0
1 19 59.53749512 0.0
1 20 59.53749512 0.0
1 21 59.53749512 0.0
1 22 59.53749512 0.0
1 23 59.53749512 0.0
1 24 59.53749512 0.0
1 25 59.53749512 0.0
1 26 59.53749512 0.0
1 27 59.53749512 0.0
1 28 59.53749512 0.0
1 29 59.53749512 0.0
1 30 59.53749512 0.0
1 31 59.53749512 0.0
2 0 58.54312256 0.0
2 1 58.54312256 0.0
2 2 58.54312256 0.0
2 3 58.54312256 0.0
2 4 58.54312256 0.0
2 5 58.54312256 0.0
2 6 58.54312256 0.0
2 7 58.54312256 0.0
2 8 58.54312256 0.0
2 9 58.54312256 0.0
2 10 58.54312256 0.0
2 11 58.54312256 0.0
2 12 58.54312256 0.0
2 13 58.54312256 0.0
2 14 58.54312256 0.0
2 15 58.54312256 0.0
2 16 58.54312256 0.0
2 17 58.54312256 0.0
2 18 58.54312256 0.0
2 19 58.54312256 0.0
2 20 58.54312256 0.0
2 21 58.54312256 0.0
2 22 58.54312256 0.0
2 23 58.54312256 0.0
2 24 58.54312256 0.0
2 25 58.54312256 0.0
2 26 58.54312256 0.0
2 27 58.54312256 0.0
2 28 58.54312256 0.0
2 29 58.54312256 0.0
2 30 58.54312256 0.0
2 31 58.54312256 0.0
3 0 58.124323724 0.0
3 1 58.124323724 0.0
3 2 58.124323724 0.0
3 3 58.124323724 0.0
3 4 58.124323724 0.0
3 5 58.124323724 0.0
3 6 58.124323724 0.0
3 7 58.124323724 0.0
3 8 58.124323724 0.0
3 9 58.124323724 0.0
3 10 58.124323724 0.0
3 11 58.124323724 0.0
3 12 58.124323724 0.0
3 13 58.124323724 0.0
3 14 58.124323724 0.0
3 15 58.124323724 0.0
3 16 58.124323724 0.0
3 17 58.124323724 0.0
3 18 58.124323724 0.0
3 19 58.124323724 0.0
3 20 58.124323724 0.0
3 21 58.124323724 0.0
3 22 58.124323724 0.0
3 23 58.124323724 0.0
3 24 58.124323724 0.0
3 25 58.124323724 0.0
3 26 58.124323724 0.0
3 27 58.124323724 0.0
3 28 58.124323724 0.0
3 29 58.124323724 0.0
3 30 58.124323724 0.0
3 31 58.124323724 0.0
4 0 58.453858634 0.0
4 1 58.453858634 0.0
4 2 58.453858634 0.0
4 3 58.453858634 0.0
4 4 58.453858634 0.0
4 5 58.453858634 0.0
4 6 58.453858634 0.0
4 7 58.453858634 0.0
4 8 58.453858634 0.0
4 9 58.453858634 0.0
4 10 58.453858634 0.0
4 11 58.453858634 0.0
4 12 58.453858634 0.0
4 13 58.453858634 0.0
4 14 58.453858634 0.0
4 15 58.453858634 0.0
4 16 57.783472898 0.0
4 17 57.783472898 0.0
4 18 57.783472898 0.0
4 19 57.783472898 0.0
4 20 57.783472898 0.0
4 21 57.783472898 0.0
4 22 57.783472898 0.0
4 23 57.783472898 0.0
4 24 57.783472898 0.0
4 25 57.783472898 0.0
4 26 57.783472898 0.0
4 27 57.783472898 0.0
4 28 57.783472898 0.0
4 29 57.783472898 0.0
4 30 57.783472898 0.0
4 31 57.783472898 0.0
5 0 59.97782714 0.036
5 1 59.97782714 0.036
5 2 59.97782714 0.036
5 3 59.97782714 0.036
5 4 59.97782714 0.036
5 5 59.97782714 0.036
5 6 59.97782714 0.036
5 7 59.97782714 0.036
5 8 59.97782714 0.036
5 9 59.97782714 0.036
5 10 59.97782714 0.036
5 11 59.97782714 0.036
5 12 59.97782714 0.036
5 13 59.97782714 0.036
5 14 59.97782714 0.036
5 15 59.97782714 0.036
5 16 58.371186523999995 0.024
5 17 58.371186523999995 0.024
5 18 58.371186523999995 0.024
5 19 58.371186523999995 0.024
5 20 58.371186523999995 0.024
5 21 58.371186523999995 0.024
5 22 58.371186523999995 0.024
5 23 58.371186523999995 0.024
5 24 58.371186523999995 0.024
5 25 58.371186523999995 0.024
5 26 58.371186523999995 0.024
5 27 58.371186523999995 0.024
5 28 58.371186523999995 0.024
5 29 58.371186523999995 0.024
5 30 58.371186523999995 0.024
5 31 58.371186523999995 0.024
6 0 62.800214846 0.204
6 1 62.800214846 0.204
6 2 62.800214846 0.204
6 3 62.800214846 0.204
6 4 62.800214846 0.204
6 5 62.800214846 0.204
6 6 62.800214846 0.204
6 7 62.800214846 0.204
6 8 62.800214846 0.204
6 9 62.800214846 0.204
6 10 62.800214846 0.204
6 11 62.800214846 0.204
6 12 62.800214846 0.204
6 13 62.800214846 0.204
6 14 62.800214846 0.204
6 15 62.800214846 0.204
6 16 61.630610360000006 0.1695
6 17 61.630610360000006 0.1695
6 18 61.630610360000006 0.1695
6 19 61.630610360000006 0.1695
6 20 61.630610360000006 0.1695
6 21 61.630610360000006 0.1695
6 22 61.630610360000006 0.1695
6 23 61.630610360000006 0.1695
6 24 61.630610360000006 0.1695
6 25 61.630610360000006 0.1695
6 26 61.630610360000006 0.1695
6 27 61.630610360000006 0.1695
6 28 61.630610360000006 0.1695
6 29 61.630610360000006 0.1695
6 30 61.630610360000006 0.1695
6 31 61.630610360000006 0.1695
7 0 66.73029908000001 0.4215
7 1 66.73029908000001 0.4215
7 2 66.73029908000001 0.4215
7 3 66.73029908000001 0.4215
7 4 66.73029908000001 0.4215
7 5 66.73029908000001 0.4215
7 6 66.73029908000001 0.4215
7 7 66.73029908000001 0.4215
7 8 66.73029908000001 0.4215
7 9 66.73029908000001 0.4215
7 10 66.73029908000001 0.4215
7 11 66.73029908000001 0.4215
7 12 66.73029908000001 0.4215
7 13 66.73029908000001 0.4215
7 14 66.73029908000001 0.4215
7 15 66.73029908000001 0.4215
7 16 66.817695308 0.49199999999999994
7 17 66.817695308 0.49199999999999994
7 18 66.817695308 0.49199999999999994
7 19 66.817695308 0.49199999999999994
7 20 66.817695308 0.49199999999999994
7 21 66.817695308 0.49199999999999994
7 22 66.817695308 0.49199999999999994
7 23 66.817695308 0.49199999999999994
7 24 66.817695308 0.49199999999999994
7 25 66.817695308 0.49199999999999994
7 26 66.817695308 0.49199999999999994
7 27 66.817695308 0.49199999999999994
7 28 66.817695308 0.49199999999999994
7 29 66.817695308 0.49199999999999994
7 30 66.817695308 0.49199999999999994
7 31 66.817695308 0.49199999999999994
8 0 70.49256713599999 0.6525
8 1 70.49256713599999 0.6525
8 2 70.49256713599999 0.6525
8 3 70.49256713599999 0.6525
8 4 70.49256713599999 0.6525
8 5 70.49256713599999 0.6525
8 6 70.49256713599999 0.6525
8 7 70.49256713599999 0.6525
8 8 71.073688964 0.7245
8 9 71.073688964 0.7245
8 10 71.073688964 0.7245
8 11 71.073688964 0.7245
8 12 71.073688964 0.7245
8 13 71.073688964 0.7245
8 14 71.073688964 0.7245
8 15 71.073688964 0.7245
8 16 71.073688964 0.7245
8 17 71.073688964 0.7245
8 18 71.073688964 0.7245
8 19 71.073688964 0.7245
8 20 71.073688964 0.7245
8 21 71.073688964 0.7245
8 22 71.073688964 0.7245
8 23 71.073688964 0.7245
8 24 70.49256713599999 0.6525
8 25 70.49256713599999 0.6525
8 26 70.49256713599999 0.6525
8 27 70.49256713599999 0.6525
8 28 70.49256713599999 0.6525
8 29 70.49256713599999 0.6525
8 30 70.49256713599999 0.6525
8 31 70.49256713599999 0.6525
9 0 73.37982911 0.8685
9 1 73.37982911 0.8685
9 2 73.37982911 0.8685
9 3 73.37982911 0.8685
9 4 73.37982911 0.8685
9 5 73.37982911 0.8685
9 6 73.37982911 0.8685
9 7 73.37982911 0.8685
9 8 73.13944823599999 0.942
9 9 73.13944823599999 0.942
9 10 73.13944823599999 0.942
9 11 73.13944823599999 0.942
9 12 73.13944823599999 0.942
9 13 73.13944823599999 0.942
9 14 73.13944823599999 0.942
9 15 73.13944823599999 0.942
9 16 73.13944823599999 0.942
9 17 73.13944823599999 0.942
9 18 73.13944823599999 0.942
9 19 73.13944823599999 0.942
9 20 73.13944823599999 0.942
9 21 73.13944823599999 0.942
9 22 73.13944823599999 0.942
9 23 73.13944823599999 0.942
9 24 73.37982911 0.8685
9 25 73.37982911 0.8685
9 26 73.37982911 0.8685
9 27 73.37982911 0.8685
9 28 73.37982911 0.8685
9 29 73.37982911 0.8685
9 30 73.37982911 0.8685
9 31 73.37982911 0.8685
10 0 76.120039058 1.05
10 1 76.120039058 1.05
10 2 76.120039058 1.05
10 3 76.120039058 1.05
10 4 76.120039058 1.05
10 5 76.120039058 1.05
10 6 76.120039058 1.05
10 7 76.120039058 1.05
10 8 73.396802984 0.852
10 9 73.396802984 0.852
10 10 73.396802984 0.852
10 11 73.396802984 0.852
10 12 73.396802984 0.852
10 13 73.396802984 0.852
10 14 73.396802984 0.852
10 15 73.396802984 0.852
10 16 73.396802984 0.852
10 17 73.396802984 0.852
10 18 73.396802984 0.852
10 19 73.396802984 0.852
10 20 73.396802984 0.852
10 21 73.396802984 0.852
10 22 73.396802984 0.852
10 23 73.396802984 0.852
10 24 76.120039058 1.05
10 25 76.120039058 1.05
10 26 76.120039058 1.05
10 27 76.120039058 1.05
10 28 76.120039058 1.05
10 29 76.120039058 1.05
10 30 76.120039058 1.05
10 31 76.120039058 1.05
11 0 78.759119876 1.182
11 1 78.759119876 1.182
11 2 78.759119876 1.182
11 3 78.759119876 1.182
11 4 78.759119876 1.182
11 5 78.759119876 1.182
11 6 78.759119876 1.182
11 7 78.759119876 1.182
11 8 72.89780396 1.008
11 9 72.89780396 1.008
11 10 72.89780396 1.008
11 11 72.89780396 1.008
11 12 72.89780396 1.008
11 13 72.89780396 1.008
11 14 72.89780396 1.008
11 15 72.89780396 1.008
11 16 72.89780396 1.008
11 17 72.89780396 1.008
11 18 72.89780396 1.008
11 19 72.89780396 1.008
11 20 72.89780396 1.008
11 21 72.89780396 1.008
11 22 72.89780396 1.008
11 23 72.89780396 1.008
11 24 78.759119876 1.182
11 25 78.759119876 1.182
11 26 78.759119876 1.182
11 27 78.759119876 1.182
11 28 78.759119876 1.182
11 29 78.759119876 1.182
11 30 78.759119876 1.182
11 31 78.759119876 1.182
12 0 80.92996338200001 1.251
12 1 80.92996338200001 1.251
12 2 80.92996338200001 1.251
12 3 80.92996338200001 1.251
12 4 79.92350585599999 1.191
12 5 79.92350585599999 1.191
12 6 79.92350585599999 1.191
12 7 79.92350585599999 1.191
12 8 72.67884643400001 1.002
12 9 72.67884643400001 1.002
12 10 72.67884643400001 1.002
12 11 72.67884643400001 1.002
12 12 69.731818844 0.6645
12 13 69.731818844 0.6645
12 14 69.731818844 0.6645
12 15 69.731818844 0.6645
12 16 72.67884643400001 1.002
12 17 72.67884643400001 1.002
12 18 72.67884643400001 1.002
12 19 72.67884643400001 1.002
12 20 69.731818844 0.6645
12 21 69.731818844 0.6645
12 22 69.731818844 0.6645
12 23 69.731818844 0.6645
12 24 80.92996338200001 1.251
12 25 80.92996338200001 1.251
12 26 80.92996338200001 1.251
12 27 80.92996338200001 1.251
12 28 79.92350585599999 1.191
12 29 79.92350585599999 1.191
12 30 79.92350585599999 1.191
12 31 79.92350585599999 1.191
13 0 82.49381225600001 0.828
13 1 82.49381225600001 0.828
13 2 82.49381225600001 0.828
13 3 82.49381225600001 0.828
13 4 80.713093262 0.645
13 5 80.713093262 0.645
13 6 80.713093262 0.645
13 7 80.713093262 0.645
13 8 72.837434084 0.8264999999999999
13 9 72.837434084 0.8264999999999999
13 10 72.837434084 0.8264999999999999
13 11 72.837434084 0.8264999999999999
13 12 68.417359628 1.0995
13 13 68.417359628 1.0995
13 14 68.417359628 1.0995
13 15 68.417359628 1.0995
13 16 72.837434084 0.8264999999999999
13 17 72.837434084 0.8264999999999999
13 18 72.837434084 0.8264999999999999
13 19 72.837434084 0.8264999999999999
13 20 68.417359628 1.0995
13 21 68.417359628 1.0995
13 22 68.417359628 1.0995
13 23 68.417359628 1.0995
13 24 82.49381225600001 0.828
13 25 82.49381225600001 0.828
13 26 82.49381225600001 0.828
13 27 82.49381225600001 0.828
13 28 80.713093262 0.645
13 29 80.713093262 0.645
13 30 80.713093262 0.645
13 31 80.713093262 0.645
14 0 83.537293694 0.34199999999999997
14 1 83.537293694 0.34199999999999997
14 2 83.537293694 0.34199999999999997
14 3 83.537293694 0.34199999999999997
14 4 81.374635004 1.1955
14 5 81.374635004 1.1955
14 6 81.374635004 1.1955
14 7 81.374635004 1.1955
14 8 72.67884643400001 0.1545
14 9 72.67884643400001 0.1545
14 10 72.67884643400001 0.1545
14 11 72.67884643400001 0.1545
14 12 68.749805912 0.192
14 13 68.749805912 0.192
14 14 68.749805912 0.192
14 15 68.749805912 0.192
14 16 72.67884643400001 0.1545
14 17 72.67884643400001 0.1545
14 18 72.67884643400001 0.1545
14 19 72.67884643400001 0.1545
14 20 68.749805912 0.192
14 21 68.749805912 0.192
14 22 68.749805912 0.192
14 23 68.749805912 0.192
14 24 83.537293694 0.34199999999999997
14 25 83.537293694 0.34199999999999997
14 26 83.537293694 0.34199999999999997
14 27 83.537293694 0.34199999999999997
14 28 81.374635004 1.1955
14 29 81.374635004 1.1955
14 30 81.374635004 1.1955
14 31 81.374635004 1.1955
15 0 83.95378539800001 0.8835
15 1 83.95378539800001 0.8835
15 2 83.95378539800001 0.8835
15 3 83.95378539800001 0.8835
15 4 81.484663082 1.0695
15 5 81.484663082 1.0695
15 6 81.484663082 1.0695
15 7 81.484663082 1.0695
15 8 71.74770018800001 0.4605
15 9 71.74770018800001 0.4605
15 10 71.74770018800001 0.4605
15 11 71.74770018800001 0.4605
15 12 70.40039185399999 1.0905
15 13 70.40039185399999 1.0905
15 14 70.40039185399999 1.0905
15 15 70.40039185399999 1.0905
15 16 71.74770018800001 0.4605
15 17 71.74770018800001 0.4605
15 18 71.74770018800001 0.4605
15 19 71.74770018800001 0.4605
15 20 70.40039185399999 1.0905
15 21 70.40039185399999 1.0905
15 22 70.40039185399999 1.0905
15 23 70.40039185399999 1.0905
15 24 83.95378539800001 0.8835
15 25 83.95378539800001 0.8835
15 26 83.95378539800001 0.8835
15 27 83.95378539800001 0.8835
15 28 81.484663082 1.0695
15 29 81.484663082 1.0695
15 30 81.484663082 1.0695
15 31 81.484663082 1.0695
16 0 83.602552496 0.7935
16 1 83.602552496 0.7935
16 2 83.433198236 0.732
16 3 83.433198236 0.732
16 4 80.806037594 0.891
16 5 80.806037594 0.891
16 6 81.228461918 0.888
16 7 81.228461918 0.888
16 8 70.162592774 0.5295
16 9 70.162592774 0.5295
16 10 71.123017586 0.7395
16 11 71.123017586 0.7395
16 12 71.35603759400001 0.921
16 13 71.35603759400001 0.921
16 14 70.162592774 0.5295
16 15 70.162592774 0.5295
16 16 70.162592774 0.5295
16 17 70.162592774 0.5295
16 18 71.123017586 0.7395
16 19 71.123017586 0.7395
16 20 71.35603759400001 0.921
16 21 71.35603759400001 0.921
16 22 70.162592774 0.5295
16 23 70.162592774 0.5295
16 24 83.602552496 0.7935
16 25 83.602552496 0.7935
16 26 83.433198236 0.732
16 27 83.433198236 0.732
16 28 80.806037594 0.891
16 29 80.806037594 0.891
16 30 81.228461918 0.888
16 31 81.228461918 0.888
17 0 82.247114264 0.6614999999999999
17 1 82.247114264 0.6614999999999999
17 2 81.7284497 0.573
17 3 81.7284497 0.573
17 4 79.495093994 0.672
17 5 79.495093994 0.672
17 6 79.231586918 0.6675
17 7 79.231586918 0.6675
17 8 68.17110107 0.504
17 9 68.17110107 0.504
17 10 69.63656738 0.672
17 11 69.63656738 0.672
17 12 70.94421509 0.711
17 13 70.94421509 0.711
17 14 68.17110107 0.504
17 15 68.17110107 0.504
17 16 68.17110107 0.504
17 17 68.17110107 0.504
17 18 69.63656738 0.672
17 19 69.63656738 0.672
17 20 70.94421509 0.711
17 21 70.94421509 0.711
17 22 68.17110107 0.504
17 23 68.17110107 0.504
17 24 82.247114264 0.6614999999999999
17 25 82.247114264 0.6614999999999999
17 26 81.7284497 0.573
17 27 81.7284497 0.573
17 28 79.495093994 0.672
17 29 79.495093994 0.672
17 30 79.231586918 0.6675
17 31 79.231586918 0.6675
18 0 79.653956306 0.429
18 1 79.653956306 0.429
18 2 79.549146734 0.3465
18 3 79.549146734 0.3465
18 4 77.552326652 0.4425
18 5 77.552326652 0.4425
18 6 76.48280762 0.4305
18 7 76.48280762 0.4305
18 8 65.989930424 0.48
18 9 65.989930424 0.48
18 10 67.69061402 0.441
18 11 67.69061402 0.441
18 12 69.523627928 0.48
18 13 69.523627928 0.48
18 14 65.989930424 0.48
18 15 65.989930424 0.48
18 16 65.989930424 0.48
18 17 65.989930424 0.48
18 18 67.69061402 0.441
18 19 67.69061402 0.441
18 20 69.523627928 0.48
18 21 69.523627928 0.48
18 22 65.989930424 0.48
18 23 65.989930424 0.48
18 24 79.653956306 0.429
18 25 79.653956306 0.429
18 26 79.549146734 0.3465
18 27 79.549146734 0.3465
18 28 77.552326652 0.4425
18 29 77.552326652 0.4425
18 30 76.48280762 0.4305
18 31 76.48280762 0.4305
19 0 75.927558596 0.20849999999999996
19 1 75.927558596 0.20849999999999996
19 2 76.34108399 0.2445
19 3 76.34108399 0.2445
19 4 75.033491216 0.17849999999999996
19 5 75.033491216 0.17849999999999996
19 6 73.189875488 0.2055
19 7 73.189875488 0.2055
19 8 63.441376952 0.213
19 9 63.441376952 0.213
19 10 65.111848142 0.219
19 11 65.111848142 0.219
19 12 67.320374756 0.2565
19 13 67.320374756 0.2565
19 14 63.441376952 0.213
19 15 63.441376952 0.213
19 16 63.441376952 0.213
19 17 63.441376952 0.213
19 18 65.111848142 0.219
19 19 65.111848142 0.219
19 20 67.320374756 0.2565
19 21 67.320374756 0.2565
19 22 63.441376952 0.213
19 23 63.441376952 0.213
19 24 75.927558596 0.20849999999999996
19 25 75.927558596 0.20849999999999996
19 26 76.34108399 0.2445
19 27 76.34108399 0.2445
19 28 75.033491216 0.17849999999999996
19 29 75.033491216 0.17849999999999996
19 30 73.189875488 0.2055
19 31 73.189875488 0.2055
20 0 72.47938964 0.039
20 1 73.065675056 0.0705
20 2 73.065675056 0.0705
20 3 72.47938964 0.039
20 4 72.733063964 0.0525
20 5 73.002943112 0.003
20 6 71.021778566 0.0345
20 7 70.22807128400001 0.0525
20 8 60.646564940000005 0.06
20 9 61.28025634400001 0.0195
20 10 62.506440428000005 0.045
20 11 62.08484009 0.0705
20 12 65.756745608 0.072
20 13 65.188148198 0.0435
20 14 60.646564940000005 0.06
20 15 61.28025634400001 0.0195
20 16 60.646564940000005 0.06
20 17 61.28025634400001 0.0195
20 18 62.506440428000005 0.045
20 19 62.08484009 0.0705
20 20 65.756745608 0.072
20 21 65.188148198 0.0435
20 22 60.646564940000005 0.06
20 23 61.28025634400001 0.0195
20 24 72.47938964 0.039
20 25 73.065675056 0.0705
20 26 73.065675056 0.0705
20 27 72.47938964 0.039
20 28 72.733063964 0.0525
20 29 73.002943112 0.003
20 30 71.021778566 0.0345
20 31 70.22807128400001 0.0525
21 0 70.27750976 0.0
21 1 70.99244506400001 0.0
21 2 70.99244506400001 0.0
21 3 70.27750976 0.0
21 4 70.97843750000001 0.0
21 5 71.224256588 0.0
21 6 70.106068112 0.0
21 7 69.103620608 0.0
21 8 58.551856682 0.0
21 9 60.356361092 0.0
21 10 60.689741216 0.0
21 11 59.81264771 0.0
21 12 64.954084478 0.0
21 13 64.177076408 0.0
21 14 58.551856682 0.0
21 15 60.356361092 0.0
21 16 58.551856682 0.0
21 17 60.356361092 0.0
21 18 60.689741216 0.0
21 19 59.81264771 0.0
21 20 64.954084478 0.0
21 21 64.177076408 0.0
21 22 58.551856682 0.0
21 23 60.356361092 0.0
21 24 70.27750976 0.0
21 25 70.99244506400001 0.0
21 26 70.99244506400001 0.0
21 27 70.27750976 0.0
21 28 70.97843750000001 0.0
21 29 71.224256588 0.0
21 30 70.106068112 0.0
21 31 69.103620608 0.0
22 0 68.661311036 0.0
22 1 69.58998536000001 0.0
22 2 69.58998536000001 0.0
22 3 68.661311036 0.0
22 4 69.537745364 0.0
22 5 69.21342896 0.0
22 6 68.955744632 0.0
22 7 68.189503172 0.0
22 8 57.261622316 0.0
22 9 59.593250732 0.0
22 10 59.427906494 0.0
22 11 58.241273198 0.0
22 12 64.00426146800001 0.0
22 13 63.50405396000001 0.0
22 14 57.261622316 0.0
22 15 59.593250732 0.0
22 16 57.261622316 0.0
22 17 59.593250732 0.0
22 18 59.427906494 0.0
22 19 58.241273198 0.0
22 20 64.00426146800001 0.0
22 21 63.50405396000001 0.0
22 22 57.261622316 0.0
22 23 59.593250732 0.0
22 24 68.661311036 0.0
22 25 69.58998536000001 0.0
22 26 69.58998536000001 0.0
22 27 68.661311036 0.0
22 28 69.537745364 0.0
22 29 69.21342896 0.0
22 30 68.955744632 0.0
22 31 68.189503172 0.0
23 0 67.27747314199999 0.0
23 1 68.27997558199999 0.0
23 2 68.27997558199999 0.0
23 3 67.27747314199999 0.0
23 4 68.362318112 0.0
23 5 67.00874756 0.0
23 6 67.439466554 0.0
23 7 67.42809570200001 0.0
23 8 56.22313964 0.0
23 9 59.023664546 0.0
23 10 58.363056644 0.0
23 11 56.695661618 0.0
23 12 63.104591066 0.0
23 13 62.837293694 0.0
23 14 56.22313964 0.0
23 15 59.023664546 0.0
23 16 56.22313964 0.0
23 17 59.023664546 0.0
23 18 58.363056644 0.0
23 19 56.695661618 0.0
23 20 63.104591066 0.0
23 21 62.837293694 0.0
23 22 56.22313964 0.0
23 23 59.023664546 0.0
23 24 67.27747314199999 0.0
23 25 68.27997558199999 0.0
23 26 68.27997558199999 0.0
23 27 67.27747314199999 0.0
23 28 68.362318112 0.0
23 29 67.00874756 0.0
23 30 67.439466554 0.0
23 31 67.42809570200001 0.0
