time period scenario temperature renewable energy
0 0 67.28016479 0.0
0 1 67.28016479 0.0
0 2 67.28016479 0.0
0 3 67.28016479 0.0
0 4 67.28016479 0.0
0 5 67.28016479 0.0
0 6 67.28016479 0.0
0 7 67.28016479 0.0
0 8 67.28016479 0.0
0 9 67.28016479 0.0
0 10 67.28016479 0.0
0 11 67.28016479 0.0
0 12 67.28016479 0.0
0 13 67.28016479 0.0
0 14 67.28016479 0.0
0 15 67.28016479 0.0
0 16 67.28016479 0.0
0 17 67.28016479 0.0
0 18 67.28016479 0.0
0 19 67.28016479 0.0
0 20 67.28016479 0.0
0 21 67.28016479 0.0
0 22 67.28016479 0.0
0 23 67.28016479 0.0
0 24 67.28016479 0.0
0 25 67.28016479 0.0
0 26 67.28016479 0.0
0 27 67.28016479 0.0
0 28 67.28016479 0.0
0 29 67.28016479 0.0
0 30 67.28016479 0.0
0 31 67.28016479 0.0
1 0 66.216138908 0.0
1 1 66.216138908 0.0
1 2 66.216138908 0.0
1 3 66.216138908 0.0
1 4 66.216138908 0.0
1 5 66.216138908 0.0
1 6 66.216138908 0.0
1 7 66.216138908 0.0
1 8 66.216138908 0.0
1 9 66.216138908 0.0
1 10 66.216138908 0.0
1 11 66.216138908 0.0
1 12 66.216138908 0.0
1 13 66.216138908 0.0
1 14 66.216138908 0.0
1 15 66.216138908 0.0
1 16 66.216138908 0.0
1 17 66.216138908 0.0
1 18 66.216138908 0.0
1 19 66.216138908 0.0
1 20 66.216138908 0.0
1 21 66.216138908 0.0
1 22 66.216138908 0.0
1 23 66.216138908 0.0
1 24 66.216138908 0.0
1 25 66.216138908 0.0
1 26 66.216138908 0.0
1 27 66.216138908 0.0
1 28 66.216138908 0.0
1 29 66.216138908 0.0
1 30 66.216138908 0.0
1 31 66.216138908 0.0
2 0 65.217921134 0.0
2 1 65.217921134 0.0
2 2 65.217921134 0.0
2 3 65.217921134 0.0
2 4 65.217921134 0.0
2 5 65.217921134 0.0
2 6 65.217921134 0.0
2 7 65.217921134 0.0
2 8 65.217921134 0.0
2 9 65.217921134 0.0
2 10 65.217921134 0.0
2 11 65.217921134 0.0
2 12 65.217921134 0.0
2 13 65.217921134 0.0
2 14 65.217921134 0.0
2 15 65.217921134 0.0
2 16 65.217921134 0.0
2 17 65.217921134 0.0
2 18 65.217921134 0.0
2 19 65.217921134 0.0
2 20 65.217921134 0.0
2 21 65.217921134 0.0
2 22 65.217921134 0.0
2 23 65.217921134 0.0
2 24 65.217921134 0.0
2 25 65.217921134 0.0
2 26 65.217921134 0.0
2 27 65.217921134 0.0
2 28 65.217921134 0.0
2 29 65.217921134 0.0
2 30 65.217921134 0.0
2 31 65.217921134 0.0
3 0 64.35999878000001 0.0
3 1 64.35999878000001 0.0
3 2 64.35999878000001 0.0
3 3 64.35999878000001 0.0
3 4 64.35999878000001 0.0
3 5 64.35999878000001 0.0
3 6 64.35999878000001 0.0
3 7 64.35999878000001 0.0
3 8 64.35999878000001 0.0
3 9 64.35999878000001 0.0
3 10 64.35999878000001 0.0
3 11 64.35999878000001 0.0
3 12 64.35999878000001 0.0
3 13 64.35999878000001 0.0
3 14 64.35999878000001 0.0
3 15 64.35999878000001 0.0
3 16 64.35999878000001 0.0
3 17 64.35999878000001 0.0
3 18 64.35999878000001 0.0
3 19 64.35999878000001 0.0
3 20 64.35999878000001 0.0
3 21 64.35999878000001 0.0
3 22 64.35999878000001 0.0
3 23 64.35999878000001 0.0
3 24 64.35999878000001 0.0
3 25 64.35999878000001 0.0
3 26 64.35999878000001 0.0
3 27 64.35999878000001 0.0
3 28 64.35999878000001 0.0
3 29 64.35999878000001 0.0
3 30 64.35999878000001 0.0
3 31 64.35999878000001 0.0
4 0 64.27666747399999 0.0
4 1 64.27666747399999 0.0
4 2 64.27666747399999 0.0
4 3 64.27666747399999 0.0
4 4 64.27666747399999 0.0
4 5 64.27666747399999 0.0
4 6 64.27666747399999 0.0
4 7 64.27666747399999 0.0
4 8 64.27666747399999 0.0
4 9 64.27666747399999 0.0
4 10 64.27666747399999 0.0
4 11 64.27666747399999 0.0
4 12 64.27666747399999 0.0
4 13 64.27666747399999 0.0
4 14 64.27666747399999 0.0
4 15 64.27666747399999 0.0
4 16 63.556129148000004 0.0
4 17 63.556129148000004 0.0
4 18 63.556129148000004 0.0
4 19 63.556129148000004 0.0
4 20 63.556129148000004 0.0
4 21 63.556129148000004 0.0
4 22 63.556129148000004 0.0
4 23 63.556129148000004 0.0
4 24 63.556129148000004 0.0
4 25 63.556129148000004 0.0
4 26 63.556129148000004 0.0
4 27 63.556129148000004 0.0
4 28 63.556129148000004 0.0
4 29 63.556129148000004 0.0
4 30 63.556129148000004 0.0
4 31 63.556129148000004 0.0
5 0 65.763062744 0.048
5 1 65.763062744 0.048
5 2 65.763062744 0.048
5 3 65.763062744 0.048
5 4 65.763062744 0.048
5 5 65.763062744 0.048
5 6 65.763062744 0.048
5 7 65.763062744 0.048
5 8 65.763062744 0.048
5 9 65.763062744 0.048
5 10 65.763062744 0.048
5 11 65.763062744 0.048
5 12 65.763062744 0.048
5 13 65.763062744 0.048
5 14 65.763062744 0.048
5 15 65.763062744 0.048
5 16 63.593867192000005 0.0105
5 17 63.593867192000005 0.0105
5 18 63.593867192000005 0.0105
5 19 63.593867192000005 0.0105
5 20 63.593867192000005 0.0105
5 21 63.593867192000005 0.0105
5 22 63.593867192000005 0.0105
5 23 63.593867192000005 0.0105
5 24 63.593867192000005 0.0105
5 25 63.593867192000005 0.0105
5 26 63.593867192000005 0.0105
5 27 63.593867192000005 0.0105
5 28 63.593867192000005 0.0105
5 29 63.593867192000005 0.0105
5 30 63.593867192000005 0.0105
5 31 63.593867192000005 0.0105
6 0 68.96673095 0.2205
6 1 68.96673095 0.2205
6 2 68.96673095 0.2205
6 3 68.96673095 0.2205
6 4 68.96673095 0.2205
6 5 68.96673095 0.2205
6 6 68.96673095 0.2205
6 7 68.96673095 0.2205
6 8 68.96673095 0.2205
6 9 68.96673095 0.2205
6 10 68.96673095 0.2205
6 11 68.96673095 0.2205
6 12 68.96673095 0.2205
6 13 68.96673095 0.2205
6 14 68.96673095 0.2205
6 15 68.96673095 0.2205
6 16 64.174165034 0.0645
6 17 64.174165034 0.0645
6 18 64.174165034 0.0645
6 19 64.174165034 0.0645
6 20 64.174165034 0.0645
6 21 64.174165034 0.0645
6 22 64.174165034 0.0645
6 23 64.174165034 0.0645
6 24 64.174165034 0.0645
6 25 64.174165034 0.0645
6 26 64.174165034 0.0645
6 27 64.174165034 0.0645
6 28 64.174165034 0.0645
6 29 64.174165034 0.0645
6 30 64.174165034 0.0645
6 31 64.174165034 0.0645
7 0 73.637843018 0.438
7 1 73.637843018 0.438
7 2 73.637843018 0.438
7 3 73.637843018 0.438
7 4 73.637843018 0.438
7 5 73.637843018 0.438
7 6 73.637843018 0.438
7 7 73.637843018 0.438
7 8 73.637843018 0.438
7 9 73.637843018 0.438
7 10 73.637843018 0.438
7 11 73.637843018 0.438
7 12 73.637843018 0.438
7 13 73.637843018 0.438
7 14 73.637843018 0.438
7 15 73.637843018 0.438
7 16 64.763966066 0.1515
7 17 64.763966066 0.1515
7 18 64.763966066 0.1515
7 19 64.763966066 0.1515
7 20 64.763966066 0.1515
7 21 64.763966066 0.1515
7 22 64.763966066 0.1515
7 23 64.763966066 0.1515
7 24 64.763966066 0.1515
7 25 64.763966066 0.1515
7 26 64.763966066 0.1515
7 27 64.763966066 0.1515
7 28 64.763966066 0.1515
7 29 64.763966066 0.1515
7 30 64.763966066 0.1515
7 31 64.763966066 0.1515
8 0 77.38181884400001 0.6689999999999999
8 1 77.38181884400001 0.6689999999999999
8 2 77.38181884400001 0.6689999999999999
8 3 77.38181884400001 0.6689999999999999
8 4 77.38181884400001 0.6689999999999999
8 5 77.38181884400001 0.6689999999999999
8 6 77.38181884400001 0.6689999999999999
8 7 77.38181884400001 0.6689999999999999
8 8 77.13116576600001 0.531
8 9 77.13116576600001 0.531
8 10 77.13116576600001 0.531
8 11 77.13116576600001 0.531
8 12 77.13116576600001 0.531
8 13 77.13116576600001 0.531
8 14 77.13116576600001 0.531
8 15 77.13116576600001 0.531
8 16 65.2300061 0.1485
8 17 65.2300061 0.1485
8 18 65.2300061 0.1485
8 19 65.2300061 0.1485
8 20 65.2300061 0.1485
8 21 65.2300061 0.1485
8 22 65.2300061 0.1485
8 23 65.2300061 0.1485
8 24 67.83656737999999 0.6645
8 25 67.83656737999999 0.6645
8 26 67.83656737999999 0.6645
8 27 67.83656737999999 0.6645
8 28 67.83656737999999 0.6645
8 29 67.83656737999999 0.6645
8 30 67.83656737999999 0.6645
8 31 67.83656737999999 0.6645
9 0 79.170393074 0.8835
9 1 79.170393074 0.8835
9 2 79.170393074 0.8835
9 3 79.170393074 0.8835
9 4 79.170393074 0.8835
9 5 79.170393074 0.8835
9 6 79.170393074 0.8835
9 7 79.170393074 0.8835
9 8 79.95437744 0.9255
9 9 79.95437744 0.9255
9 10 79.95437744 0.9255
9 11 79.95437744 0.9255
9 12 79.95437744 0.9255
9 13 79.95437744 0.9255
9 14 79.95437744 0.9255
9 15 79.95437744 0.9255
9 16 66.721674812 0.15
9 17 66.721674812 0.15
9 18 66.721674812 0.15
9 19 66.721674812 0.15
9 20 66.721674812 0.15
9 21 66.721674812 0.15
9 22 66.721674812 0.15
9 23 66.721674812 0.15
9 24 70.477845458 0.885
9 25 70.477845458 0.885
9 26 70.477845458 0.885
9 27 70.477845458 0.885
9 28 70.477845458 0.885
9 29 70.477845458 0.885
9 30 70.477845458 0.885
9 31 70.477845458 0.885
10 0 80.31566283800001 1.0665
10 1 80.31566283800001 1.0665
10 2 80.31566283800001 1.0665
10 3 80.31566283800001 1.0665
10 4 80.31566283800001 1.0665
10 5 80.31566283800001 1.0665
10 6 80.31566283800001 1.0665
10 7 80.31566283800001 1.0665
10 8 82.242609872 1.107
10 9 82.242609872 1.107
10 10 82.242609872 1.107
10 11 82.242609872 1.107
10 12 82.242609872 1.107
10 13 82.242609872 1.107
10 14 82.242609872 1.107
10 15 82.242609872 1.107
10 16 68.185712894 0.1995
10 17 68.185712894 0.1995
10 18 68.185712894 0.1995
10 19 68.185712894 0.1995
10 20 68.185712894 0.1995
10 21 68.185712894 0.1995
10 22 68.185712894 0.1995
10 23 68.185712894 0.1995
10 24 72.732624512 1.0695
10 25 72.732624512 1.0695
10 26 72.732624512 1.0695
10 27 72.732624512 1.0695
10 28 72.732624512 1.0695
10 29 72.732624512 1.0695
10 30 72.732624512 1.0695
10 31 72.732624512 1.0695
11 0 81.002253416 1.197
11 1 81.002253416 1.197
11 2 81.002253416 1.197
11 3 81.002253416 1.197
11 4 81.002253416 1.197
11 5 81.002253416 1.197
11 6 81.002253416 1.197
11 7 81.002253416 1.197
11 8 84.128028566 1.2375
11 9 84.128028566 1.2375
11 10 84.128028566 1.2375
11 11 84.128028566 1.2375
11 12 84.128028566 1.2375
11 13 84.128028566 1.2375
11 14 84.128028566 1.2375
11 15 84.128028566 1.2375
11 16 68.957777102 0.3494999999999999
11 17 68.957777102 0.3494999999999999
11 18 68.957777102 0.3494999999999999
11 19 68.957777102 0.3494999999999999
11 20 68.957777102 0.3494999999999999
11 21 68.957777102 0.3494999999999999
11 22 68.957777102 0.3494999999999999
11 23 68.957777102 0.3494999999999999
11 24 74.61573609199999 1.203
11 25 74.61573609199999 1.203
11 26 74.61573609199999 1.203
11 27 74.61573609199999 1.203
11 28 74.61573609199999 1.203
11 29 74.61573609199999 1.203
11 30 74.61573609199999 1.203
11 31 74.61573609199999 1.203
12 0 81.27548339 1.266
12 1 81.27548339 1.266
12 2 81.27548339 1.266
12 3 81.27548339 1.266
12 4 80.93391845 1.257
12 5 80.93391845 1.257
12 6 80.93391845 1.257
12 7 80.93391845 1.257
12 8 85.683088382 1.3079999999999998
12 9 85.683088382 1.3079999999999998
12 10 85.683088382 1.3079999999999998
12 11 85.683088382 1.3079999999999998
12 12 84.62329223 1.0395
12 13 84.62329223 1.0395
12 14 84.62329223 1.0395
12 15 84.62329223 1.0395
12 16 69.30972411799999 0.3405
12 17 69.30972411799999 0.3405
12 18 69.30972411799999 0.3405
12 19 69.30972411799999 0.3405
12 20 70.667304692 1.1685
12 21 70.667304692 1.1685
12 22 70.667304692 1.1685
12 23 70.667304692 1.1685
12 24 76.064173592 1.107
12 25 76.064173592 1.107
12 26 76.064173592 1.107
12 27 76.064173592 1.107
12 28 76.480555424 1.3335
12 29 76.480555424 1.3335
12 30 76.480555424 1.3335
12 31 76.480555424 1.3335
13 0 81.346455086 0.2175
13 1 81.346455086 0.2175
13 2 81.346455086 0.2175
13 3 81.346455086 0.2175
13 4 82.29951905 1.263
13 5 82.29951905 1.263
13 6 82.29951905 1.263
13 7 82.29951905 1.263
13 8 86.79419067200001 1.3125
13 9 86.79419067200001 1.3125
13 10 86.79419067200001 1.3125
13 11 86.79419067200001 1.3125
13 12 85.180573724 1.017
13 13 85.180573724 1.017
13 14 85.180573724 1.017
13 15 85.180573724 1.017
13 16 69.21837280400001 0.4215
13 17 69.21837280400001 0.4215
13 18 69.21837280400001 0.4215
13 19 69.21837280400001 0.4215
13 20 72.285810548 0.8325
13 21 72.285810548 0.8325
13 22 72.285810548 0.8325
13 23 72.285810548 0.8325
13 24 77.01553466600001 1.0545
13 25 77.01553466600001 1.0545
13 26 77.01553466600001 1.0545
13 27 77.01553466600001 1.0545
13 28 77.91954467 1.3335
13 29 77.91954467 1.3335
13 30 77.91954467 1.3335
13 31 77.91954467 1.3335
14 0 81.115412594 0.39
14 1 81.115412594 0.39
14 2 81.115412594 0.39
14 3 81.115412594 0.39
14 4 83.01297119 0.867
14 5 83.01297119 0.867
14 6 83.01297119 0.867
14 7 83.01297119 0.867
14 8 87.1784375 1.2495
14 9 87.1784375 1.2495
14 10 87.1784375 1.2495
14 11 87.1784375 1.2495
14 12 85.363551032 0.951
14 13 85.363551032 0.951
14 14 85.363551032 0.951
14 15 85.363551032 0.951
14 16 68.91811646 0.42
14 17 68.91811646 0.42
14 18 68.91811646 0.42
14 19 68.91811646 0.42
14 20 73.321766366 1.2285
14 21 73.321766366 1.2285
14 22 73.321766366 1.2285
14 23 73.321766366 1.2285
14 24 77.338862312 1.212
14 25 77.338862312 1.212
14 26 77.338862312 1.212
14 27 77.338862312 1.212
14 28 78.661121828 1.062
14 29 78.661121828 1.062
14 30 78.661121828 1.062
14 31 78.661121828 1.062
15 0 80.304621584 1.0305
15 1 80.304621584 1.0305
15 2 80.304621584 1.0305
15 3 80.304621584 1.0305
15 4 82.586207282 0.9239999999999999
15 5 82.586207282 0.9239999999999999
15 6 82.586207282 0.9239999999999999
15 7 82.586207282 0.9239999999999999
15 8 86.78238036799999 1.122
15 9 86.78238036799999 1.122
15 10 86.78238036799999 1.122
15 11 86.78238036799999 1.122
15 12 84.769904786 0.8805
15 13 84.769904786 0.8805
15 14 84.769904786 0.8805
15 15 84.769904786 0.8805
15 16 67.768726802 0.858
15 17 67.768726802 0.858
15 18 67.768726802 0.858
15 19 67.768726802 0.858
15 20 73.383344726 1.0965
15 21 73.383344726 1.0965
15 22 73.383344726 1.0965
15 23 73.383344726 1.0965
15 24 76.946485604 1.0815
15 25 76.946485604 1.0815
15 26 76.946485604 1.0815
15 27 76.946485604 1.0815
15 28 78.680897222 1.131
15 29 78.680897222 1.131
15 30 78.680897222 1.131
15 31 78.680897222 1.131
16 0 79.320686036 0.7905
16 1 79.320686036 0.7905
16 2 80.806037594 0.891
16 3 80.806037594 0.891
16 4 81.228461918 0.888
16 5 81.228461918 0.888
16 6 82.373841554 0.792
16 7 82.373841554 0.792
16 8 85.67968262 0.9405
16 9 85.67968262 0.9405
16 10 86.11633423399999 0.6914999999999999
16 11 86.11633423399999 0.6914999999999999
16 12 83.433198236 0.732
16 13 83.433198236 0.732
16 14 84.04436768 0.8714999999999999
16 15 84.04436768 0.8714999999999999
16 16 66.445368656 0.72
16 17 66.445368656 0.72
16 18 71.35603759400001 0.921
16 19 71.35603759400001 0.921
16 20 72.508887932 0.912
16 21 72.508887932 0.912
16 22 73.246180424 0.7935
16 23 73.246180424 0.7935
16 24 75.88108643000001 0.8985
16 25 75.88108643000001 0.8985
16 26 75.824451896 0.7425
16 27 75.824451896 0.7425
16 28 77.971125488 0.9464999999999999
16 29 77.971125488 0.9464999999999999
16 30 76.261488044 0.9539999999999998
16 31 76.261488044 0.9539999999999998
17 0 78.350098874 0.312
17 1 78.350098874 0.312
17 2 79.495093994 0.672
17 3 79.495093994 0.672
17 4 79.231586918 0.6675
17 5 79.231586918 0.6675
17 6 81.11469848 0.5775
17 7 81.11469848 0.5775
17 8 83.968397222 0.7214999999999999
17 9 83.968397222 0.7214999999999999
17 10 84.19900024399999 0.6614999999999999
17 11 84.19900024399999 0.6614999999999999
17 12 81.7284497 0.573
17 13 81.7284497 0.573
17 14 82.03820923399999 0.6525
17 15 82.03820923399999 0.6525
17 16 65.27235839 0.1485
17 17 65.27235839 0.1485
17 18 70.94421509 0.711
17 19 70.94421509 0.711
17 20 71.34290893400001 0.6914999999999999
17 21 71.34290893400001 0.6914999999999999
17 22 72.451044914 0.633
17 23 72.451044914 0.633
17 24 74.194355462 0.5535
17 25 74.194355462 0.5535
17 26 74.474946284 0.585
17 27 74.474946284 0.585
17 28 76.54109009 0.7245
17 29 76.54109009 0.7245
17 30 74.417158202 0.7305
17 31 74.417158202 0.7305
18 0 76.924567868 0.363
18 1 76.924567868 0.363
18 2 77.552326652 0.4425
18 3 77.552326652 0.4425
18 4 76.48280762 0.4305
18 5 76.48280762 0.4305
18 6 79.24592408000001 0.021
18 7 79.24592408000001 0.021
18 8 81.716639396 0.486
18 9 81.716639396 0.486
18 10 81.98811158000001 0.2805
18 11 81.98811158000001 0.2805
18 12 79.549146734 0.3465
18 13 79.549146734 0.3465
18 14 79.270972898 0.4185
18 15 79.270972898 0.4185
18 16 63.9393872 0.06
18 17 63.9393872 0.06
18 18 69.523627928 0.48
18 19 69.523627928 0.48
18 20 69.970057376 0.45449999999999996
18 21 69.970057376 0.45449999999999996
18 22 70.618800056 0.3555
18 23 70.618800056 0.3555
18 24 71.85959594600001 0.444
18 25 71.85959594600001 0.444
18 26 73.09385497400001 0.2925
18 27 73.09385497400001 0.2925
18 28 74.186665034 0.486
18 29 74.186665034 0.486
18 30 71.90843018000001 0.49199999999999994
18 31 71.90843018000001 0.49199999999999994
19 0 74.91148804400001 0.012
19 1 74.91148804400001 0.012
19 2 75.033491216 0.17849999999999996
19 3 75.033491216 0.17849999999999996
19 4 73.189875488 0.2055
19 5 73.189875488 0.2055
19 6 76.79663207600001 0.159
19 7 76.79663207600001 0.159
19 8 78.14075439199999 0.2595
19 9 78.14075439199999 0.2595
19 10 79.45889405 0.0285
19 11 79.45889405 0.0285
19 12 76.34108399 0.2445
19 13 76.34108399 0.2445
19 14 75.352424324 0.1965
19 15 75.352424324 0.1965
19 16 62.495948479999996 0.1515
19 17 62.495948479999996 0.1515
19 18 67.320374756 0.2565
19 19 67.320374756 0.2565
19 20 69.368555912 0.066
19 21 69.368555912 0.066
19 22 67.870844726 0.0705
19 23 67.870844726 0.0705
19 24 68.713825676 0.219
19 25 68.713825676 0.219
19 26 71.638166498 0.213
19 27 71.638166498 0.213
19 28 70.7034497 0.2565
19 29 70.7034497 0.2565
19 30 68.583802496 0.261
19 31 68.583802496 0.261
20 0 73.002943112 0.003
20 1 72.733063964 0.0525
20 2 72.733063964 0.0525
20 3 73.002943112 0.003
20 4 71.021778566 0.0345
20 5 70.22807128400001 0.0525
20 6 74.446931156 0.0285
20 7 73.065675056 0.0705
20 8 74.8175 0.075
20 9 77.01207396800001 0.006
20 10 77.01207396800001 0.006
20 11 77.64065673799999 0.0225
20 12 73.065675056 0.0705
20 13 72.47938964 0.039
20 14 71.734022222 0.0285
20 15 72.733063964 0.0525
20 16 61.28025634400001 0.0195
20 17 60.646564940000005 0.06
20 18 65.756745608 0.072
20 19 65.188148198 0.0435
20 20 68.531013176 0.013499999999999998
20 21 67.273353266 0.033
20 22 65.774158934 0.0075
20 23 65.908796378 0.0165
20 24 66.505024418 0.0435
20 25 65.693244632 0.0735
20 26 70.22807128400001 0.0525
20 27 69.563398442 0.051
20 28 67.732307132 0.069
20 29 69.563398442 0.051
20 30 65.693244632 0.0735
20 31 66.505024418 0.0435
21 0 71.224256588 0.0
21 1 70.97843750000001 0.0
21 2 70.97843750000001 0.0
21 3 71.224256588 0.0
21 4 70.106068112 0.0
21 5 69.103620608 0.0
21 6 72.930378416 0.0
21 7 70.99244506400001 0.0
21 8 73.350660398 0.0
21 9 75.119953622 0.0
21 10 75.119953622 0.0
21 11 75.84329345 0.0
21 12 70.99244506400001 0.0
21 13 70.27750976 0.0
21 14 69.507368168 0.0
21 15 70.97843750000001 0.0
21 16 60.356361092 0.0
21 17 58.551856682 0.0
21 18 64.954084478 0.0
21 19 64.177076408 0.0
21 20 65.702088626 0.0
21 21 65.881495364 0.0
21 22 64.642292474 0.0
21 23 64.895856926 0.0
21 24 65.608485116 0.0
21 25 63.750037838 0.0
21 26 69.103620608 0.0
21 27 68.67103393400001 0.0
21 28 66.2753003 0.0
21 29 68.67103393400001 0.0
21 30 63.750037838 0.0
21 31 65.608485116 0.0
22 0 69.21342896 0.0
22 1 69.537745364 0.0
22 2 69.537745364 0.0
22 3 69.21342896 0.0
22 4 68.955744632 0.0
22 5 68.189503172 0.0
22 6 71.67535521799999 0.0
22 7 69.58998536000001 0.0
22 8 72.161005856 0.0
22 9 73.606367192 0.0
22 10 73.606367192 0.0
22 11 73.980177008 0.0
22 12 69.58998536000001 0.0
22 13 68.661311036 0.0
22 14 67.80608033 0.0
22 15 69.537745364 0.0
22 16 59.593250732 0.0
22 17 57.261622316 0.0
22 18 64.00426146800001 0.0
22 19 63.50405396000001 0.0
22 20 62.823341066 0.0
22 21 64.720515128 0.0
22 22 63.45296753 0.0
22 23 63.792719726 0.0
22 24 64.31418579199999 0.0
22 25 61.91977051400001 0.0
22 26 68.189503172 0.0
22 27 67.89655274 0.0
22 28 65.269117436 0.0
22 29 67.89655274 0.0
22 30 61.91977051400001 0.0
22 31 64.31418579199999 0.0
23 0 67.00874756 0.0
23 1 68.362318112 0.0
23 2 68.362318112 0.0
23 3 67.00874756 0.0
23 4 67.439466554 0.0
23 5 67.42809570200001 0.0
23 6 70.39967774 0.0
23 7 68.27997558199999 0.0
23 8 70.688343506 0.0
23 9 72.238349606 0.0
23 10 72.238349606 0.0
23 11 72.182264396 0.0
23 12 68.27997558199999 0.0
23 13 67.27747314199999 0.0
23 14 66.29364746600001 0.0
23 15 68.362318112 0.0
23 16 59.023664546 0.0
23 17 56.22313964 0.0
23 18 63.104591066 0.0
23 19 62.837293694 0.0
23 20 61.0565747 0.0
23 21 63.665662838 0.0
23 22 62.048640128 0.0
23 23 62.58773926400001 0.0
23 24 62.659150394 0.0
23 25 60.426398930000005 0.0
23 26 67.42809570200001 0.0
23 27 67.039509272 0.0
23 28 64.24376342 0.0
23 29 67.039509272 0.0
23 30 60.426398930000005 0.0
23 31 62.659150394 0.0
