time period scenario temperature renewable energy
0 0 58.547791742 0.0
0 1 58.547791742 0.0
0 2 58.547791742 0.0
0 3 58.547791742 0.0
0 4 58.547791742 0.0
0 5 58.547791742 0.0
0 6 58.547791742 0.0
0 7 58.547791742 0.0
0 8 58.547791742 0.0
0 9 58.547791742 0.0
0 10 58.547791742 0.0
0 11 58.547791742 0.0
0 12 58.547791742 0.0
0 13 58.547791742 0.0
0 14 58.547791742 0.0
0 15 58.547791742 0.0
0 16 58.547791742 0.0
0 17 58.547791742 0.0
0 18 58.547791742 0.0
0 19 58.547791742 0.0
0 20 58.547791742 0.0
0 21 58.547791742 0.0
0 22 58.547791742 0.0
0 23 58.547791742 0.0
0 24 58.547791742 0.0
0 25 58.547791742 0.0
0 26 58.547791742 0.0
0 27 58.547791742 0.0
0 28 58.547791742 0.0
0 29 58.547791742 0.0
0 30 58.547791742 0.0
0 31 58.547791742 0.0
1 0 58.029676519999995 0.0
1 1 58.029676519999995 0.0
1 2 58.029676519999995 0.0
1 3 58.029676519999995 0.0
1 4 58.029676519999995 0.0
1 5 58.029676519999995 0.0
1 6 58.029676519999995 0.0
1 7 58.029676519999995 0.0
1 8 58.029676519999995 0.0
1 9 58.029676519999995 0.0
1 10 58.029676519999995 0.0
1 11 58.029676519999995 0.0
1 12 58.029676519999995 0.0
1 13 58.029676519999995 0.0
1 14 58.029676519999995 0.0
1 15 58.029676519999995 0.0
1 16 58.029676519999995 0.0
1 17 58.029676519999995 0.0
1 18 58.029676519999995 0.0
1 19 58.029676519999995 0.0
1 20 58.029676519999995 0.0
1 21 58.029676519999995 0.0
1 22 58.029676519999995 0.0
1 23 58.029676519999995 0.0
1 24 58.029676519999995 0.0
1 25 58.029676519999995 0.0
1 26 58.029676519999995 0.0
1 27 58.029676519999995 0.0
1 28 58.029676519999995 0.0
1 29 58.029676519999995 0.0
1 30 58.029676519999995 0.0
1 31 58.029676519999995 0.0
2 0 57.557539058 0.0
2 1 57.557539058 0.0
2 2 57.557539058 0.0
2 3 57.557539058 0.0
2 4 57.557539058 0.0
2 5 57.557539058 0.0
2 6 57.557539058 0.0
2 7 57.557539058 0.0
2 8 57.557539058 0.0
2 9 57.557539058 0.0
2 10 57.557539058 0.0
2 11 57.557539058 0.0
2 12 57.557539058 0.0
2 13 57.557539058 0.0
2 14 57.557539058 0.0
2 15 57.557539058 0.0
2 16 57.557539058 0.0
2 17 57.557539058 0.0
2 18 57.557539058 0.0
2 19 57.557539058 0.0
2 20 57.557539058 0.0
2 21 57.557539058 0.0
2 22 57.557539058 0.0
2 23 57.557539058 0.0
2 24 57.557539058 0.0
2 25 57.557539058 0.0
2 26 57.557539058 0.0
2 27 57.557539058 0.0
2 28 57.557539058 0.0
2 29 57.557539058 0.0
2 30 57.557539058 0.0
2 31 57.557539058 0.0
3 0 57.279749756 0.0
3 1 57.279749756 0.0
3 2 57.279749756 0.0
3 3 57.279749756 0.0
3 4 57.279749756 0.0
3 5 57.279749756 0.0
3 6 57.279749756 0.0
3 7 57.279749756 0.0
3 8 57.279749756 0.0
3 9 57.279749756 0.0
3 10 57.279749756 0.0
3 11 57.279749756 0.0
3 12 57.279749756 0.0
3 13 57.279749756 0.0
3 14 57.279749756 0.0
3 15 57.279749756 0.0
3 16 57.279749756 0.0
3 17 57.279749756 0.0
3 18 57.279749756 0.0
3 19 57.279749756 0.0
3 20 57.279749756 0.0
3 21 57.279749756 0.0
3 22 57.279749756 0.0
3 23 57.279749756 0.0
3 24 57.279749756 0.0
3 25 57.279749756 0.0
3 26 57.279749756 0.0
3 27 57.279749756 0.0
3 28 57.279749756 0.0
3 29 57.279749756 0.0
3 30 57.279749756 0.0
3 31 57.279749756 0.0
4 0 57.258875732 0.0
4 1 57.258875732 0.0
4 2 57.258875732 0.0
4 3 57.258875732 0.0
4 4 57.258875732 0.0
4 5 57.258875732 0.0
4 6 57.258875732 0.0
4 7 57.258875732 0.0
4 8 57.258875732 0.0
4 9 57.258875732 0.0
4 10 57.258875732 0.0
4 11 57.258875732 0.0
4 12 57.258875732 0.0
4 13 57.258875732 0.0
4 14 57.258875732 0.0
4 15 57.258875732 0.0
4 16 55.89420899 0.0
4 17 55.89420899 0.0
4 18 55.89420899 0.0
4 19 55.89420899 0.0
4 20 55.89420899 0.0
4 21 55.89420899 0.0
4 22 55.89420899 0.0
4 23 55.89420899 0.0
4 24 55.89420899 0.0
4 25 55.89420899 0.0
4 26 55.89420899 0.0
4 27 55.89420899 0.0
4 28 55.89420899 0.0
4 29 55.89420899 0.0
4 30 55.89420899 0.0
4 31 55.89420899 0.0
5 0 57.65141723 0.0015
5 1 57.65141723 0.0015
5 2 57.65141723 0.0015
5 3 57.65141723 0.0015
5 4 57.65141723 0.0015
5 5 57.65141723 0.0015
5 6 57.65141723 0.0015
5 7 57.65141723 0.0015
5 8 57.65141723 0.0015
5 9 57.65141723 0.0015
5 10 57.65141723 0.0015
5 11 57.65141723 0.0015
5 12 57.65141723 0.0015
5 13 57.65141723 0.0015
5 14 57.65141723 0.0015
5 15 57.65141723 0.0015
5 16 56.508125 0.0255
5 17 56.508125 0.0255
5 18 56.508125 0.0255
5 19 56.508125 0.0255
5 20 56.508125 0.0255
5 21 56.508125 0.0255
5 22 56.508125 0.0255
5 23 56.508125 0.0255
5 24 56.508125 0.0255
5 25 56.508125 0.0255
5 26 56.508125 0.0255
5 27 56.508125 0.0255
5 28 56.508125 0.0255
5 29 56.508125 0.0255
5 30 56.508125 0.0255
5 31 56.508125 0.0255
6 0 58.565589602 0.006
6 1 58.565589602 0.006
6 2 58.565589602 0.006
6 3 58.565589602 0.006
6 4 58.565589602 0.006
6 5 58.565589602 0.006
6 6 58.565589602 0.006
6 7 58.565589602 0.006
6 8 58.565589602 0.006
6 9 58.565589602 0.006
6 10 58.565589602 0.006
6 11 58.565589602 0.006
6 12 58.565589602 0.006
6 13 58.565589602 0.006
6 14 58.565589602 0.006
6 15 58.565589602 0.006
6 16 59.045087894 0.10049999999999999
6 17 59.045087894 0.10049999999999999
6 18 59.045087894 0.10049999999999999
6 19 59.045087894 0.10049999999999999
6 20 59.045087894 0.10049999999999999
6 21 59.045087894 0.10049999999999999
6 22 59.045087894 0.10049999999999999
6 23 59.045087894 0.10049999999999999
6 24 59.045087894 0.10049999999999999
6 25 59.045087894 0.10049999999999999
6 26 59.045087894 0.10049999999999999
6 27 59.045087894 0.10049999999999999
6 28 59.045087894 0.10049999999999999
6 29 59.045087894 0.10049999999999999
6 30 59.045087894 0.10049999999999999
6 31 59.045087894 0.10049999999999999
7 0 59.80468262 0.013499999999999998
7 1 59.80468262 0.013499999999999998
7 2 59.80468262 0.013499999999999998
7 3 59.80468262 0.013499999999999998
7 4 59.80468262 0.013499999999999998
7 5 59.80468262 0.013499999999999998
7 6 59.80468262 0.013499999999999998
7 7 59.80468262 0.013499999999999998
7 8 59.80468262 0.013499999999999998
7 9 59.80468262 0.013499999999999998
7 10 59.80468262 0.013499999999999998
7 11 59.80468262 0.013499999999999998
7 12 59.80468262 0.013499999999999998
7 13 59.80468262 0.013499999999999998
7 14 59.80468262 0.013499999999999998
7 15 59.80468262 0.013499999999999998
7 16 61.61204345 0.249
7 17 61.61204345 0.249
7 18 61.61204345 0.249
7 19 61.61204345 0.249
7 20 61.61204345 0.249
7 21 61.61204345 0.249
7 22 61.61204345 0.249
7 23 61.61204345 0.249
7 24 61.61204345 0.249
7 25 61.61204345 0.249
7 26 61.61204345 0.249
7 27 61.61204345 0.249
7 28 61.61204345 0.249
7 29 61.61204345 0.249
7 30 61.61204345 0.249
7 31 61.61204345 0.249
8 0 61.107441404 0.075
8 1 61.107441404 0.075
8 2 61.107441404 0.075
8 3 61.107441404 0.075
8 4 61.107441404 0.075
8 5 61.107441404 0.075
8 6 61.107441404 0.075
8 7 61.107441404 0.075
8 8 61.139796133999994 0.6825
8 9 61.139796133999994 0.6825
8 10 61.139796133999994 0.6825
8 11 61.139796133999994 0.6825
8 12 61.139796133999994 0.6825
8 13 61.139796133999994 0.6825
8 14 61.139796133999994 0.6825
8 15 61.139796133999994 0.6825
8 16 62.821033934 0.504
8 17 62.821033934 0.504
8 18 62.821033934 0.504
8 19 62.821033934 0.504
8 20 62.821033934 0.504
8 21 62.821033934 0.504
8 22 62.821033934 0.504
8 23 62.821033934 0.504
8 24 65.71867798400001 0.6315
8 25 65.71867798400001 0.6315
8 26 65.71867798400001 0.6315
8 27 65.71867798400001 0.6315
8 28 65.71867798400001 0.6315
8 29 65.71867798400001 0.6315
8 30 65.71867798400001 0.6315
8 31 65.71867798400001 0.6315
9 0 62.28874634 0.06
9 1 62.28874634 0.06
9 2 62.28874634 0.06
9 3 62.28874634 0.06
9 4 62.28874634 0.06
9 5 62.28874634 0.06
9 6 62.28874634 0.06
9 7 62.28874634 0.06
9 8 63.436652834 0.693
9 9 63.436652834 0.693
9 10 63.436652834 0.693
9 11 63.436652834 0.693
9 12 63.436652834 0.693
9 13 63.436652834 0.693
9 14 63.436652834 0.693
9 15 63.436652834 0.693
9 16 64.166914058 0.4335
9 17 64.166914058 0.4335
9 18 64.166914058 0.4335
9 19 64.166914058 0.4335
9 20 64.166914058 0.4335
9 21 64.166914058 0.4335
9 22 64.166914058 0.4335
9 23 64.166914058 0.4335
9 24 68.49530762 0.8535
9 25 68.49530762 0.8535
9 26 68.49530762 0.8535
9 27 68.49530762 0.8535
9 28 68.49530762 0.8535
9 29 68.49530762 0.8535
9 30 68.49530762 0.8535
9 31 68.49530762 0.8535
10 0 63.284821772 0.0765
10 1 63.284821772 0.0765
10 2 63.284821772 0.0765
10 3 63.284821772 0.0765
10 4 63.284821772 0.0765
10 5 63.284821772 0.0765
10 6 63.284821772 0.0765
10 7 63.284821772 0.0765
10 8 66.033491216 0.4605
10 9 66.033491216 0.4605
10 10 66.033491216 0.4605
10 11 66.033491216 0.4605
10 12 66.033491216 0.4605
10 13 66.033491216 0.4605
10 14 66.033491216 0.4605
10 15 66.033491216 0.4605
10 16 66.66361206799999 0.276
10 17 66.66361206799999 0.276
10 18 66.66361206799999 0.276
10 19 66.66361206799999 0.276
10 20 66.66361206799999 0.276
10 21 66.66361206799999 0.276
10 22 66.66361206799999 0.276
10 23 66.66361206799999 0.276
10 24 70.225599362 1.041
10 25 70.225599362 1.041
10 26 70.225599362 1.041
10 27 70.225599362 1.041
10 28 70.225599362 1.041
10 29 70.225599362 1.041
10 30 70.225599362 1.041
10 31 70.225599362 1.041
11 0 64.113465578 0.0735
11 1 64.113465578 0.0735
11 2 64.113465578 0.0735
11 3 64.113465578 0.0735
11 4 64.113465578 0.0735
11 5 64.113465578 0.0735
11 6 64.113465578 0.0735
11 7 64.113465578 0.0735
11 8 68.560236824 1.224
11 9 68.560236824 1.224
11 10 68.560236824 1.224
11 11 68.560236824 1.224
11 12 68.560236824 1.224
11 13 68.560236824 1.224
11 14 68.560236824 1.224
11 15 68.560236824 1.224
11 16 69.79603393400001 0.8145
11 17 69.79603393400001 0.8145
11 18 69.79603393400001 0.8145
11 19 69.79603393400001 0.8145
11 20 69.79603393400001 0.8145
11 21 69.79603393400001 0.8145
11 22 69.79603393400001 0.8145
11 23 69.79603393400001 0.8145
11 24 71.34823731200001 1.1745
11 25 71.34823731200001 1.1745
11 26 71.34823731200001 1.1745
11 27 71.34823731200001 1.1745
11 28 71.34823731200001 1.1745
11 29 71.34823731200001 1.1745
11 30 71.34823731200001 1.1745
11 31 71.34823731200001 1.1745
12 0 64.381696772 0.0795
12 1 64.381696772 0.0795
12 2 64.381696772 0.0795
12 3 64.381696772 0.0795
12 4 70.667304692 1.1685
12 5 70.667304692 1.1685
12 6 70.667304692 1.1685
12 7 70.667304692 1.1685
12 8 70.667304692 1.1685
12 9 70.667304692 1.1685
12 10 70.667304692 1.1685
12 11 70.667304692 1.1685
12 12 69.30972411799999 0.3405
12 13 69.30972411799999 0.3405
12 14 69.30972411799999 0.3405
12 15 69.30972411799999 0.3405
12 16 72.31025512400001 1.164
12 17 72.31025512400001 1.164
12 18 72.31025512400001 1.164
12 19 72.31025512400001 1.164
12 20 72.323328866 0.828
12 21 72.323328866 0.828
12 22 72.323328866 0.828
12 23 72.323328866 0.828
12 24 72.143647466 1.068
12 25 72.143647466 1.068
12 26 72.143647466 1.068
12 27 72.143647466 1.068
12 28 72.553107902 1.239
12 29 72.553107902 1.239
12 30 72.553107902 1.239
12 31 72.553107902 1.239
13 0 64.088966066 0.0705
13 1 64.088966066 0.0705
13 2 64.088966066 0.0705
13 3 64.088966066 0.0705
13 4 72.285810548 0.8325
13 5 72.285810548 0.8325
13 6 72.285810548 0.8325
13 7 72.285810548 0.8325
13 8 72.285810548 0.8325
13 9 72.285810548 0.8325
13 10 72.285810548 0.8325
13 11 72.285810548 0.8325
13 12 69.21837280400001 0.4215
13 13 69.21837280400001 0.4215
13 14 69.21837280400001 0.4215
13 15 69.21837280400001 0.4215
13 16 73.662562256 1.1055
13 17 73.662562256 1.1055
13 18 73.662562256 1.1055
13 19 73.662562256 1.1055
13 20 73.313691404 0.855
13 21 73.313691404 0.855
13 22 73.313691404 0.855
13 23 73.313691404 0.855
13 24 72.705433352 0.81
13 25 72.705433352 0.81
13 26 72.705433352 0.81
13 27 72.705433352 0.81
13 28 73.527210698 1.236
13 29 73.527210698 1.236
13 30 73.527210698 1.236
13 31 73.527210698 1.236
14 0 63.441102289999996 0.32699999999999996
14 1 63.441102289999996 0.32699999999999996
14 2 63.441102289999996 0.32699999999999996
14 3 63.441102289999996 0.32699999999999996
14 4 73.321766366 1.2285
14 5 73.321766366 1.2285
14 6 73.321766366 1.2285
14 7 73.321766366 1.2285
14 8 73.321766366 1.2285
14 9 73.321766366 1.2285
14 10 73.321766366 1.2285
14 11 73.321766366 1.2285
14 12 68.91811646 0.42
14 13 68.91811646 0.42
14 14 68.91811646 0.42
14 15 68.91811646 0.42
14 16 74.000996096 0.7439999999999999
14 17 74.000996096 0.7439999999999999
14 18 74.000996096 0.7439999999999999
14 19 74.000996096 0.7439999999999999
14 20 73.43525512400001 0.867
14 21 73.43525512400001 0.867
14 22 73.43525512400001 0.867
14 23 73.43525512400001 0.867
14 24 72.99294555200001 0.711
14 25 72.99294555200001 0.711
14 26 72.99294555200001 0.711
14 27 72.99294555200001 0.711
14 28 73.753089602 0.1455
14 29 73.753089602 0.1455
14 30 73.753089602 0.1455
14 31 73.753089602 0.1455
15 0 62.13889283 0.33449999999999996
15 1 62.13889283 0.33449999999999996
15 2 62.13889283 0.33449999999999996
15 3 62.13889283 0.33449999999999996
15 4 73.383344726 1.0965
15 5 73.383344726 1.0965
15 6 73.383344726 1.0965
15 7 73.383344726 1.0965
15 8 73.383344726 1.0965
15 9 73.383344726 1.0965
15 10 73.383344726 1.0965
15 11 73.383344726 1.0965
15 12 67.768726802 0.858
15 13 67.768726802 0.858
15 14 67.768726802 0.858
15 15 67.768726802 0.858
15 16 73.63372314200001 0.6764999999999999
15 17 73.63372314200001 0.6764999999999999
15 18 73.63372314200001 0.6764999999999999
15 19 73.63372314200001 0.6764999999999999
15 20 72.987727046 0.6225
15 21 72.987727046 0.6225
15 22 72.987727046 0.6225
15 23 72.987727046 0.6225
15 24 72.870338138 1.0455
15 25 72.870338138 1.0455
15 26 72.870338138 1.0455
15 27 72.870338138 1.0455
15 28 73.613398442 0.1275
15 29 73.613398442 0.1275
15 30 73.613398442 0.1275
15 31 73.613398442 0.1275
16 0 60.463697503999995 0.3075
16 1 60.463697503999995 0.3075
16 2 66.445368656 0.72
16 3 66.445368656 0.72
16 4 72.508887932 0.912
16 5 72.508887932 0.912
16 6 73.246180424 0.7935
16 7 73.246180424 0.7935
16 8 72.508887932 0.912
16 9 72.508887932 0.912
16 10 73.246180424 0.7935
16 11 73.246180424 0.7935
16 12 66.445368656 0.72
16 13 66.445368656 0.72
16 14 71.35603759400001 0.921
16 15 71.35603759400001 0.921
16 16 72.865174568 0.8939999999999999
16 17 72.865174568 0.8939999999999999
16 18 73.246180424 0.7935
16 19 73.246180424 0.7935
16 20 72.501142586 0.6885
16 21 72.501142586 0.6885
16 22 72.26944091600001 0.861
16 23 72.26944091600001 0.861
16 24 72.26944091600001 0.861
16 25 72.26944091600001 0.861
16 26 72.501142586 0.6885
16 27 72.501142586 0.6885
16 28 73.246180424 0.7935
16 29 73.246180424 0.7935
16 30 72.865174568 0.8939999999999999
16 31 72.865174568 0.8939999999999999
17 0 58.676826164000005 0.1845
17 1 58.676826164000005 0.1845
17 2 65.27235839 0.1485
17 3 65.27235839 0.1485
17 4 71.34290893400001 0.6914999999999999
17 5 71.34290893400001 0.6914999999999999
17 6 72.451044914 0.633
17 7 72.451044914 0.633
17 8 71.34290893400001 0.6914999999999999
17 9 71.34290893400001 0.6914999999999999
17 10 72.451044914 0.633
17 11 72.451044914 0.633
17 12 65.27235839 0.1485
17 13 65.27235839 0.1485
17 14 70.94421509 0.711
17 15 70.94421509 0.711
17 16 71.658216554 0.6075
17 17 71.658216554 0.6075
17 18 72.451044914 0.633
17 19 72.451044914 0.633
17 20 72.07657592000001 0.6105
17 21 72.07657592000001 0.6105
17 22 71.07182128400001 0.639
17 23 71.07182128400001 0.639
17 24 71.07182128400001 0.639
17 25 71.07182128400001 0.639
17 26 72.07657592000001 0.6105
17 27 72.07657592000001 0.6105
17 28 72.451044914 0.633
17 29 72.451044914 0.633
17 30 71.658216554 0.6075
17 31 71.658216554 0.6075
18 0 56.862763664 0.006
18 1 56.862763664 0.006
18 2 63.9393872 0.06
18 3 63.9393872 0.06
18 4 69.970057376 0.45449999999999996
18 5 69.970057376 0.45449999999999996
18 6 70.618800056 0.3555
18 7 70.618800056 0.3555
18 8 69.970057376 0.45449999999999996
18 9 69.970057376 0.45449999999999996
18 10 70.618800056 0.3555
18 11 70.618800056 0.3555
18 12 63.9393872 0.06
18 13 63.9393872 0.06
18 14 69.523627928 0.48
18 15 69.523627928 0.48
18 16 69.85047119000001 0.411
18 17 69.85047119000001 0.411
18 18 70.618800056 0.3555
18 19 70.618800056 0.3555
18 20 71.472602534 0.441
18 21 71.472602534 0.441
18 22 68.913172616 0.4035
18 23 68.913172616 0.4035
18 24 68.913172616 0.4035
18 25 68.913172616 0.4035
18 26 71.472602534 0.441
18 27 71.472602534 0.441
18 28 70.618800056 0.3555
18 29 70.618800056 0.3555
18 30 69.85047119000001 0.411
18 31 69.85047119000001 0.411
19 0 55.391914058 0.039
19 1 55.391914058 0.039
19 2 62.495948479999996 0.1515
19 3 62.495948479999996 0.1515
19 4 69.368555912 0.066
19 5 69.368555912 0.066
19 6 67.870844726 0.0705
19 7 67.870844726 0.0705
19 8 69.368555912 0.066
19 9 69.368555912 0.066
19 10 67.870844726 0.0705
19 11 67.870844726 0.0705
19 12 62.495948479999996 0.1515
19 13 62.495948479999996 0.1515
19 14 67.320374756 0.2565
19 15 67.320374756 0.2565
19 16 67.298347166 0.2055
19 17 67.298347166 0.2055
19 18 67.870844726 0.0705
19 19 67.870844726 0.0705
19 20 70.297944332 0.225
19 21 70.297944332 0.225
19 22 65.84820679399999 0.18
19 23 65.84820679399999 0.18
19 24 65.84820679399999 0.18
19 25 65.84820679399999 0.18
19 26 70.297944332 0.225
19 27 70.297944332 0.225
19 28 67.870844726 0.0705
19 29 67.870844726 0.0705
19 30 67.298347166 0.2055
19 31 67.298347166 0.2055
20 0 54.649293205999996 0.0045
20 1 61.28025634400001 0.0195
20 2 61.28025634400001 0.0195
20 3 60.646564940000005 0.06
20 4 68.531013176 0.013499999999999998
20 5 67.273353266 0.033
20 6 65.774158934 0.0075
20 7 65.908796378 0.0165
20 8 68.531013176 0.013499999999999998
20 9 67.273353266 0.033
20 10 65.774158934 0.0075
20 11 65.908796378 0.0165
20 12 61.28025634400001 0.0195
20 13 60.646564940000005 0.06
20 14 65.756745608 0.072
20 15 65.188148198 0.0435
20 16 65.188148198 0.0435
20 17 65.756745608 0.072
20 18 65.774158934 0.0075
20 19 65.908796378 0.0165
20 20 69.15382813400001 0.05399999999999999
20 21 67.732307132 0.069
20 22 63.201820064 0.0195
20 23 62.506440428000005 0.045
20 24 63.201820064 0.0195
20 25 62.506440428000005 0.045
20 26 69.15382813400001 0.05399999999999999
20 27 67.732307132 0.069
20 28 65.774158934 0.0075
20 29 65.908796378 0.0165
20 30 65.188148198 0.0435
20 31 65.756745608 0.072
21 0 54.615070796 0.0
21 1 60.356361092 0.0
21 2 60.356361092 0.0
21 3 58.551856682 0.0
21 4 65.702088626 0.0
21 5 65.881495364 0.0
21 6 64.642292474 0.0
21 7 64.895856926 0.0
21 8 65.702088626 0.0
21 9 65.881495364 0.0
21 10 64.642292474 0.0
21 11 64.895856926 0.0
21 12 60.356361092 0.0
21 13 58.551856682 0.0
21 14 64.954084478 0.0
21 15 64.177076408 0.0
21 16 64.177076408 0.0
21 17 64.954084478 0.0
21 18 64.642292474 0.0
21 19 64.895856926 0.0
21 20 68.448560792 0.0
21 21 66.2753003 0.0
21 22 61.492292474 0.0
21 23 60.689741216 0.0
21 24 61.492292474 0.0
21 25 60.689741216 0.0
21 26 68.448560792 0.0
21 27 66.2753003 0.0
21 28 64.642292474 0.0
21 29 64.895856926 0.0
21 30 64.177076408 0.0
21 31 64.954084478 0.0
22 0 54.845234384 0.0
22 1 59.593250732 0.0
22 2 59.593250732 0.0
22 3 57.261622316 0.0
22 4 62.823341066 0.0
22 5 64.720515128 0.0
22 6 63.45296753 0.0
22 7 63.792719726 0.0
22 8 62.823341066 0.0
22 9 64.720515128 0.0
22 10 63.45296753 0.0
22 11 63.792719726 0.0
22 12 59.593250732 0.0
22 13 57.261622316 0.0
22 14 64.00426146800001 0.0
22 15 63.50405396000001 0.0
22 16 63.50405396000001 0.0
22 17 64.00426146800001 0.0
22 18 63.45296753 0.0
22 19 63.792719726 0.0
22 20 67.70819213600001 0.0
22 21 65.269117436 0.0
22 22 60.047645270000004 0.0
22 23 59.427906494 0.0
22 24 60.047645270000004 0.0
22 25 59.427906494 0.0
22 26 67.70819213600001 0.0
22 27 65.269117436 0.0
22 28 63.45296753 0.0
22 29 63.792719726 0.0
22 30 63.50405396000001 0.0
22 31 64.00426146800001 0.0
23 0 55.110334478 0.0
23 1 59.023664546 0.0
23 2 59.023664546 0.0
23 3 56.22313964 0.0
23 4 61.0565747 0.0
23 5 63.665662838 0.0
23 6 62.048640128 0.0
23 7 62.58773926400001 0.0
23 8 61.0565747 0.0
23 9 63.665662838 0.0
23 10 62.048640128 0.0
23 11 62.58773926400001 0.0
23 12 59.023664546 0.0
23 13 56.22313964 0.0
23 14 63.104591066 0.0
23 15 62.837293694 0.0
23 16 62.837293694 0.0
23 17 63.104591066 0.0
23 18 62.048640128 0.0
23 19 62.58773926400001 0.0
23 20 66.87125366000001 0.0
23 21 64.24376342 0.0
23 22 58.677430424 0.0
23 23 58.363056644 0.0
23 24 58.677430424 0.0
23 25 58.363056644 0.0
23 26 66.87125366000001 0.0
23 27 64.24376342 0.0
23 28 62.048640128 0.0
23 29 62.58773926400001 0.0
23 30 62.837293694 0.0
23 31 63.104591066 0.0
