time period scenario temperature renewable energy
0 0 66.078699944 0.0
0 1 66.078699944 0.0
0 2 66.078699944 0.0
0 3 66.078699944 0.0
0 4 66.078699944 0.0
0 5 66.078699944 0.0
0 6 66.078699944 0.0
0 7 66.078699944 0.0
0 8 66.078699944 0.0
0 9 66.078699944 0.0
0 10 66.078699944 0.0
0 11 66.078699944 0.0
0 12 66.078699944 0.0
0 13 66.078699944 0.0
0 14 66.078699944 0.0
0 15 66.078699944 0.0
0 16 66.078699944 0.0
0 17 66.078699944 0.0
0 18 66.078699944 0.0
0 19 66.078699944 0.0
0 20 66.078699944 0.0
0 21 66.078699944 0.0
0 22 66.078699944 0.0
0 23 66.078699944 0.0
0 24 66.078699944 0.0
0 25 66.078699944 0.0
0 26 66.078699944 0.0
0 27 66.078699944 0.0
0 28 66.078699944 0.0
0 29 66.078699944 0.0
0 30 66.078699944 0.0
0 31 66.078699944 0.0
1 0 64.973640128 0.0
1 1 64.973640128 0.0
1 2 64.973640128 0.0
1 3 64.973640128 0.0
1 4 64.973640128 0.0
1 5 64.973640128 0.0
1 6 64.973640128 0.0
1 7 64.973640128 0.0
1 8 64.973640128 0.0
1 9 64.973640128 0.0
1 10 64.973640128 0.0
1 11 64.973640128 0.0
1 12 64.973640128 0.0
1 13 64.973640128 0.0
1 14 64.973640128 0.0
1 15 64.973640128 0.0
1 16 64.973640128 0.0
1 17 64.973640128 0.0
1 18 64.973640128 0.0
1 19 64.973640128 0.0
1 20 64.973640128 0.0
1 21 64.973640128 0.0
1 22 64.973640128 0.0
1 23 64.973640128 0.0
1 24 64.973640128 0.0
1 25 64.973640128 0.0
1 26 64.973640128 0.0
1 27 64.973640128 0.0
1 28 64.973640128 0.0
1 29 64.973640128 0.0
1 30 64.973640128 0.0
1 31 64.973640128 0.0
2 0 63.823151858 0.0
2 1 63.823151858 0.0
2 2 63.823151858 0.0
2 3 63.823151858 0.0
2 4 63.823151858 0.0
2 5 63.823151858 0.0
2 6 63.823151858 0.0
2 7 63.823151858 0.0
2 8 63.823151858 0.0
2 9 63.823151858 0.0
2 10 63.823151858 0.0
2 11 63.823151858 0.0
2 12 63.823151858 0.0
2 13 63.823151858 0.0
2 14 63.823151858 0.0
2 15 63.823151858 0.0
2 16 63.823151858 0.0
2 17 63.823151858 0.0
2 18 63.823151858 0.0
2 19 63.823151858 0.0
2 20 63.823151858 0.0
2 21 63.823151858 0.0
2 22 63.823151858 0.0
2 23 63.823151858 0.0
2 24 63.823151858 0.0
2 25 63.823151858 0.0
2 26 63.823151858 0.0
2 27 63.823151858 0.0
2 28 63.823151858 0.0
2 29 63.823151858 0.0
2 30 63.823151858 0.0
2 31 63.823151858 0.0
3 0 62.745283202 0.0
3 1 62.745283202 0.0
3 2 62.745283202 0.0
3 3 62.745283202 0.0
3 4 62.745283202 0.0
3 5 62.745283202 0.0
3 6 62.745283202 0.0
3 7 62.745283202 0.0
3 8 62.745283202 0.0
3 9 62.745283202 0.0
3 10 62.745283202 0.0
3 11 62.745283202 0.0
3 12 62.745283202 0.0
3 13 62.745283202 0.0
3 14 62.745283202 0.0
3 15 62.745283202 0.0
3 16 62.745283202 0.0
3 17 62.745283202 0.0
3 18 62.745283202 0.0
3 19 62.745283202 0.0
3 20 62.745283202 0.0
3 21 62.745283202 0.0
3 22 62.745283202 0.0
3 23 62.745283202 0.0
3 24 62.745283202 0.0
3 25 62.745283202 0.0
3 26 62.745283202 0.0
3 27 62.745283202 0.0
3 28 62.745283202 0.0
3 29 62.745283202 0.0
3 30 62.745283202 0.0
3 31 62.745283202 0.0
4 0 62.268806156000004 0.0
4 1 62.268806156000004 0.0
4 2 62.268806156000004 0.0
4 3 62.268806156000004 0.0
4 4 62.268806156000004 0.0
4 5 62.268806156000004 0.0
4 6 62.268806156000004 0.0
4 7 62.268806156000004 0.0
4 8 62.268806156000004 0.0
4 9 62.268806156000004 0.0
4 10 62.268806156000004 0.0
4 11 62.268806156000004 0.0
4 12 62.268806156000004 0.0
4 13 62.268806156000004 0.0
4 14 62.268806156000004 0.0
4 15 62.268806156000004 0.0
4 16 62.817243656 0.0
4 17 62.817243656 0.0
4 18 62.817243656 0.0
4 19 62.817243656 0.0
4 20 62.817243656 0.0
4 21 62.817243656 0.0
4 22 62.817243656 0.0
4 23 62.817243656 0.0
4 24 62.817243656 0.0
4 25 62.817243656 0.0
4 26 62.817243656 0.0
4 27 62.817243656 0.0
4 28 62.817243656 0.0
4 29 62.817243656 0.0
4 30 62.817243656 0.0
4 31 62.817243656 0.0
5 0 63.215992436 0.033
5 1 63.215992436 0.033
5 2 63.215992436 0.033
5 3 63.215992436 0.033
5 4 63.215992436 0.033
5 5 63.215992436 0.033
5 6 63.215992436 0.033
5 7 63.215992436 0.033
5 8 63.215992436 0.033
5 9 63.215992436 0.033
5 10 63.215992436 0.033
5 11 63.215992436 0.033
5 12 63.215992436 0.033
5 13 63.215992436 0.033
5 14 63.215992436 0.033
5 15 63.215992436 0.033
5 16 64.112586674 0.026999999999999996
5 17 64.112586674 0.026999999999999996
5 18 64.112586674 0.026999999999999996
5 19 64.112586674 0.026999999999999996
5 20 64.112586674 0.026999999999999996
5 21 64.112586674 0.026999999999999996
5 22 64.112586674 0.026999999999999996
5 23 64.112586674 0.026999999999999996
5 24 64.112586674 0.026999999999999996
5 25 64.112586674 0.026999999999999996
5 26 64.112586674 0.026999999999999996
5 27 64.112586674 0.026999999999999996
5 28 64.112586674 0.026999999999999996
5 29 64.112586674 0.026999999999999996
5 30 64.112586674 0.026999999999999996
5 31 64.112586674 0.026999999999999996
6 0 65.729334722 0.1545
6 1 65.729334722 0.1545
6 2 65.729334722 0.1545
6 3 65.729334722 0.1545
6 4 65.729334722 0.1545
6 5 65.729334722 0.1545
6 6 65.729334722 0.1545
6 7 65.729334722 0.1545
6 8 65.729334722 0.1545
6 9 65.729334722 0.1545
6 10 65.729334722 0.1545
6 11 65.729334722 0.1545
6 12 65.729334722 0.1545
6 13 65.729334722 0.1545
6 14 65.729334722 0.1545
6 15 65.729334722 0.1545
6 16 66.95172851000001 0.0795
6 17 66.95172851000001 0.0795
6 18 66.95172851000001 0.0795
6 19 66.95172851000001 0.0795
6 20 66.95172851000001 0.0795
6 21 66.95172851000001 0.0795
6 22 66.95172851000001 0.0795
6 23 66.95172851000001 0.0795
6 24 66.95172851000001 0.0795
6 25 66.95172851000001 0.0795
6 26 66.95172851000001 0.0795
6 27 66.95172851000001 0.0795
6 28 66.95172851000001 0.0795
6 29 66.95172851000001 0.0795
6 30 66.95172851000001 0.0795
6 31 66.95172851000001 0.0795
7 0 69.817292474 0.411
7 1 69.817292474 0.411
7 2 69.817292474 0.411
7 3 69.817292474 0.411
7 4 69.817292474 0.411
7 5 69.817292474 0.411
7 6 69.817292474 0.411
7 7 69.817292474 0.411
7 8 69.817292474 0.411
7 9 69.817292474 0.411
7 10 69.817292474 0.411
7 11 69.817292474 0.411
7 12 69.817292474 0.411
7 13 69.817292474 0.411
7 14 69.817292474 0.411
7 15 69.817292474 0.411
7 16 71.369331062 0.3075
7 17 71.369331062 0.3075
7 18 71.369331062 0.3075
7 19 71.369331062 0.3075
7 20 71.369331062 0.3075
7 21 71.369331062 0.3075
7 22 71.369331062 0.3075
7 23 71.369331062 0.3075
7 24 71.369331062 0.3075
7 25 71.369331062 0.3075
7 26 71.369331062 0.3075
7 27 71.369331062 0.3075
7 28 71.369331062 0.3075
7 29 71.369331062 0.3075
7 30 71.369331062 0.3075
7 31 71.369331062 0.3075
8 0 74.402711186 0.636
8 1 74.402711186 0.636
8 2 74.402711186 0.636
8 3 74.402711186 0.636
8 4 74.402711186 0.636
8 5 74.402711186 0.636
8 6 74.402711186 0.636
8 7 74.402711186 0.636
8 8 74.842988288 0.624
8 9 74.842988288 0.624
8 10 74.842988288 0.624
8 11 74.842988288 0.624
8 12 74.842988288 0.624
8 13 74.842988288 0.624
8 14 74.842988288 0.624
8 15 74.842988288 0.624
8 16 76.47890747 0.642
8 17 76.47890747 0.642
8 18 76.47890747 0.642
8 19 76.47890747 0.642
8 20 76.47890747 0.642
8 21 76.47890747 0.642
8 22 76.47890747 0.642
8 23 76.47890747 0.642
8 24 75.21811646 0.5595
8 25 75.21811646 0.5595
8 26 75.21811646 0.5595
8 27 75.21811646 0.5595
8 28 75.21811646 0.5595
8 29 75.21811646 0.5595
8 30 75.21811646 0.5595
8 31 75.21811646 0.5595
9 0 78.17717408 0.8489999999999999
9 1 78.17717408 0.8489999999999999
9 2 78.17717408 0.8489999999999999
9 3 78.17717408 0.8489999999999999
9 4 78.17717408 0.8489999999999999
9 5 78.17717408 0.8489999999999999
9 6 78.17717408 0.8489999999999999
9 7 78.17717408 0.8489999999999999
9 8 79.496027834 0.7335
9 9 79.496027834 0.7335
9 10 79.496027834 0.7335
9 11 79.496027834 0.7335
9 12 79.496027834 0.7335
9 13 79.496027834 0.7335
9 14 79.496027834 0.7335
9 15 79.496027834 0.7335
9 16 80.699470214 0.8085
9 17 80.699470214 0.8085
9 18 80.699470214 0.8085
9 19 80.699470214 0.8085
9 20 80.699470214 0.8085
9 21 80.699470214 0.8085
9 22 80.699470214 0.8085
9 23 80.699470214 0.8085
9 24 78.902381588 0.7575
9 25 78.902381588 0.7575
9 26 78.902381588 0.7575
9 27 78.902381588 0.7575
9 28 78.902381588 0.7575
9 29 78.902381588 0.7575
9 30 78.902381588 0.7575
9 31 78.902381588 0.7575
10 0 81.16281860000001 1.0275
10 1 81.16281860000001 1.0275
10 2 81.16281860000001 1.0275
10 3 81.16281860000001 1.0275
10 4 81.16281860000001 1.0275
10 5 81.16281860000001 1.0275
10 6 81.16281860000001 1.0275
10 7 81.16281860000001 1.0275
10 8 83.854578866 0.4605
10 9 83.854578866 0.4605
10 10 83.854578866 0.4605
10 11 83.854578866 0.4605
10 12 83.854578866 0.4605
10 13 83.854578866 0.4605
10 14 83.854578866 0.4605
10 15 83.854578866 0.4605
10 16 84.131599118 1.0425
10 17 84.131599118 1.0425
10 18 84.131599118 1.0425
10 19 84.131599118 1.0425
10 20 84.131599118 1.0425
10 21 84.131599118 1.0425
10 22 84.131599118 1.0425
10 23 84.131599118 1.0425
10 24 81.868250732 0.9014999999999999
10 25 81.868250732 0.9014999999999999
10 26 81.868250732 0.9014999999999999
10 27 81.868250732 0.9014999999999999
10 28 81.868250732 0.9014999999999999
10 29 81.868250732 0.9014999999999999
10 30 81.868250732 0.9014999999999999
10 31 81.868250732 0.9014999999999999
11 0 82.856525882 1.047
11 1 82.856525882 1.047
11 2 82.856525882 1.047
11 3 82.856525882 1.047
11 4 82.856525882 1.047
11 5 82.856525882 1.047
11 6 82.856525882 1.047
11 7 82.856525882 1.047
11 8 87.285444332 1.215
11 9 87.285444332 1.215
11 10 87.285444332 1.215
11 11 87.285444332 1.215
11 12 87.285444332 1.215
11 13 87.285444332 1.215
11 14 87.285444332 1.215
11 15 87.285444332 1.215
11 16 86.837476802 1.1745
11 17 86.837476802 1.1745
11 18 86.837476802 1.1745
11 19 86.837476802 1.1745
11 20 86.837476802 1.1745
11 21 86.837476802 1.1745
11 22 86.837476802 1.1745
11 23 86.837476802 1.1745
11 24 83.71302002600001 0.9825
11 25 83.71302002600001 0.9825
11 26 83.71302002600001 0.9825
11 27 83.71302002600001 0.9825
11 28 83.71302002600001 0.9825
11 29 83.71302002600001 0.9825
11 30 83.71302002600001 0.9825
11 31 83.71302002600001 0.9825
12 0 83.143653566 1.2285
12 1 83.143653566 1.2285
12 2 83.143653566 1.2285
12 3 83.143653566 1.2285
12 4 84.62329223 1.0395
12 5 84.62329223 1.0395
12 6 84.62329223 1.0395
12 7 84.62329223 1.0395
12 8 90.10140503 1.281
12 9 90.10140503 1.281
12 10 90.10140503 1.281
12 11 90.10140503 1.281
12 12 88.570350338 1.245
12 13 88.570350338 1.245
12 14 88.570350338 1.245
12 15 88.570350338 1.245
12 16 88.570350338 1.245
12 17 88.570350338 1.245
12 18 88.570350338 1.245
12 19 88.570350338 1.245
12 20 90.10140503 1.281
12 21 90.10140503 1.281
12 22 90.10140503 1.281
12 23 90.10140503 1.281
12 24 84.62329223 1.0395
12 25 84.62329223 1.0395
12 26 84.62329223 1.0395
12 27 84.62329223 1.0395
12 28 85.683088382 1.3079999999999998
12 29 85.683088382 1.3079999999999998
12 30 85.683088382 1.3079999999999998
12 31 85.683088382 1.3079999999999998
13 0 83.22467774 1.2315
13 1 83.22467774 1.2315
13 2 83.22467774 1.2315
13 3 83.22467774 1.2315
13 4 85.180573724 1.017
13 5 85.180573724 1.017
13 6 85.180573724 1.017
13 7 85.180573724 1.017
13 8 91.996931156 1.281
13 9 91.996931156 1.281
13 10 91.996931156 1.281
13 11 91.996931156 1.281
13 12 89.374439696 1.245
13 13 89.374439696 1.245
13 14 89.374439696 1.245
13 15 89.374439696 1.245
13 16 89.374439696 1.245
13 17 89.374439696 1.245
13 18 89.374439696 1.245
13 19 89.374439696 1.245
13 20 91.996931156 1.281
13 21 91.996931156 1.281
13 22 91.996931156 1.281
13 23 91.996931156 1.281
13 24 85.180573724 1.017
13 25 85.180573724 1.017
13 26 85.180573724 1.017
13 27 85.180573724 1.017
13 28 86.79419067200001 1.3125
13 29 86.79419067200001 1.3125
13 30 86.79419067200001 1.3125
13 31 86.79419067200001 1.3125
14 0 83.37140015 1.0455
14 1 83.37140015 1.0455
14 2 83.37140015 1.0455
14 3 83.37140015 1.0455
14 4 85.363551032 0.951
14 5 85.363551032 0.951
14 6 85.363551032 0.951
14 7 85.363551032 0.951
14 8 92.811347654 1.212
14 9 92.811347654 1.212
14 10 92.811347654 1.212
14 11 92.811347654 1.212
14 12 89.54703491000001 1.179
14 13 89.54703491000001 1.179
14 14 89.54703491000001 1.179
14 15 89.54703491000001 1.179
14 16 89.54703491000001 1.179
14 17 89.54703491000001 1.179
14 18 89.54703491000001 1.179
14 19 89.54703491000001 1.179
14 20 92.811347654 1.212
14 21 92.811347654 1.212
14 22 92.811347654 1.212
14 23 92.811347654 1.212
14 24 85.363551032 0.951
14 25 85.363551032 0.951
14 26 85.363551032 0.951
14 27 85.363551032 0.951
14 28 87.1784375 1.2495
14 29 87.1784375 1.2495
14 30 87.1784375 1.2495
14 31 87.1784375 1.2495
15 0 83.06208008600001 0.927
15 1 83.06208008600001 0.927
15 2 83.06208008600001 0.927
15 3 83.06208008600001 0.927
15 4 84.769904786 0.8805
15 5 84.769904786 0.8805
15 6 84.769904786 0.8805
15 7 84.769904786 0.8805
15 8 92.52471435800001 1.0845
15 9 92.52471435800001 1.0845
15 10 92.52471435800001 1.0845
15 11 92.52471435800001 1.0845
15 12 89.219587406 0.9389999999999998
15 13 89.219587406 0.9389999999999998
15 14 89.219587406 0.9389999999999998
15 15 89.219587406 0.9389999999999998
15 16 89.219587406 0.9389999999999998
15 17 89.219587406 0.9389999999999998
15 18 89.219587406 0.9389999999999998
15 19 89.219587406 0.9389999999999998
15 20 92.52471435800001 1.0845
15 21 92.52471435800001 1.0845
15 22 92.52471435800001 1.0845
15 23 92.52471435800001 1.0845
15 24 84.769904786 0.8805
15 25 84.769904786 0.8805
15 26 84.769904786 0.8805
15 27 84.769904786 0.8805
15 28 86.78238036799999 1.122
15 29 86.78238036799999 1.122
15 30 86.78238036799999 1.122
15 31 86.78238036799999 1.122
16 0 82.373841554 0.792
16 1 82.373841554 0.792
16 2 81.228461918 0.888
16 3 81.228461918 0.888
16 4 83.433198236 0.732
16 5 83.433198236 0.732
16 6 84.04436768 0.8714999999999999
16 7 84.04436768 0.8714999999999999
16 8 91.181745608 0.9045
16 9 91.181745608 0.9045
16 10 90.474940184 0.8385
16 11 90.474940184 0.8385
16 12 88.21499756 0.7725
16 13 88.21499756 0.7725
16 14 86.11633423399999 0.6914999999999999
16 15 86.11633423399999 0.6914999999999999
16 16 88.21499756 0.7725
16 17 88.21499756 0.7725
16 18 86.11633423399999 0.6914999999999999
16 19 86.11633423399999 0.6914999999999999
16 20 91.181745608 0.9045
16 21 91.181745608 0.9045
16 22 90.474940184 0.8385
16 23 90.474940184 0.8385
16 24 83.433198236 0.732
16 25 83.433198236 0.732
16 26 84.04436768 0.8714999999999999
16 27 84.04436768 0.8714999999999999
16 28 85.67968262 0.9405
16 29 85.67968262 0.9405
16 30 86.11633423399999 0.6914999999999999
16 31 86.11633423399999 0.6914999999999999
17 0 81.11469848 0.5775
17 1 81.11469848 0.5775
17 2 79.231586918 0.6675
17 3 79.231586918 0.6675
17 4 81.7284497 0.573
17 5 81.7284497 0.573
17 6 82.03820923399999 0.6525
17 7 82.03820923399999 0.6525
17 8 88.94932372400001 0.6914999999999999
17 9 88.94932372400001 0.6914999999999999
17 10 88.51695679400001 0.711
17 11 88.51695679400001 0.711
17 12 86.534034422 0.5835
17 13 86.534034422 0.5835
17 14 84.19900024399999 0.6614999999999999
17 15 84.19900024399999 0.6614999999999999
17 16 86.534034422 0.5835
17 17 86.534034422 0.5835
17 18 84.19900024399999 0.6614999999999999
17 19 84.19900024399999 0.6614999999999999
17 20 88.94932372400001 0.6914999999999999
17 21 88.94932372400001 0.6914999999999999
17 22 88.51695679400001 0.711
17 23 88.51695679400001 0.711
17 24 81.7284497 0.573
17 25 81.7284497 0.573
17 26 82.03820923399999 0.6525
17 27 82.03820923399999 0.6525
17 28 83.968397222 0.7214999999999999
17 29 83.968397222 0.7214999999999999
17 30 84.19900024399999 0.6614999999999999
17 31 84.19900024399999 0.6614999999999999
18 0 79.24592408000001 0.021
18 1 79.24592408000001 0.021
18 2 76.48280762 0.4305
18 3 76.48280762 0.4305
18 4 79.549146734 0.3465
18 5 79.549146734 0.3465
18 6 79.270972898 0.4185
18 7 79.270972898 0.4185
18 8 85.956428228 0.46199999999999997
18 9 85.956428228 0.46199999999999997
18 10 85.91451537200001 0.4365
18 11 85.91451537200001 0.4365
18 12 83.81425902800001 0.3435
18 13 83.81425902800001 0.3435
18 14 81.98811158000001 0.2805
18 15 81.98811158000001 0.2805
18 16 83.81425902800001 0.3435
18 17 83.81425902800001 0.3435
18 18 81.98811158000001 0.2805
18 19 81.98811158000001 0.2805
18 20 85.956428228 0.46199999999999997
18 21 85.956428228 0.46199999999999997
18 22 85.91451537200001 0.4365
18 23 85.91451537200001 0.4365
18 24 79.549146734 0.3465
18 25 79.549146734 0.3465
18 26 79.270972898 0.4185
18 27 79.270972898 0.4185
18 28 81.716639396 0.486
18 29 81.716639396 0.486
18 30 81.98811158000001 0.2805
18 31 81.98811158000001 0.2805
19 0 76.79663207600001 0.159
19 1 76.79663207600001 0.159
19 2 73.189875488 0.2055
19 3 73.189875488 0.2055
19 4 76.34108399 0.2445
19 5 76.34108399 0.2445
19 6 75.352424324 0.1965
19 7 75.352424324 0.1965
19 8 81.563874512 0.2415
19 9 81.563874512 0.2415
19 10 82.172846678 0.252
19 11 82.172846678 0.252
19 12 80.311817624 0.1485
19 13 80.311817624 0.1485
19 14 79.45889405 0.0285
19 15 79.45889405 0.0285
19 16 80.311817624 0.1485
19 17 80.311817624 0.1485
19 18 79.45889405 0.0285
19 19 79.45889405 0.0285
19 20 81.563874512 0.2415
19 21 81.563874512 0.2415
19 22 82.172846678 0.252
19 23 82.172846678 0.252
19 24 76.34108399 0.2445
19 25 76.34108399 0.2445
19 26 75.352424324 0.1965
19 27 75.352424324 0.1965
19 28 78.14075439199999 0.2595
19 29 78.14075439199999 0.2595
19 30 79.45889405 0.0285
19 31 79.45889405 0.0285
20 0 74.446931156 0.0285
20 1 73.065675056 0.0705
20 2 71.021778566 0.0345
20 3 70.22807128400001 0.0525
20 4 73.065675056 0.0705
20 5 72.47938964 0.039
20 6 71.734022222 0.0285
20 7 72.733063964 0.0525
20 8 76.99696777400001 0.0645
20 9 78.70435302199999 0.072
20 10 78.70435302199999 0.072
20 11 76.99696777400001 0.0645
20 12 77.64065673799999 0.0225
20 13 77.01207396800001 0.006
20 14 77.01207396800001 0.006
20 15 77.64065673799999 0.0225
20 16 77.64065673799999 0.0225
20 17 77.01207396800001 0.006
20 18 77.01207396800001 0.006
20 19 77.64065673799999 0.0225
20 20 76.99696777400001 0.0645
20 21 78.70435302199999 0.072
20 22 78.70435302199999 0.072
20 23 76.99696777400001 0.0645
20 24 73.065675056 0.0705
20 25 72.47938964 0.039
20 26 71.734022222 0.0285
20 27 72.733063964 0.0525
20 28 74.8175 0.075
20 29 77.01207396800001 0.006
20 30 77.01207396800001 0.006
20 31 77.64065673799999 0.0225
21 0 72.930378416 0.0
21 1 70.99244506400001 0.0
21 2 70.106068112 0.0
21 3 69.103620608 0.0
21 4 70.99244506400001 0.0
21 5 70.27750976 0.0
21 6 69.507368168 0.0
21 7 70.97843750000001 0.0
21 8 74.14343384 0.0
21 9 76.970545646 0.0
21 10 76.970545646 0.0
21 11 74.14343384 0.0
21 12 75.84329345 0.0
21 13 75.119953622 0.0
21 14 75.119953622 0.0
21 15 75.84329345 0.0
21 16 75.84329345 0.0
21 17 75.119953622 0.0
21 18 75.119953622 0.0
21 19 75.84329345 0.0
21 20 74.14343384 0.0
21 21 76.970545646 0.0
21 22 76.970545646 0.0
21 23 74.14343384 0.0
21 24 70.99244506400001 0.0
21 25 70.27750976 0.0
21 26 69.507368168 0.0
21 27 70.97843750000001 0.0
21 28 73.350660398 0.0
21 29 75.119953622 0.0
21 30 75.119953622 0.0
21 31 75.84329345 0.0
22 0 71.67535521799999 0.0
22 1 69.58998536000001 0.0
22 2 68.955744632 0.0
22 3 68.189503172 0.0
22 4 69.58998536000001 0.0
22 5 68.661311036 0.0
22 6 67.80608033 0.0
22 7 69.537745364 0.0
22 8 72.457142342 0.0
22 9 75.92717408 0.0
22 10 75.92717408 0.0
22 11 72.457142342 0.0
22 12 73.980177008 0.0
22 13 73.606367192 0.0
22 14 73.606367192 0.0
22 15 73.980177008 0.0
22 16 73.980177008 0.0
22 17 73.606367192 0.0
22 18 73.606367192 0.0
22 19 73.980177008 0.0
22 20 72.457142342 0.0
22 21 75.92717408 0.0
22 22 75.92717408 0.0
22 23 72.457142342 0.0
22 24 69.58998536000001 0.0
22 25 68.661311036 0.0
22 26 67.80608033 0.0
22 27 69.537745364 0.0
22 28 72.161005856 0.0
22 29 73.606367192 0.0
22 30 73.606367192 0.0
22 31 73.980177008 0.0
23 0 70.39967774 0.0
23 1 68.27997558199999 0.0
23 2 67.439466554 0.0
23 3 67.42809570200001 0.0
23 4 68.27997558199999 0.0
23 5 67.27747314199999 0.0
23 6 66.29364746600001 0.0
23 7 68.362318112 0.0
23 8 71.095881344 0.0
23 9 74.878474118 0.0
23 10 74.878474118 0.0
23 11 71.095881344 0.0
23 12 72.182264396 0.0
23 13 72.238349606 0.0
23 14 72.238349606 0.0
23 15 72.182264396 0.0
23 16 72.182264396 0.0
23 17 72.238349606 0.0
23 18 72.238349606 0.0
23 19 72.182264396 0.0
23 20 71.095881344 0.0
23 21 74.878474118 0.0
23 22 74.878474118 0.0
23 23 71.095881344 0.0
23 24 68.27997558199999 0.0
23 25 67.27747314199999 0.0
23 26 66.29364746600001 0.0
23 27 68.362318112 0.0
23 28 70.688343506 0.0
23 29 72.238349606 0.0
23 30 72.238349606 0.0
23 31 72.182264396 0.0
