time period scenario temperature renewable energy
0 0 63.208192136 0.0
0 1 63.208192136 0.0
0 2 63.208192136 0.0
0 3 63.208192136 0.0
0 4 63.208192136 0.0
0 5 63.208192136 0.0
0 6 63.208192136 0.0
0 7 63.208192136 0.0
0 8 63.208192136 0.0
0 9 63.208192136 0.0
0 10 63.208192136 0.0
0 11 63.208192136 0.0
0 12 63.208192136 0.0
0 13 63.208192136 0.0
0 14 63.208192136 0.0
0 15 63.208192136 0.0
0 16 63.208192136 0.0
0 17 63.208192136 0.0
0 18 63.208192136 0.0
0 19 63.208192136 0.0
0 20 63.208192136 0.0
0 21 63.208192136 0.0
0 22 63.208192136 0.0
0 23 63.208192136 0.0
0 24 63.208192136 0.0
0 25 63.208192136 0.0
0 26 63.208192136 0.0
0 27 63.208192136 0.0
0 28 63.208192136 0.0
0 29 63.208192136 0.0
0 30 63.208192136 0.0
0 31 63.208192136 0.0
1 0 62.068031006 0.0
1 1 62.068031006 0.0
1 2 62.068031006 0.0
1 3 62.068031006 0.0
1 4 62.068031006 0.0
1 5 62.068031006 0.0
1 6 62.068031006 0.0
1 7 62.068031006 0.0
1 8 62.068031006 0.0
1 9 62.068031006 0.0
1 10 62.068031006 0.0
1 11 62.068031006 0.0
1 12 62.068031006 0.0
1 13 62.068031006 0.0
1 14 62.068031006 0.0
1 15 62.068031006 0.0
1 16 62.068031006 0.0
1 17 62.068031006 0.0
1 18 62.068031006 0.0
1 19 62.068031006 0.0
1 20 62.068031006 0.0
1 21 62.068031006 0.0
1 22 62.068031006 0.0
1 23 62.068031006 0.0
1 24 62.068031006 0.0
1 25 62.068031006 0.0
1 26 62.068031006 0.0
1 27 62.068031006 0.0
1 28 62.068031006 0.0
1 29 62.068031006 0.0
1 30 62.068031006 0.0
1 31 62.068031006 0.0
2 0 60.870136712 0.0
2 1 60.870136712 0.0
2 2 60.870136712 0.0
2 3 60.870136712 0.0
2 4 60.870136712 0.0
2 5 60.870136712 0.0
2 6 60.870136712 0.0
2 7 60.870136712 0.0
2 8 60.870136712 0.0
2 9 60.870136712 0.0
2 10 60.870136712 0.0
2 11 60.870136712 0.0
2 12 60.870136712 0.0
2 13 60.870136712 0.0
2 14 60.870136712 0.0
2 15 60.870136712 0.0
2 16 60.870136712 0.0
2 17 60.870136712 0.0
2 18 60.870136712 0.0
2 19 60.870136712 0.0
2 20 60.870136712 0.0
2 21 60.870136712 0.0
2 22 60.870136712 0.0
2 23 60.870136712 0.0
2 24 60.870136712 0.0
2 25 60.870136712 0.0
2 26 60.870136712 0.0
2 27 60.870136712 0.0
2 28 60.870136712 0.0
2 29 60.870136712 0.0
2 30 60.870136712 0.0
2 31 60.870136712 0.0
3 0 59.895209965999996 0.0
3 1 59.895209965999996 0.0
3 2 59.895209965999996 0.0
3 3 59.895209965999996 0.0
3 4 59.895209965999996 0.0
3 5 59.895209965999996 0.0
3 6 59.895209965999996 0.0
3 7 59.895209965999996 0.0
3 8 59.895209965999996 0.0
3 9 59.895209965999996 0.0
3 10 59.895209965999996 0.0
3 11 59.895209965999996 0.0
3 12 59.895209965999996 0.0
3 13 59.895209965999996 0.0
3 14 59.895209965999996 0.0
3 15 59.895209965999996 0.0
3 16 59.895209965999996 0.0
3 17 59.895209965999996 0.0
3 18 59.895209965999996 0.0
3 19 59.895209965999996 0.0
3 20 59.895209965999996 0.0
3 21 59.895209965999996 0.0
3 22 59.895209965999996 0.0
3 23 59.895209965999996 0.0
3 24 59.895209965999996 0.0
3 25 59.895209965999996 0.0
3 26 59.895209965999996 0.0
3 27 59.895209965999996 0.0
3 28 59.895209965999996 0.0
3 29 59.895209965999996 0.0
3 30 59.895209965999996 0.0
3 31 59.895209965999996 0.0
4 0 59.890046378 0.0
4 1 59.890046378 0.0
4 2 59.890046378 0.0
4 3 59.890046378 0.0
4 4 59.890046378 0.0
4 5 59.890046378 0.0
4 6 59.890046378 0.0
4 7 59.890046378 0.0
4 8 59.890046378 0.0
4 9 59.890046378 0.0
4 10 59.890046378 0.0
4 11 59.890046378 0.0
4 12 59.890046378 0.0
4 13 59.890046378 0.0
4 14 59.890046378 0.0
4 15 59.890046378 0.0
4 16 59.915040278 0.0
4 17 59.915040278 0.0
4 18 59.915040278 0.0
4 19 59.915040278 0.0
4 20 59.915040278 0.0
4 21 59.915040278 0.0
4 22 59.915040278 0.0
4 23 59.915040278 0.0
4 24 59.915040278 0.0
4 25 59.915040278 0.0
4 26 59.915040278 0.0
4 27 59.915040278 0.0
4 28 59.915040278 0.0
4 29 59.915040278 0.0
4 30 59.915040278 0.0
4 31 59.915040278 0.0
5 0 62.000849606 0.0375
5 1 62.000849606 0.0375
5 2 62.000849606 0.0375
5 3 62.000849606 0.0375
5 4 62.000849606 0.0375
5 5 62.000849606 0.0375
5 6 62.000849606 0.0375
5 7 62.000849606 0.0375
5 8 62.000849606 0.0375
5 9 62.000849606 0.0375
5 10 62.000849606 0.0375
5 11 62.000849606 0.0375
5 12 62.000849606 0.0375
5 13 62.000849606 0.0375
5 14 62.000849606 0.0375
5 15 62.000849606 0.0375
5 16 61.284925544000004 0.0225
5 17 61.284925544000004 0.0225
5 18 61.284925544000004 0.0225
5 19 61.284925544000004 0.0225
5 20 61.284925544000004 0.0225
5 21 61.284925544000004 0.0225
5 22 61.284925544000004 0.0225
5 23 61.284925544000004 0.0225
5 24 61.284925544000004 0.0225
5 25 61.284925544000004 0.0225
5 26 61.284925544000004 0.0225
5 27 61.284925544000004 0.0225
5 28 61.284925544000004 0.0225
5 29 61.284925544000004 0.0225
5 30 61.284925544000004 0.0225
5 31 61.284925544000004 0.0225
6 0 65.96652954199999 0.24
6 1 65.96652954199999 0.24
6 2 65.96652954199999 0.24
6 3 65.96652954199999 0.24
6 4 65.96652954199999 0.24
6 5 65.96652954199999 0.24
6 6 65.96652954199999 0.24
6 7 65.96652954199999 0.24
6 8 65.96652954199999 0.24
6 9 65.96652954199999 0.24
6 10 65.96652954199999 0.24
6 11 65.96652954199999 0.24
6 12 65.96652954199999 0.24
6 13 65.96652954199999 0.24
6 14 65.96652954199999 0.24
6 15 65.96652954199999 0.24
6 16 64.167738044 0.15
6 17 64.167738044 0.15
6 18 64.167738044 0.15
6 19 64.167738044 0.15
6 20 64.167738044 0.15
6 21 64.167738044 0.15
6 22 64.167738044 0.15
6 23 64.167738044 0.15
6 24 64.167738044 0.15
6 25 64.167738044 0.15
6 26 64.167738044 0.15
6 27 64.167738044 0.15
6 28 64.167738044 0.15
6 29 64.167738044 0.15
6 30 64.167738044 0.15
6 31 64.167738044 0.15
7 0 70.48202026999999 0.36449999999999994
7 1 70.48202026999999 0.36449999999999994
7 2 70.48202026999999 0.36449999999999994
7 3 70.48202026999999 0.36449999999999994
7 4 70.48202026999999 0.36449999999999994
7 5 70.48202026999999 0.36449999999999994
7 6 70.48202026999999 0.36449999999999994
7 7 70.48202026999999 0.36449999999999994
7 8 70.48202026999999 0.36449999999999994
7 9 70.48202026999999 0.36449999999999994
7 10 70.48202026999999 0.36449999999999994
7 11 70.48202026999999 0.36449999999999994
7 12 70.48202026999999 0.36449999999999994
7 13 70.48202026999999 0.36449999999999994
7 14 70.48202026999999 0.36449999999999994
7 15 70.48202026999999 0.36449999999999994
7 16 68.757441404 0.4125
7 17 68.757441404 0.4125
7 18 68.757441404 0.4125
7 19 68.757441404 0.4125
7 20 68.757441404 0.4125
7 21 68.757441404 0.4125
7 22 68.757441404 0.4125
7 23 68.757441404 0.4125
7 24 68.757441404 0.4125
7 25 68.757441404 0.4125
7 26 68.757441404 0.4125
7 27 68.757441404 0.4125
7 28 68.757441404 0.4125
7 29 68.757441404 0.4125
7 30 68.757441404 0.4125
7 31 68.757441404 0.4125
8 0 74.842988288 0.624
8 1 74.842988288 0.624
8 2 74.842988288 0.624
8 3 74.842988288 0.624
8 4 74.842988288 0.624
8 5 74.842988288 0.624
8 6 74.842988288 0.624
8 7 74.842988288 0.624
8 8 74.277137444 0.564
8 9 74.277137444 0.564
8 10 74.277137444 0.564
8 11 74.277137444 0.564
8 12 74.277137444 0.564
8 13 74.277137444 0.564
8 14 74.277137444 0.564
8 15 74.277137444 0.564
8 16 73.97704589 0.6435
8 17 73.97704589 0.6435
8 18 73.97704589 0.6435
8 19 73.97704589 0.6435
8 20 73.97704589 0.6435
8 21 73.97704589 0.6435
8 22 73.97704589 0.6435
8 23 73.97704589 0.6435
8 24 72.13172729 0.66
8 25 72.13172729 0.66
8 26 72.13172729 0.66
8 27 72.13172729 0.66
8 28 72.13172729 0.66
8 29 72.13172729 0.66
8 30 72.13172729 0.66
8 31 72.13172729 0.66
9 0 79.496027834 0.7335
9 1 79.496027834 0.7335
9 2 79.496027834 0.7335
9 3 79.496027834 0.7335
9 4 79.496027834 0.7335
9 5 79.496027834 0.7335
9 6 79.496027834 0.7335
9 7 79.496027834 0.7335
9 8 76.585419914 0.726
9 9 76.585419914 0.726
9 10 76.585419914 0.726
9 11 76.585419914 0.726
9 12 76.585419914 0.726
9 13 76.585419914 0.726
9 14 76.585419914 0.726
9 15 76.585419914 0.726
9 16 77.265253904 0.3915
9 17 77.265253904 0.3915
9 18 77.265253904 0.3915
9 19 77.265253904 0.3915
9 20 77.265253904 0.3915
9 21 77.265253904 0.3915
9 22 77.265253904 0.3915
9 23 77.265253904 0.3915
9 24 73.85405396 0.8805
9 25 73.85405396 0.8805
9 26 73.85405396 0.8805
9 27 73.85405396 0.8805
9 28 73.85405396 0.8805
9 29 73.85405396 0.8805
9 30 73.85405396 0.8805
9 31 73.85405396 0.8805
10 0 83.854578866 0.4605
10 1 83.854578866 0.4605
10 2 83.854578866 0.4605
10 3 83.854578866 0.4605
10 4 83.854578866 0.4605
10 5 83.854578866 0.4605
10 6 83.854578866 0.4605
10 7 83.854578866 0.4605
10 8 78.01919067200001 1.0139999999999998
10 9 78.01919067200001 1.0139999999999998
10 10 78.01919067200001 1.0139999999999998
10 11 78.01919067200001 1.0139999999999998
10 12 78.01919067200001 1.0139999999999998
10 13 78.01919067200001 1.0139999999999998
10 14 78.01919067200001 1.0139999999999998
10 15 78.01919067200001 1.0139999999999998
10 16 78.67342651999999 1.0485
10 17 78.67342651999999 1.0485
10 18 78.67342651999999 1.0485
10 19 78.67342651999999 1.0485
10 20 78.67342651999999 1.0485
10 21 78.67342651999999 1.0485
10 22 78.67342651999999 1.0485
10 23 78.67342651999999 1.0485
10 24 74.2971875 0.5925
10 25 74.2971875 0.5925
10 26 74.2971875 0.5925
10 27 74.2971875 0.5925
10 28 74.2971875 0.5925
10 29 74.2971875 0.5925
10 30 74.2971875 0.5925
10 31 74.2971875 0.5925
11 0 87.285444332 1.215
11 1 87.285444332 1.215
11 2 87.285444332 1.215
11 3 87.285444332 1.215
11 4 87.285444332 1.215
11 5 87.285444332 1.215
11 6 87.285444332 1.215
11 7 87.285444332 1.215
11 8 79.073933108 0.9389999999999998
11 9 79.073933108 0.9389999999999998
11 10 79.073933108 0.9389999999999998
11 11 79.073933108 0.9389999999999998
11 12 79.073933108 0.9389999999999998
11 13 79.073933108 0.9389999999999998
11 14 79.073933108 0.9389999999999998
11 15 79.073933108 0.9389999999999998
11 16 79.65686768 1.1835
11 17 79.65686768 1.1835
11 18 79.65686768 1.1835
11 19 79.65686768 1.1835
11 20 79.65686768 1.1835
11 21 79.65686768 1.1835
11 22 79.65686768 1.1835
11 23 79.65686768 1.1835
11 24 74.983942868 1.206
11 25 74.983942868 1.206
11 26 74.983942868 1.206
11 27 74.983942868 1.206
11 28 74.983942868 1.206
11 29 74.983942868 1.206
11 30 74.983942868 1.206
11 31 74.983942868 1.206
12 0 90.10140503 1.281
12 1 90.10140503 1.281
12 2 90.10140503 1.281
12 3 90.10140503 1.281
12 4 88.570350338 1.245
12 5 88.570350338 1.245
12 6 88.570350338 1.245
12 7 88.570350338 1.245
12 8 79.92350585599999 1.191
12 9 79.92350585599999 1.191
12 10 79.92350585599999 1.191
12 11 79.92350585599999 1.191
12 12 80.06803100600001 1.314
12 13 80.06803100600001 1.314
12 14 80.06803100600001 1.314
12 15 80.06803100600001 1.314
12 16 80.93391845 1.257
12 17 80.93391845 1.257
12 18 80.93391845 1.257
12 19 80.93391845 1.257
12 20 79.28393676799999 0.438
12 21 79.28393676799999 0.438
12 22 79.28393676799999 0.438
12 23 79.28393676799999 0.438
12 24 75.335175788 0.5655
12 25 75.335175788 0.5655
12 26 75.335175788 0.5655
12 27 75.335175788 0.5655
12 28 76.064173592 1.107
12 29 76.064173592 1.107
12 30 76.064173592 1.107
12 31 76.064173592 1.107
13 0 91.996931156 1.281
13 1 91.996931156 1.281
13 2 91.996931156 1.281
13 3 91.996931156 1.281
13 4 89.374439696 1.245
13 5 89.374439696 1.245
13 6 89.374439696 1.245
13 7 89.374439696 1.245
13 8 80.713093262 0.645
13 9 80.713093262 0.645
13 10 80.713093262 0.645
13 11 80.713093262 0.645
13 12 80.27951783 0.8955
13 13 80.27951783 0.8955
13 14 80.27951783 0.8955
13 15 80.27951783 0.8955
13 16 82.29951905 1.263
13 17 82.29951905 1.263
13 18 82.29951905 1.263
13 19 82.29951905 1.263
13 20 78.7971875 0.456
13 21 78.7971875 0.456
13 22 78.7971875 0.456
13 23 78.7971875 0.456
13 24 74.787617192 1.272
13 25 74.787617192 1.272
13 26 74.787617192 1.272
13 27 74.787617192 1.272
13 28 77.01553466600001 1.0545
13 29 77.01553466600001 1.0545
13 30 77.01553466600001 1.0545
13 31 77.01553466600001 1.0545
14 0 92.811347654 1.212
14 1 92.811347654 1.212
14 2 92.811347654 1.212
14 3 92.811347654 1.212
14 4 89.54703491000001 1.179
14 5 89.54703491000001 1.179
14 6 89.54703491000001 1.179
14 7 89.54703491000001 1.179
14 8 81.374635004 1.1955
14 9 81.374635004 1.1955
14 10 81.374635004 1.1955
14 11 81.374635004 1.1955
14 12 79.03147094600001 1.0905
14 13 79.03147094600001 1.0905
14 14 79.03147094600001 1.0905
14 15 79.03147094600001 1.0905
14 16 83.01297119 0.867
14 17 83.01297119 0.867
14 18 83.01297119 0.867
14 19 83.01297119 0.867
14 20 78.074396978 0.6614999999999999
14 21 78.074396978 0.6614999999999999
14 22 78.074396978 0.6614999999999999
14 23 78.074396978 0.6614999999999999
14 24 73.646687012 1.2
14 25 73.646687012 1.2
14 26 73.646687012 1.2
14 27 73.646687012 1.2
14 28 77.338862312 1.212
14 29 77.338862312 1.212
14 30 77.338862312 1.212
14 31 77.338862312 1.212
15 0 92.52471435800001 1.0845
15 1 92.52471435800001 1.0845
15 2 92.52471435800001 1.0845
15 3 92.52471435800001 1.0845
15 4 89.219587406 0.9389999999999998
15 5 89.219587406 0.9389999999999998
15 6 89.219587406 0.9389999999999998
15 7 89.219587406 0.9389999999999998
15 8 81.484663082 1.0695
15 9 81.484663082 1.0695
15 10 81.484663082 1.0695
15 11 81.484663082 1.0695
15 12 76.462482902 0.7514999999999998
15 13 76.462482902 0.7514999999999998
15 14 76.462482902 0.7514999999999998
15 15 76.462482902 0.7514999999999998
15 16 82.586207282 0.9239999999999999
15 17 82.586207282 0.9239999999999999
15 18 82.586207282 0.9239999999999999
15 19 82.586207282 0.9239999999999999
15 20 77.04827393 0.768
15 21 77.04827393 0.768
15 22 77.04827393 0.768
15 23 77.04827393 0.768
15 24 72.363868412 0.9285
15 25 72.363868412 0.9285
15 26 72.363868412 0.9285
15 27 72.363868412 0.9285
15 28 76.946485604 1.0815
15 29 76.946485604 1.0815
15 30 76.946485604 1.0815
15 31 76.946485604 1.0815
16 0 91.181745608 0.9045
16 1 91.181745608 0.9045
16 2 90.474940184 0.8385
16 3 90.474940184 0.8385
16 4 88.21499756 0.7725
16 5 88.21499756 0.7725
16 6 86.11633423399999 0.6914999999999999
16 7 86.11633423399999 0.6914999999999999
16 8 80.806037594 0.891
16 9 80.806037594 0.891
16 10 81.228461918 0.888
16 11 81.228461918 0.888
16 12 73.444044182 0.801
16 13 73.444044182 0.801
16 14 75.88108643000001 0.8985
16 15 75.88108643000001 0.8985
16 16 81.228461918 0.888
16 17 81.228461918 0.888
16 18 82.373841554 0.792
16 19 82.373841554 0.792
16 20 75.824451896 0.7425
16 21 75.824451896 0.7425
16 22 75.88108643000001 0.8985
16 23 75.88108643000001 0.8985
16 24 71.123017586 0.7395
16 25 71.123017586 0.7395
16 26 72.26944091600001 0.861
16 27 72.26944091600001 0.861
16 28 75.88108643000001 0.8985
16 29 75.88108643000001 0.8985
16 30 75.824451896 0.7425
16 31 75.824451896 0.7425
17 0 88.94932372400001 0.6914999999999999
17 1 88.94932372400001 0.6914999999999999
17 2 88.51695679400001 0.711
17 3 88.51695679400001 0.711
17 4 86.534034422 0.5835
17 5 86.534034422 0.5835
17 6 84.19900024399999 0.6614999999999999
17 7 84.19900024399999 0.6614999999999999
17 8 79.495093994 0.672
17 9 79.495093994 0.672
17 10 79.231586918 0.6675
17 11 79.231586918 0.6675
17 12 70.49564331799999 0.336
17 13 70.49564331799999 0.336
17 14 74.194355462 0.5535
17 15 74.194355462 0.5535
17 16 79.231586918 0.6675
17 17 79.231586918 0.6675
17 18 81.11469848 0.5775
17 19 81.11469848 0.5775
17 20 74.474946284 0.585
17 21 74.474946284 0.585
17 22 74.194355462 0.5535
17 23 74.194355462 0.5535
17 24 69.63656738 0.672
17 25 69.63656738 0.672
17 26 71.07182128400001 0.639
17 27 71.07182128400001 0.639
17 28 74.194355462 0.5535
17 29 74.194355462 0.5535
17 30 74.474946284 0.585
17 31 74.474946284 0.585
18 0 85.956428228 0.46199999999999997
18 1 85.956428228 0.46199999999999997
18 2 85.91451537200001 0.4365
18 3 85.91451537200001 0.4365
18 4 83.81425902800001 0.3435
18 5 83.81425902800001 0.3435
18 6 81.98811158000001 0.2805
18 7 81.98811158000001 0.2805
18 8 77.552326652 0.4425
18 9 77.552326652 0.4425
18 10 76.48280762 0.4305
18 11 76.48280762 0.4305
18 12 67.896772466 0.38699999999999996
18 13 67.896772466 0.38699999999999996
18 14 71.85959594600001 0.444
18 15 71.85959594600001 0.444
18 16 76.48280762 0.4305
18 17 76.48280762 0.4305
18 18 79.24592408000001 0.021
18 19 79.24592408000001 0.021
18 20 73.09385497400001 0.2925
18 21 73.09385497400001 0.2925
18 22 71.85959594600001 0.444
18 23 71.85959594600001 0.444
18 24 67.69061402 0.441
18 25 67.69061402 0.441
18 26 68.913172616 0.4035
18 27 68.913172616 0.4035
18 28 71.85959594600001 0.444
18 29 71.85959594600001 0.444
18 30 73.09385497400001 0.2925
18 31 73.09385497400001 0.2925
19 0 81.563874512 0.2415
19 1 81.563874512 0.2415
19 2 82.172846678 0.252
19 3 82.172846678 0.252
19 4 80.311817624 0.1485
19 5 80.311817624 0.1485
19 6 79.45889405 0.0285
19 7 79.45889405 0.0285
19 8 75.033491216 0.17849999999999996
19 9 75.033491216 0.17849999999999996
19 10 73.189875488 0.2055
19 11 73.189875488 0.2055
19 12 65.109046622 0.2205
19 13 65.109046622 0.2205
19 14 68.713825676 0.219
19 15 68.713825676 0.219
19 16 73.189875488 0.2055
19 17 73.189875488 0.2055
19 18 76.79663207600001 0.159
19 19 76.79663207600001 0.159
19 20 71.638166498 0.213
19 21 71.638166498 0.213
19 22 68.713825676 0.219
19 23 68.713825676 0.219
19 24 65.111848142 0.219
19 25 65.111848142 0.219
19 26 65.84820679399999 0.18
19 27 65.84820679399999 0.18
19 28 68.713825676 0.219
19 29 68.713825676 0.219
19 30 71.638166498 0.213
19 31 71.638166498 0.213
20 0 76.99696777400001 0.0645
20 1 78.70435302199999 0.072
20 2 78.70435302199999 0.072
20 3 76.99696777400001 0.0645
20 4 77.64065673799999 0.0225
20 5 77.01207396800001 0.006
20 6 77.01207396800001 0.006
20 7 77.64065673799999 0.0225
20 8 72.733063964 0.0525
20 9 73.002943112 0.003
20 10 71.021778566 0.0345
20 11 70.22807128400001 0.0525
20 12 62.08484009 0.0705
20 13 62.506440428000005 0.045
20 14 66.505024418 0.0435
20 15 65.693244632 0.0735
20 16 71.021778566 0.0345
20 17 70.22807128400001 0.0525
20 18 74.446931156 0.0285
20 19 73.065675056 0.0705
20 20 70.22807128400001 0.0525
20 21 69.563398442 0.051
20 22 66.505024418 0.0435
20 23 65.693244632 0.0735
20 24 62.506440428000005 0.045
20 25 62.08484009 0.0705
20 26 63.201820064 0.0195
20 27 62.506440428000005 0.045
20 28 66.505024418 0.0435
20 29 65.693244632 0.0735
20 30 70.22807128400001 0.0525
20 31 69.563398442 0.051
21 0 74.14343384 0.0
21 1 76.970545646 0.0
21 2 76.970545646 0.0
21 3 74.14343384 0.0
21 4 75.84329345 0.0
21 5 75.119953622 0.0
21 6 75.119953622 0.0
21 7 75.84329345 0.0
21 8 70.97843750000001 0.0
21 9 71.224256588 0.0
21 10 70.106068112 0.0
21 11 69.103620608 0.0
21 12 59.81264771 0.0
21 13 60.689741216 0.0
21 14 65.608485116 0.0
21 15 63.750037838 0.0
21 16 70.106068112 0.0
21 17 69.103620608 0.0
21 18 72.930378416 0.0
21 19 70.99244506400001 0.0
21 20 69.103620608 0.0
21 21 68.67103393400001 0.0
21 22 65.608485116 0.0
21 23 63.750037838 0.0
21 24 60.689741216 0.0
21 25 59.81264771 0.0
21 26 61.492292474 0.0
21 27 60.689741216 0.0
21 28 65.608485116 0.0
21 29 63.750037838 0.0
21 30 69.103620608 0.0
21 31 68.67103393400001 0.0
22 0 72.457142342 0.0
22 1 75.92717408 0.0
22 2 75.92717408 0.0
22 3 72.457142342 0.0
22 4 73.980177008 0.0
22 5 73.606367192 0.0
22 6 73.606367192 0.0
22 7 73.980177008 0.0
22 8 69.537745364 0.0
22 9 69.21342896 0.0
22 10 68.955744632 0.0
22 11 68.189503172 0.0
22 12 58.241273198 0.0
22 13 59.427906494 0.0
22 14 64.31418579199999 0.0
22 15 61.91977051400001 0.0
22 16 68.955744632 0.0
22 17 68.189503172 0.0
22 18 71.67535521799999 0.0
22 19 69.58998536000001 0.0
22 20 68.189503172 0.0
22 21 67.89655274 0.0
22 22 64.31418579199999 0.0
22 23 61.91977051400001 0.0
22 24 59.427906494 0.0
22 25 58.241273198 0.0
22 26 60.047645270000004 0.0
22 27 59.427906494 0.0
22 28 64.31418579199999 0.0
22 29 61.91977051400001 0.0
22 30 68.189503172 0.0
22 31 67.89655274 0.0
23 0 71.095881344 0.0
23 1 74.878474118 0.0
23 2 74.878474118 0.0
23 3 71.095881344 0.0
23 4 72.182264396 0.0
23 5 72.238349606 0.0
23 6 72.238349606 0.0
23 7 72.182264396 0.0
23 8 68.362318112 0.0
23 9 67.00874756 0.0
23 10 67.439466554 0.0
23 11 67.42809570200001 0.0
23 12 56.695661618 0.0
23 13 58.363056644 0.0
23 14 62.659150394 0.0
23 15 60.426398930000005 0.0
23 16 67.439466554 0.0
23 17 67.42809570200001 0.0
23 18 70.39967774 0.0
23 19 68.27997558199999 0.0
23 20 67.42809570200001 0.0
23 21 67.039509272 0.0
23 22 62.659150394 0.0
23 23 60.426398930000005 0.0
23 24 58.363056644 0.0
23 25 56.695661618 0.0
23 26 58.677430424 0.0
23 27 58.363056644 0.0
23 28 62.659150394 0.0
23 29 60.426398930000005 0.0
23 30 67.42809570200001 0.0
23 31 67.039509272 0.0
