time period scenario temperature renewable energy
0 0 69.35850341599999 0.0
0 1 69.35850341599999 0.0
0 2 69.35850341599999 0.0
0 3 69.35850341599999 0.0
0 4 69.35850341599999 0.0
0 5 69.35850341599999 0.0
0 6 69.35850341599999 0.0
0 7 69.35850341599999 0.0
0 8 69.35850341599999 0.0
0 9 69.35850341599999 0.0
0 10 69.35850341599999 0.0
0 11 69.35850341599999 0.0
0 12 69.35850341599999 0.0
0 13 69.35850341599999 0.0
0 14 69.35850341599999 0.0
0 15 69.35850341599999 0.0
0 16 69.35850341599999 0.0
0 17 69.35850341599999 0.0
0 18 69.35850341599999 0.0
0 19 69.35850341599999 0.0
0 20 69.35850341599999 0.0
0 21 69.35850341599999 0.0
0 22 69.35850341599999 0.0
0 23 69.35850341599999 0.0
0 24 69.35850341599999 0.0
0 25 69.35850341599999 0.0
0 26 69.35850341599999 0.0
0 27 69.35850341599999 0.0
0 28 69.35850341599999 0.0
0 29 69.35850341599999 0.0
0 30 69.35850341599999 0.0
0 31 69.35850341599999 0.0
0 32 69.35850341599999 0.0
0 33 69.35850341599999 0.0
0 34 69.35850341599999 0.0
0 35 69.35850341599999 0.0
0 36 69.35850341599999 0.0
0 37 69.35850341599999 0.0
0 38 69.35850341599999 0.0
0 39 69.35850341599999 0.0
0 40 69.35850341599999 0.0
0 41 69.35850341599999 0.0
0 42 69.35850341599999 0.0
0 43 69.35850341599999 0.0
0 44 69.35850341599999 0.0
0 45 69.35850341599999 0.0
0 46 69.35850341599999 0.0
0 47 69.35850341599999 0.0
0 48 69.35850341599999 0.0
0 49 69.35850341599999 0.0
0 50 69.35850341599999 0.0
0 51 69.35850341599999 0.0
0 52 69.35850341599999 0.0
0 53 69.35850341599999 0.0
0 54 69.35850341599999 0.0
0 55 69.35850341599999 0.0
0 56 69.35850341599999 0.0
0 57 69.35850341599999 0.0
0 58 69.35850341599999 0.0
0 59 69.35850341599999 0.0
0 60 69.35850341599999 0.0
0 61 69.35850341599999 0.0
0 62 69.35850341599999 0.0
0 63 69.35850341599999 0.0
0 64 69.35850341599999 0.0
0 65 69.35850341599999 0.0
0 66 69.35850341599999 0.0
0 67 69.35850341599999 0.0
0 68 69.35850341599999 0.0
0 69 69.35850341599999 0.0
0 70 69.35850341599999 0.0
0 71 69.35850341599999 0.0
0 72 69.35850341599999 0.0
0 73 69.35850341599999 0.0
0 74 69.35850341599999 0.0
0 75 69.35850341599999 0.0
0 76 69.35850341599999 0.0
0 77 69.35850341599999 0.0
0 78 69.35850341599999 0.0
0 79 69.35850341599999 0.0
0 80 69.35850341599999 0.0
0 81 69.35850341599999 0.0
0 82 69.35850341599999 0.0
0 83 69.35850341599999 0.0
0 84 69.35850341599999 0.0
0 85 69.35850341599999 0.0
0 86 69.35850341599999 0.0
0 87 69.35850341599999 0.0
0 88 69.35850341599999 0.0
0 89 69.35850341599999 0.0
0 90 69.35850341599999 0.0
0 91 69.35850341599999 0.0
0 92 69.35850341599999 0.0
0 93 69.35850341599999 0.0
0 94 69.35850341599999 0.0
0 95 69.35850341599999 0.0
0 96 69.35850341599999 0.0
0 97 69.35850341599999 0.0
0 98 69.35850341599999 0.0
0 99 69.35850341599999 0.0
0 100 69.35850341599999 0.0
0 101 69.35850341599999 0.0
0 102 69.35850341599999 0.0
0 103 69.35850341599999 0.0
0 104 69.35850341599999 0.0
0 105 69.35850341599999 0.0
0 106 69.35850341599999 0.0
0 107 69.35850341599999 0.0
0 108 69.35850341599999 0.0
0 109 69.35850341599999 0.0
0 110 69.35850341599999 0.0
0 111 69.35850341599999 0.0
0 112 69.35850341599999 0.0
0 113 69.35850341599999 0.0
0 114 69.35850341599999 0.0
0 115 69.35850341599999 0.0
0 116 69.35850341599999 0.0
0 117 69.35850341599999 0.0
0 118 69.35850341599999 0.0
0 119 69.35850341599999 0.0
0 120 69.35850341599999 0.0
0 121 69.35850341599999 0.0
0 122 69.35850341599999 0.0
0 123 69.35850341599999 0.0
0 124 69.35850341599999 0.0
0 125 69.35850341599999 0.0
0 126 69.35850341599999 0.0
0 127 69.35850341599999 0.0
1 0 68.24311646000001 0.0
1 1 68.24311646000001 0.0
1 2 68.24311646000001 0.0
1 3 68.24311646000001 0.0
1 4 68.24311646000001 0.0
1 5 68.24311646000001 0.0
1 6 68.24311646000001 0.0
1 7 68.24311646000001 0.0
1 8 68.24311646000001 0.0
1 9 68.24311646000001 0.0
1 10 68.24311646000001 0.0
1 11 68.24311646000001 0.0
1 12 68.24311646000001 0.0
1 13 68.24311646000001 0.0
1 14 68.24311646000001 0.0
1 15 68.24311646000001 0.0
1 16 68.24311646000001 0.0
1 17 68.24311646000001 0.0
1 18 68.24311646000001 0.0
1 19 68.24311646000001 0.0
1 20 68.24311646000001 0.0
1 21 68.24311646000001 0.0
1 22 68.24311646000001 0.0
1 23 68.24311646000001 0.0
1 24 68.24311646000001 0.0
1 25 68.24311646000001 0.0
1 26 68.24311646000001 0.0
1 27 68.24311646000001 0.0
1 28 68.24311646000001 0.0
1 29 68.24311646000001 0.0
1 30 68.24311646000001 0.0
1 31 68.24311646000001 0.0
1 32 68.24311646000001 0.0
1 33 68.24311646000001 0.0
1 34 68.24311646000001 0.0
1 35 68.24311646000001 0.0
1 36 68.24311646000001 0.0
1 37 68.24311646000001 0.0
1 38 68.24311646000001 0.0
1 39 68.24311646000001 0.0
1 40 68.24311646000001 0.0
1 41 68.24311646000001 0.0
1 42 68.24311646000001 0.0
1 43 68.24311646000001 0.0
1 44 68.24311646000001 0.0
1 45 68.24311646000001 0.0
1 46 68.24311646000001 0.0
1 47 68.24311646000001 0.0
1 48 68.24311646000001 0.0
1 49 68.24311646000001 0.0
1 50 68.24311646000001 0.0
1 51 68.24311646000001 0.0
1 52 68.24311646000001 0.0
1 53 68.24311646000001 0.0
1 54 68.24311646000001 0.0
1 55 68.24311646000001 0.0
1 56 68.24311646000001 0.0
1 57 68.24311646000001 0.0
1 58 68.24311646000001 0.0
1 59 68.24311646000001 0.0
1 60 68.24311646000001 0.0
1 61 68.24311646000001 0.0
1 62 68.24311646000001 0.0
1 63 68.24311646000001 0.0
1 64 68.24311646000001 0.0
1 65 68.24311646000001 0.0
1 66 68.24311646000001 0.0
1 67 68.24311646000001 0.0
1 68 68.24311646000001 0.0
1 69 68.24311646000001 0.0
1 70 68.24311646000001 0.0
1 71 68.24311646000001 0.0
1 72 68.24311646000001 0.0
1 73 68.24311646000001 0.0
1 74 68.24311646000001 0.0
1 75 68.24311646000001 0.0
1 76 68.24311646000001 0.0
1 77 68.24311646000001 0.0
1 78 68.24311646000001 0.0
1 79 68.24311646000001 0.0
1 80 68.24311646000001 0.0
1 81 68.24311646000001 0.0
1 82 68.24311646000001 0.0
1 83 68.24311646000001 0.0
1 84 68.24311646000001 0.0
1 85 68.24311646000001 0.0
1 86 68.24311646000001 0.0
1 87 68.24311646000001 0.0
1 88 68.24311646000001 0.0
1 89 68.24311646000001 0.0
1 90 68.24311646000001 0.0
1 91 68.24311646000001 0.0
1 92 68.24311646000001 0.0
1 93 68.24311646000001 0.0
1 94 68.24311646000001 0.0
1 95 68.24311646000001 0.0
1 96 68.24311646000001 0.0
1 97 68.24311646000001 0.0
1 98 68.24311646000001 0.0
1 99 68.24311646000001 0.0
1 100 68.24311646000001 0.0
1 101 68.24311646000001 0.0
1 102 68.24311646000001 0.0
1 103 68.24311646000001 0.0
1 104 68.24311646000001 0.0
1 105 68.24311646000001 0.0
1 106 68.24311646000001 0.0
1 107 68.24311646000001 0.0
1 108 68.24311646000001 0.0
1 109 68.24311646000001 0.0
1 110 68.24311646000001 0.0
1 111 68.24311646000001 0.0
1 112 68.24311646000001 0.0
1 113 68.24311646000001 0.0
1 114 68.24311646000001 0.0
1 115 68.24311646000001 0.0
1 116 68.24311646000001 0.0
1 117 68.24311646000001 0.0
1 118 68.24311646000001 0.0
1 119 68.24311646000001 0.0
1 120 68.24311646000001 0.0
1 121 68.24311646000001 0.0
1 122 68.24311646000001 0.0
1 123 68.24311646000001 0.0
1 124 68.24311646000001 0.0
1 125 68.24311646000001 0.0
1 126 68.24311646000001 0.0
1 127 68.24311646000001 0.0
2 0 67.154810792 0.0
2 1 67.154810792 0.0
2 2 67.154810792 0.0
2 3 67.154810792 0.0
2 4 67.154810792 0.0
2 5 67.154810792 0.0
2 6 67.154810792 0.0
2 7 67.154810792 0.0
2 8 67.154810792 0.0
2 9 67.154810792 0.0
2 10 67.154810792 0.0
2 11 67.154810792 0.0
2 12 67.154810792 0.0
2 13 67.154810792 0.0
2 14 67.154810792 0.0
2 15 67.154810792 0.0
2 16 67.154810792 0.0
2 17 67.154810792 0.0
2 18 67.154810792 0.0
2 19 67.154810792 0.0
2 20 67.154810792 0.0
2 21 67.154810792 0.0
2 22 67.154810792 0.0
2 23 67.154810792 0.0
2 24 67.154810792 0.0
2 25 67.154810792 0.0
2 26 67.154810792 0.0
2 27 67.154810792 0.0
2 28 67.154810792 0.0
2 29 67.154810792 0.0
2 30 67.154810792 0.0
2 31 67.154810792 0.0
2 32 67.154810792 0.0
2 33 67.154810792 0.0
2 34 67.154810792 0.0
2 35 67.154810792 0.0
2 36 67.154810792 0.0
2 37 67.154810792 0.0
2 38 67.154810792 0.0
2 39 67.154810792 0.0
2 40 67.154810792 0.0
2 41 67.154810792 0.0
2 42 67.154810792 0.0
2 43 67.154810792 0.0
2 44 67.154810792 0.0
2 45 67.154810792 0.0
2 46 67.154810792 0.0
2 47 67.154810792 0.0
2 48 67.154810792 0.0
2 49 67.154810792 0.0
2 50 67.154810792 0.0
2 51 67.154810792 0.0
2 52 67.154810792 0.0
2 53 67.154810792 0.0
2 54 67.154810792 0.0
2 55 67.154810792 0.0
2 56 67.154810792 0.0
2 57 67.154810792 0.0
2 58 67.154810792 0.0
2 59 67.154810792 0.0
2 60 67.154810792 0.0
2 61 67.154810792 0.0
2 62 67.154810792 0.0
2 63 67.154810792 0.0
2 64 67.154810792 0.0
2 65 67.154810792 0.0
2 66 67.154810792 0.0
2 67 67.154810792 0.0
2 68 67.154810792 0.0
2 69 67.154810792 0.0
2 70 67.154810792 0.0
2 71 67.154810792 0.0
2 72 67.154810792 0.0
2 73 67.154810792 0.0
2 74 67.154810792 0.0
2 75 67.154810792 0.0
2 76 67.154810792 0.0
2 77 67.154810792 0.0
2 78 67.154810792 0.0
2 79 67.154810792 0.0
2 80 67.154810792 0.0
2 81 67.154810792 0.0
2 82 67.154810792 0.0
2 83 67.154810792 0.0
2 84 67.154810792 0.0
2 85 67.154810792 0.0
2 86 67.154810792 0.0
2 87 67.154810792 0.0
2 88 67.154810792 0.0
2 89 67.154810792 0.0
2 90 67.154810792 0.0
2 91 67.154810792 0.0
2 92 67.154810792 0.0
2 93 67.154810792 0.0
2 94 67.154810792 0.0
2 95 67.154810792 0.0
2 96 67.154810792 0.0
2 97 67.154810792 0.0
2 98 67.154810792 0.0
2 99 67.154810792 0.0
2 100 67.154810792 0.0
2 101 67.154810792 0.0
2 102 67.154810792 0.0
2 103 67.154810792 0.0
2 104 67.154810792 0.0
2 105 67.154810792 0.0
2 106 67.154810792 0.0
2 107 67.154810792 0.0
2 108 67.154810792 0.0
2 109 67.154810792 0.0
2 110 67.154810792 0.0
2 111 67.154810792 0.0
2 112 67.154810792 0.0
2 113 67.154810792 0.0
2 114 67.154810792 0.0
2 115 67.154810792 0.0
2 116 67.154810792 0.0
2 117 67.154810792 0.0
2 118 67.154810792 0.0
2 119 67.154810792 0.0
2 120 67.154810792 0.0
2 121 67.154810792 0.0
2 122 67.154810792 0.0
2 123 67.154810792 0.0
2 124 67.154810792 0.0
2 125 67.154810792 0.0
2 126 67.154810792 0.0
2 127 67.154810792 0.0
3 0 65.948951408 0.0
3 1 65.948951408 0.0
3 2 65.948951408 0.0
3 3 65.948951408 0.0
3 4 65.948951408 0.0
3 5 65.948951408 0.0
3 6 65.948951408 0.0
3 7 65.948951408 0.0
3 8 65.948951408 0.0
3 9 65.948951408 0.0
3 10 65.948951408 0.0
3 11 65.948951408 0.0
3 12 65.948951408 0.0
3 13 65.948951408 0.0
3 14 65.948951408 0.0
3 15 65.948951408 0.0
3 16 65.948951408 0.0
3 17 65.948951408 0.0
3 18 65.948951408 0.0
3 19 65.948951408 0.0
3 20 65.948951408 0.0
3 21 65.948951408 0.0
3 22 65.948951408 0.0
3 23 65.948951408 0.0
3 24 65.948951408 0.0
3 25 65.948951408 0.0
3 26 65.948951408 0.0
3 27 65.948951408 0.0
3 28 65.948951408 0.0
3 29 65.948951408 0.0
3 30 65.948951408 0.0
3 31 65.948951408 0.0
3 32 65.948951408 0.0
3 33 65.948951408 0.0
3 34 65.948951408 0.0
3 35 65.948951408 0.0
3 36 65.948951408 0.0
3 37 65.948951408 0.0
3 38 65.948951408 0.0
3 39 65.948951408 0.0
3 40 65.948951408 0.0
3 41 65.948951408 0.0
3 42 65.948951408 0.0
3 43 65.948951408 0.0
3 44 65.948951408 0.0
3 45 65.948951408 0.0
3 46 65.948951408 0.0
3 47 65.948951408 0.0
3 48 65.948951408 0.0
3 49 65.948951408 0.0
3 50 65.948951408 0.0
3 51 65.948951408 0.0
3 52 65.948951408 0.0
3 53 65.948951408 0.0
3 54 65.948951408 0.0
3 55 65.948951408 0.0
3 56 65.948951408 0.0
3 57 65.948951408 0.0
3 58 65.948951408 0.0
3 59 65.948951408 0.0
3 60 65.948951408 0.0
3 61 65.948951408 0.0
3 62 65.948951408 0.0
3 63 65.948951408 0.0
3 64 64.724964602 0.0
3 65 64.724964602 0.0
3 66 64.724964602 0.0
3 67 64.724964602 0.0
3 68 64.724964602 0.0
3 69 64.724964602 0.0
3 70 64.724964602 0.0
3 71 64.724964602 0.0
3 72 64.724964602 0.0
3 73 64.724964602 0.0
3 74 64.724964602 0.0
3 75 64.724964602 0.0
3 76 64.724964602 0.0
3 77 64.724964602 0.0
3 78 64.724964602 0.0
3 79 64.724964602 0.0
3 80 64.724964602 0.0
3 81 64.724964602 0.0
3 82 64.724964602 0.0
3 83 64.724964602 0.0
3 84 64.724964602 0.0
3 85 64.724964602 0.0
3 86 64.724964602 0.0
3 87 64.724964602 0.0
3 88 64.724964602 0.0
3 89 64.724964602 0.0
3 90 64.724964602 0.0
3 91 64.724964602 0.0
3 92 64.724964602 0.0
3 93 64.724964602 0.0
3 94 64.724964602 0.0
3 95 64.724964602 0.0
3 96 64.724964602 0.0
3 97 64.724964602 0.0
3 98 64.724964602 0.0
3 99 64.724964602 0.0
3 100 64.724964602 0.0
3 101 64.724964602 0.0
3 102 64.724964602 0.0
3 103 64.724964602 0.0
3 104 64.724964602 0.0
3 105 64.724964602 0.0
3 106 64.724964602 0.0
3 107 64.724964602 0.0
3 108 64.724964602 0.0
3 109 64.724964602 0.0
3 110 64.724964602 0.0
3 111 64.724964602 0.0
3 112 64.724964602 0.0
3 113 64.724964602 0.0
3 114 64.724964602 0.0
3 115 64.724964602 0.0
3 116 64.724964602 0.0
3 117 64.724964602 0.0
3 118 64.724964602 0.0
3 119 64.724964602 0.0
3 120 64.724964602 0.0
3 121 64.724964602 0.0
3 122 64.724964602 0.0
3 123 64.724964602 0.0
3 124 64.724964602 0.0
3 125 64.724964602 0.0
3 126 64.724964602 0.0
3 127 64.724964602 0.0
4 0 65.64787109599999 0.0
4 1 65.64787109599999 0.0
4 2 65.64787109599999 0.0
4 3 65.64787109599999 0.0
4 4 65.64787109599999 0.0
4 5 65.64787109599999 0.0
4 6 65.64787109599999 0.0
4 7 65.64787109599999 0.0
4 8 65.64787109599999 0.0
4 9 65.64787109599999 0.0
4 10 65.64787109599999 0.0
4 11 65.64787109599999 0.0
4 12 65.64787109599999 0.0
4 13 65.64787109599999 0.0
4 14 65.64787109599999 0.0
4 15 65.64787109599999 0.0
4 16 65.64787109599999 0.0
4 17 65.64787109599999 0.0
4 18 65.64787109599999 0.0
4 19 65.64787109599999 0.0
4 20 65.64787109599999 0.0
4 21 65.64787109599999 0.0
4 22 65.64787109599999 0.0
4 23 65.64787109599999 0.0
4 24 65.64787109599999 0.0
4 25 65.64787109599999 0.0
4 26 65.64787109599999 0.0
4 27 65.64787109599999 0.0
4 28 65.64787109599999 0.0
4 29 65.64787109599999 0.0
4 30 65.64787109599999 0.0
4 31 65.64787109599999 0.0
4 32 65.64787109599999 0.0
4 33 65.64787109599999 0.0
4 34 65.64787109599999 0.0
4 35 65.64787109599999 0.0
4 36 65.64787109599999 0.0
4 37 65.64787109599999 0.0
4 38 65.64787109599999 0.0
4 39 65.64787109599999 0.0
4 40 65.64787109599999 0.0
4 41 65.64787109599999 0.0
4 42 65.64787109599999 0.0
4 43 65.64787109599999 0.0
4 44 65.64787109599999 0.0
4 45 65.64787109599999 0.0
4 46 65.64787109599999 0.0
4 47 65.64787109599999 0.0
4 48 65.64787109599999 0.0
4 49 65.64787109599999 0.0
4 50 65.64787109599999 0.0
4 51 65.64787109599999 0.0
4 52 65.64787109599999 0.0
4 53 65.64787109599999 0.0
4 54 65.64787109599999 0.0
4 55 65.64787109599999 0.0
4 56 65.64787109599999 0.0
4 57 65.64787109599999 0.0
4 58 65.64787109599999 0.0
4 59 65.64787109599999 0.0
4 60 65.64787109599999 0.0
4 61 65.64787109599999 0.0
4 62 65.64787109599999 0.0
4 63 65.64787109599999 0.0
4 64 63.291688232 0.0
4 65 63.291688232 0.0
4 66 63.291688232 0.0
4 67 63.291688232 0.0
4 68 63.291688232 0.0
4 69 63.291688232 0.0
4 70 63.291688232 0.0
4 71 63.291688232 0.0
4 72 63.291688232 0.0
4 73 63.291688232 0.0
4 74 63.291688232 0.0
4 75 63.291688232 0.0
4 76 63.291688232 0.0
4 77 63.291688232 0.0
4 78 63.291688232 0.0
4 79 63.291688232 0.0
4 80 63.291688232 0.0
4 81 63.291688232 0.0
4 82 63.291688232 0.0
4 83 63.291688232 0.0
4 84 63.291688232 0.0
4 85 63.291688232 0.0
4 86 63.291688232 0.0
4 87 63.291688232 0.0
4 88 63.291688232 0.0
4 89 63.291688232 0.0
4 90 63.291688232 0.0
4 91 63.291688232 0.0
4 92 63.291688232 0.0
4 93 63.291688232 0.0
4 94 63.291688232 0.0
4 95 63.291688232 0.0
4 96 63.291688232 0.0
4 97 63.291688232 0.0
4 98 63.291688232 0.0
4 99 63.291688232 0.0
4 100 63.291688232 0.0
4 101 63.291688232 0.0
4 102 63.291688232 0.0
4 103 63.291688232 0.0
4 104 63.291688232 0.0
4 105 63.291688232 0.0
4 106 63.291688232 0.0
4 107 63.291688232 0.0
4 108 63.291688232 0.0
4 109 63.291688232 0.0
4 110 63.291688232 0.0
4 111 63.291688232 0.0
4 112 63.291688232 0.0
4 113 63.291688232 0.0
4 114 63.291688232 0.0
4 115 63.291688232 0.0
4 116 63.291688232 0.0
4 117 63.291688232 0.0
4 118 63.291688232 0.0
4 119 63.291688232 0.0
4 120 63.291688232 0.0
4 121 63.291688232 0.0
4 122 63.291688232 0.0
4 123 63.291688232 0.0
4 124 63.291688232 0.0
4 125 63.291688232 0.0
4 126 63.291688232 0.0
4 127 63.291688232 0.0
5 0 67.52483033 0.0795
5 1 67.52483033 0.0795
5 2 67.52483033 0.0795
5 3 67.52483033 0.0795
5 4 67.52483033 0.0795
5 5 67.52483033 0.0795
5 6 67.52483033 0.0795
5 7 67.52483033 0.0795
5 8 67.52483033 0.0795
5 9 67.52483033 0.0795
5 10 67.52483033 0.0795
5 11 67.52483033 0.0795
5 12 67.52483033 0.0795
5 13 67.52483033 0.0795
5 14 67.52483033 0.0795
5 15 67.52483033 0.0795
5 16 67.52483033 0.0795
5 17 67.52483033 0.0795
5 18 67.52483033 0.0795
5 19 67.52483033 0.0795
5 20 67.52483033 0.0795
5 21 67.52483033 0.0795
5 22 67.52483033 0.0795
5 23 67.52483033 0.0795
5 24 67.52483033 0.0795
5 25 67.52483033 0.0795
5 26 67.52483033 0.0795
5 27 67.52483033 0.0795
5 28 67.52483033 0.0795
5 29 67.52483033 0.0795
5 30 67.52483033 0.0795
5 31 67.52483033 0.0795
5 32 67.52483033 0.0795
5 33 67.52483033 0.0795
5 34 67.52483033 0.0795
5 35 67.52483033 0.0795
5 36 67.52483033 0.0795
5 37 67.52483033 0.0795
5 38 67.52483033 0.0795
5 39 67.52483033 0.0795
5 40 67.52483033 0.0795
5 41 67.52483033 0.0795
5 42 67.52483033 0.0795
5 43 67.52483033 0.0795
5 44 67.52483033 0.0795
5 45 67.52483033 0.0795
5 46 67.52483033 0.0795
5 47 67.52483033 0.0795
5 48 67.52483033 0.0795
5 49 67.52483033 0.0795
5 50 67.52483033 0.0795
5 51 67.52483033 0.0795
5 52 67.52483033 0.0795
5 53 67.52483033 0.0795
5 54 67.52483033 0.0795
5 55 67.52483033 0.0795
5 56 67.52483033 0.0795
5 57 67.52483033 0.0795
5 58 67.52483033 0.0795
5 59 67.52483033 0.0795
5 60 67.52483033 0.0795
5 61 67.52483033 0.0795
5 62 67.52483033 0.0795
5 63 67.52483033 0.0795
5 64 63.140351558 0.026999999999999996
5 65 63.140351558 0.026999999999999996
5 66 63.140351558 0.026999999999999996
5 67 63.140351558 0.026999999999999996
5 68 63.140351558 0.026999999999999996
5 69 63.140351558 0.026999999999999996
5 70 63.140351558 0.026999999999999996
5 71 63.140351558 0.026999999999999996
5 72 63.140351558 0.026999999999999996
5 73 63.140351558 0.026999999999999996
5 74 63.140351558 0.026999999999999996
5 75 63.140351558 0.026999999999999996
5 76 63.140351558 0.026999999999999996
5 77 63.140351558 0.026999999999999996
5 78 63.140351558 0.026999999999999996
5 79 63.140351558 0.026999999999999996
5 80 63.140351558 0.026999999999999996
5 81 63.140351558 0.026999999999999996
5 82 63.140351558 0.026999999999999996
5 83 63.140351558 0.026999999999999996
5 84 63.140351558 0.026999999999999996
5 85 63.140351558 0.026999999999999996
5 86 63.140351558 0.026999999999999996
5 87 63.140351558 0.026999999999999996
5 88 63.140351558 0.026999999999999996
5 89 63.140351558 0.026999999999999996
5 90 63.140351558 0.026999999999999996
5 91 63.140351558 0.026999999999999996
5 92 63.140351558 0.026999999999999996
5 93 63.140351558 0.026999999999999996
5 94 63.140351558 0.026999999999999996
5 95 63.140351558 0.026999999999999996
5 96 63.140351558 0.026999999999999996
5 97 63.140351558 0.026999999999999996
5 98 63.140351558 0.026999999999999996
5 99 63.140351558 0.026999999999999996
5 100 63.140351558 0.026999999999999996
5 101 63.140351558 0.026999999999999996
5 102 63.140351558 0.026999999999999996
5 103 63.140351558 0.026999999999999996
5 104 63.140351558 0.026999999999999996
5 105 63.140351558 0.026999999999999996
5 106 63.140351558 0.026999999999999996
5 107 63.140351558 0.026999999999999996
5 108 63.140351558 0.026999999999999996
5 109 63.140351558 0.026999999999999996
5 110 63.140351558 0.026999999999999996
5 111 63.140351558 0.026999999999999996
5 112 63.140351558 0.026999999999999996
5 113 63.140351558 0.026999999999999996
5 114 63.140351558 0.026999999999999996
5 115 63.140351558 0.026999999999999996
5 116 63.140351558 0.026999999999999996
5 117 63.140351558 0.026999999999999996
5 118 63.140351558 0.026999999999999996
5 119 63.140351558 0.026999999999999996
5 120 63.140351558 0.026999999999999996
5 121 63.140351558 0.026999999999999996
5 122 63.140351558 0.026999999999999996
5 123 63.140351558 0.026999999999999996
5 124 63.140351558 0.026999999999999996
5 125 63.140351558 0.026999999999999996
5 126 63.140351558 0.026999999999999996
5 127 63.140351558 0.026999999999999996
6 0 71.234913326 0.264
6 1 71.234913326 0.264
6 2 71.234913326 0.264
6 3 71.234913326 0.264
6 4 71.234913326 0.264
6 5 71.234913326 0.264
6 6 71.234913326 0.264
6 7 71.234913326 0.264
6 8 71.234913326 0.264
6 9 71.234913326 0.264
6 10 71.234913326 0.264
6 11 71.234913326 0.264
6 12 71.234913326 0.264
6 13 71.234913326 0.264
6 14 71.234913326 0.264
6 15 71.234913326 0.264
6 16 71.234913326 0.264
6 17 71.234913326 0.264
6 18 71.234913326 0.264
6 19 71.234913326 0.264
6 20 71.234913326 0.264
6 21 71.234913326 0.264
6 22 71.234913326 0.264
6 23 71.234913326 0.264
6 24 71.234913326 0.264
6 25 71.234913326 0.264
6 26 71.234913326 0.264
6 27 71.234913326 0.264
6 28 71.234913326 0.264
6 29 71.234913326 0.264
6 30 71.234913326 0.264
6 31 71.234913326 0.264
6 32 69.869093018 0.1125
6 33 69.869093018 0.1125
6 34 69.869093018 0.1125
6 35 69.869093018 0.1125
6 36 69.869093018 0.1125
6 37 69.869093018 0.1125
6 38 69.869093018 0.1125
6 39 69.869093018 0.1125
6 40 69.869093018 0.1125
6 41 69.869093018 0.1125
6 42 69.869093018 0.1125
6 43 69.869093018 0.1125
6 44 69.869093018 0.1125
6 45 69.869093018 0.1125
6 46 69.869093018 0.1125
6 47 69.869093018 0.1125
6 48 69.869093018 0.1125
6 49 69.869093018 0.1125
6 50 69.869093018 0.1125
6 51 69.869093018 0.1125
6 52 69.869093018 0.1125
6 53 69.869093018 0.1125
6 54 69.869093018 0.1125
6 55 69.869093018 0.1125
6 56 69.869093018 0.1125
6 57 69.869093018 0.1125
6 58 69.869093018 0.1125
6 59 69.869093018 0.1125
6 60 69.869093018 0.1125
6 61 69.869093018 0.1125
6 62 69.869093018 0.1125
6 63 69.869093018 0.1125
6 64 64.165650638 0.1665
6 65 64.165650638 0.1665
6 66 64.165650638 0.1665
6 67 64.165650638 0.1665
6 68 64.165650638 0.1665
6 69 64.165650638 0.1665
6 70 64.165650638 0.1665
6 71 64.165650638 0.1665
6 72 64.165650638 0.1665
6 73 64.165650638 0.1665
6 74 64.165650638 0.1665
6 75 64.165650638 0.1665
6 76 64.165650638 0.1665
6 77 64.165650638 0.1665
6 78 64.165650638 0.1665
6 79 64.165650638 0.1665
6 80 64.165650638 0.1665
6 81 64.165650638 0.1665
6 82 64.165650638 0.1665
6 83 64.165650638 0.1665
6 84 64.165650638 0.1665
6 85 64.165650638 0.1665
6 86 64.165650638 0.1665
6 87 64.165650638 0.1665
6 88 64.165650638 0.1665
6 89 64.165650638 0.1665
6 90 64.165650638 0.1665
6 91 64.165650638 0.1665
6 92 64.165650638 0.1665
6 93 64.165650638 0.1665
6 94 64.165650638 0.1665
6 95 64.165650638 0.1665
6 96 65.729334722 0.1545
6 97 65.729334722 0.1545
6 98 65.729334722 0.1545
6 99 65.729334722 0.1545
6 100 65.729334722 0.1545
6 101 65.729334722 0.1545
6 102 65.729334722 0.1545
6 103 65.729334722 0.1545
6 104 65.729334722 0.1545
6 105 65.729334722 0.1545
6 106 65.729334722 0.1545
6 107 65.729334722 0.1545
6 108 65.729334722 0.1545
6 109 65.729334722 0.1545
6 110 65.729334722 0.1545
6 111 65.729334722 0.1545
6 112 65.729334722 0.1545
6 113 65.729334722 0.1545
6 114 65.729334722 0.1545
6 115 65.729334722 0.1545
6 116 65.729334722 0.1545
6 117 65.729334722 0.1545
6 118 65.729334722 0.1545
6 119 65.729334722 0.1545
6 120 65.729334722 0.1545
6 121 65.729334722 0.1545
6 122 65.729334722 0.1545
6 123 65.729334722 0.1545
6 124 65.729334722 0.1545
6 125 65.729334722 0.1545
6 126 65.729334722 0.1545
6 127 65.729334722 0.1545
7 0 76.792622072 0.4905
7 1 76.792622072 0.4905
7 2 76.792622072 0.4905
7 3 76.792622072 0.4905
7 4 76.792622072 0.4905
7 5 76.792622072 0.4905
7 6 76.792622072 0.4905
7 7 76.792622072 0.4905
7 8 76.792622072 0.4905
7 9 76.792622072 0.4905
7 10 76.792622072 0.4905
7 11 76.792622072 0.4905
7 12 76.792622072 0.4905
7 13 76.792622072 0.4905
7 14 76.792622072 0.4905
7 15 76.792622072 0.4905
7 16 76.792622072 0.4905
7 17 76.792622072 0.4905
7 18 76.792622072 0.4905
7 19 76.792622072 0.4905
7 20 76.792622072 0.4905
7 21 76.792622072 0.4905
7 22 76.792622072 0.4905
7 23 76.792622072 0.4905
7 24 76.792622072 0.4905
7 25 76.792622072 0.4905
7 26 76.792622072 0.4905
7 27 76.792622072 0.4905
7 28 76.792622072 0.4905
7 29 76.792622072 0.4905
7 30 76.792622072 0.4905
7 31 76.792622072 0.4905
7 32 74.34585692600001 0.228
7 33 74.34585692600001 0.228
7 34 74.34585692600001 0.228
7 35 74.34585692600001 0.228
7 36 74.34585692600001 0.228
7 37 74.34585692600001 0.228
7 38 74.34585692600001 0.228
7 39 74.34585692600001 0.228
7 40 74.34585692600001 0.228
7 41 74.34585692600001 0.228
7 42 74.34585692600001 0.228
7 43 74.34585692600001 0.228
7 44 74.34585692600001 0.228
7 45 74.34585692600001 0.228
7 46 74.34585692600001 0.228
7 47 74.34585692600001 0.228
7 48 74.34585692600001 0.228
7 49 74.34585692600001 0.228
7 50 74.34585692600001 0.228
7 51 74.34585692600001 0.228
7 52 74.34585692600001 0.228
7 53 74.34585692600001 0.228
7 54 74.34585692600001 0.228
7 55 74.34585692600001 0.228
7 56 74.34585692600001 0.228
7 57 74.34585692600001 0.228
7 58 74.34585692600001 0.228
7 59 74.34585692600001 0.228
7 60 74.34585692600001 0.228
7 61 74.34585692600001 0.228
7 62 74.34585692600001 0.228
7 63 74.34585692600001 0.228
7 64 66.437403566 0.37949999999999995
7 65 66.437403566 0.37949999999999995
7 66 66.437403566 0.37949999999999995
7 67 66.437403566 0.37949999999999995
7 68 66.437403566 0.37949999999999995
7 69 66.437403566 0.37949999999999995
7 70 66.437403566 0.37949999999999995
7 71 66.437403566 0.37949999999999995
7 72 66.437403566 0.37949999999999995
7 73 66.437403566 0.37949999999999995
7 74 66.437403566 0.37949999999999995
7 75 66.437403566 0.37949999999999995
7 76 66.437403566 0.37949999999999995
7 77 66.437403566 0.37949999999999995
7 78 66.437403566 0.37949999999999995
7 79 66.437403566 0.37949999999999995
7 80 66.437403566 0.37949999999999995
7 81 66.437403566 0.37949999999999995
7 82 66.437403566 0.37949999999999995
7 83 66.437403566 0.37949999999999995
7 84 66.437403566 0.37949999999999995
7 85 66.437403566 0.37949999999999995
7 86 66.437403566 0.37949999999999995
7 87 66.437403566 0.37949999999999995
7 88 66.437403566 0.37949999999999995
7 89 66.437403566 0.37949999999999995
7 90 66.437403566 0.37949999999999995
7 91 66.437403566 0.37949999999999995
7 92 66.437403566 0.37949999999999995
7 93 66.437403566 0.37949999999999995
7 94 66.437403566 0.37949999999999995
7 95 66.437403566 0.37949999999999995
7 96 69.817292474 0.411
7 97 69.817292474 0.411
7 98 69.817292474 0.411
7 99 69.817292474 0.411
7 100 69.817292474 0.411
7 101 69.817292474 0.411
7 102 69.817292474 0.411
7 103 69.817292474 0.411
7 104 69.817292474 0.411
7 105 69.817292474 0.411
7 106 69.817292474 0.411
7 107 69.817292474 0.411
7 108 69.817292474 0.411
7 109 69.817292474 0.411
7 110 69.817292474 0.411
7 111 69.817292474 0.411
7 112 69.817292474 0.411
7 113 69.817292474 0.411
7 114 69.817292474 0.411
7 115 69.817292474 0.411
7 116 69.817292474 0.411
7 117 69.817292474 0.411
7 118 69.817292474 0.411
7 119 69.817292474 0.411
7 120 69.817292474 0.411
7 121 69.817292474 0.411
7 122 69.817292474 0.411
7 123 69.817292474 0.411
7 124 69.817292474 0.411
7 125 69.817292474 0.411
7 126 69.817292474 0.411
7 127 69.817292474 0.411
8 0 82.349946284 0.7245
8 1 82.349946284 0.7245
8 2 82.349946284 0.7245
8 3 82.349946284 0.7245
8 4 82.349946284 0.7245
8 5 82.349946284 0.7245
8 6 82.349946284 0.7245
8 7 82.349946284 0.7245
8 8 82.349946284 0.7245
8 9 82.349946284 0.7245
8 10 82.349946284 0.7245
8 11 82.349946284 0.7245
8 12 82.349946284 0.7245
8 13 82.349946284 0.7245
8 14 82.349946284 0.7245
8 15 82.349946284 0.7245
8 16 82.349946284 0.7245
8 17 82.349946284 0.7245
8 18 82.349946284 0.7245
8 19 82.349946284 0.7245
8 20 82.349946284 0.7245
8 21 82.349946284 0.7245
8 22 82.349946284 0.7245
8 23 82.349946284 0.7245
8 24 82.349946284 0.7245
8 25 82.349946284 0.7245
8 26 82.349946284 0.7245
8 27 82.349946284 0.7245
8 28 82.349946284 0.7245
8 29 82.349946284 0.7245
8 30 82.349946284 0.7245
8 31 82.349946284 0.7245
8 32 78.655189208 0.3825
8 33 78.655189208 0.3825
8 34 78.655189208 0.3825
8 35 78.655189208 0.3825
8 36 78.655189208 0.3825
8 37 78.655189208 0.3825
8 38 78.655189208 0.3825
8 39 78.655189208 0.3825
8 40 78.655189208 0.3825
8 41 78.655189208 0.3825
8 42 78.655189208 0.3825
8 43 78.655189208 0.3825
8 44 78.655189208 0.3825
8 45 78.655189208 0.3825
8 46 78.655189208 0.3825
8 47 78.655189208 0.3825
8 48 78.655189208 0.3825
8 49 78.655189208 0.3825
8 50 78.655189208 0.3825
8 51 78.655189208 0.3825
8 52 78.655189208 0.3825
8 53 78.655189208 0.3825
8 54 78.655189208 0.3825
8 55 78.655189208 0.3825
8 56 78.655189208 0.3825
8 57 78.655189208 0.3825
8 58 78.655189208 0.3825
8 59 78.655189208 0.3825
8 60 78.655189208 0.3825
8 61 78.655189208 0.3825
8 62 78.655189208 0.3825
8 63 78.655189208 0.3825
8 64 69.431782226 0.4815
8 65 69.431782226 0.4815
8 66 69.431782226 0.4815
8 67 69.431782226 0.4815
8 68 69.431782226 0.4815
8 69 69.431782226 0.4815
8 70 69.431782226 0.4815
8 71 69.431782226 0.4815
8 72 69.431782226 0.4815
8 73 69.431782226 0.4815
8 74 69.431782226 0.4815
8 75 69.431782226 0.4815
8 76 69.431782226 0.4815
8 77 69.431782226 0.4815
8 78 69.431782226 0.4815
8 79 69.431782226 0.4815
8 80 69.431782226 0.4815
8 81 69.431782226 0.4815
8 82 69.431782226 0.4815
8 83 69.431782226 0.4815
8 84 69.431782226 0.4815
8 85 69.431782226 0.4815
8 86 69.431782226 0.4815
8 87 69.431782226 0.4815
8 88 69.431782226 0.4815
8 89 69.431782226 0.4815
8 90 69.431782226 0.4815
8 91 69.431782226 0.4815
8 92 69.431782226 0.4815
8 93 69.431782226 0.4815
8 94 69.431782226 0.4815
8 95 69.431782226 0.4815
8 96 74.402711186 0.636
8 97 74.402711186 0.636
8 98 74.402711186 0.636
8 99 74.402711186 0.636
8 100 74.402711186 0.636
8 101 74.402711186 0.636
8 102 74.402711186 0.636
8 103 74.402711186 0.636
8 104 74.402711186 0.636
8 105 74.402711186 0.636
8 106 74.402711186 0.636
8 107 74.402711186 0.636
8 108 74.402711186 0.636
8 109 74.402711186 0.636
8 110 74.402711186 0.636
8 111 74.402711186 0.636
8 112 74.402711186 0.636
8 113 74.402711186 0.636
8 114 74.402711186 0.636
8 115 74.402711186 0.636
8 116 74.402711186 0.636
8 117 74.402711186 0.636
8 118 74.402711186 0.636
8 119 74.402711186 0.636
8 120 74.402711186 0.636
8 121 74.402711186 0.636
8 122 74.402711186 0.636
8 123 74.402711186 0.636
8 124 74.402711186 0.636
8 125 74.402711186 0.636
8 126 74.402711186 0.636
8 127 74.402711186 0.636
9 0 85.987684328 0.855
9 1 85.987684328 0.855
9 2 85.987684328 0.855
9 3 85.987684328 0.855
9 4 85.987684328 0.855
9 5 85.987684328 0.855
9 6 85.987684328 0.855
9 7 85.987684328 0.855
9 8 85.987684328 0.855
9 9 85.987684328 0.855
9 10 85.987684328 0.855
9 11 85.987684328 0.855
9 12 85.987684328 0.855
9 13 85.987684328 0.855
9 14 85.987684328 0.855
9 15 85.987684328 0.855
9 16 88.142158202 0.8939999999999999
9 17 88.142158202 0.8939999999999999
9 18 88.142158202 0.8939999999999999
9 19 88.142158202 0.8939999999999999
9 20 88.142158202 0.8939999999999999
9 21 88.142158202 0.8939999999999999
9 22 88.142158202 0.8939999999999999
9 23 88.142158202 0.8939999999999999
9 24 88.142158202 0.8939999999999999
9 25 88.142158202 0.8939999999999999
9 26 88.142158202 0.8939999999999999
9 27 88.142158202 0.8939999999999999
9 28 88.142158202 0.8939999999999999
9 29 88.142158202 0.8939999999999999
9 30 88.142158202 0.8939999999999999
9 31 88.142158202 0.8939999999999999
9 32 81.442091066 0.3165
9 33 81.442091066 0.3165
9 34 81.442091066 0.3165
9 35 81.442091066 0.3165
9 36 81.442091066 0.3165
9 37 81.442091066 0.3165
9 38 81.442091066 0.3165
9 39 81.442091066 0.3165
9 40 81.442091066 0.3165
9 41 81.442091066 0.3165
9 42 81.442091066 0.3165
9 43 81.442091066 0.3165
9 44 81.442091066 0.3165
9 45 81.442091066 0.3165
9 46 81.442091066 0.3165
9 47 81.442091066 0.3165
9 48 79.25894286799999 0.43199999999999994
9 49 79.25894286799999 0.43199999999999994
9 50 79.25894286799999 0.43199999999999994
9 51 79.25894286799999 0.43199999999999994
9 52 79.25894286799999 0.43199999999999994
9 53 79.25894286799999 0.43199999999999994
9 54 79.25894286799999 0.43199999999999994
9 55 79.25894286799999 0.43199999999999994
9 56 79.25894286799999 0.43199999999999994
9 57 79.25894286799999 0.43199999999999994
9 58 79.25894286799999 0.43199999999999994
9 59 79.25894286799999 0.43199999999999994
9 60 79.25894286799999 0.43199999999999994
9 61 79.25894286799999 0.43199999999999994
9 62 79.25894286799999 0.43199999999999994
9 63 79.25894286799999 0.43199999999999994
9 64 71.837073968 0.7064999999999999
9 65 71.837073968 0.7064999999999999
9 66 71.837073968 0.7064999999999999
9 67 71.837073968 0.7064999999999999
9 68 71.837073968 0.7064999999999999
9 69 71.837073968 0.7064999999999999
9 70 71.837073968 0.7064999999999999
9 71 71.837073968 0.7064999999999999
9 72 71.837073968 0.7064999999999999
9 73 71.837073968 0.7064999999999999
9 74 71.837073968 0.7064999999999999
9 75 71.837073968 0.7064999999999999
9 76 71.837073968 0.7064999999999999
9 77 71.837073968 0.7064999999999999
9 78 71.837073968 0.7064999999999999
9 79 71.837073968 0.7064999999999999
9 80 73.37982911 0.8685
9 81 73.37982911 0.8685
9 82 73.37982911 0.8685
9 83 73.37982911 0.8685
9 84 73.37982911 0.8685
9 85 73.37982911 0.8685
9 86 73.37982911 0.8685
9 87 73.37982911 0.8685
9 88 73.37982911 0.8685
9 89 73.37982911 0.8685
9 90 73.37982911 0.8685
9 91 73.37982911 0.8685
9 92 73.37982911 0.8685
9 93 73.37982911 0.8685
9 94 73.37982911 0.8685
9 95 73.37982911 0.8685
9 96 78.17717408 0.8489999999999999
9 97 78.17717408 0.8489999999999999
9 98 78.17717408 0.8489999999999999
9 99 78.17717408 0.8489999999999999
9 100 78.17717408 0.8489999999999999
9 101 78.17717408 0.8489999999999999
9 102 78.17717408 0.8489999999999999
9 103 78.17717408 0.8489999999999999
9 104 78.17717408 0.8489999999999999
9 105 78.17717408 0.8489999999999999
9 106 78.17717408 0.8489999999999999
9 107 78.17717408 0.8489999999999999
9 108 78.17717408 0.8489999999999999
9 109 78.17717408 0.8489999999999999
9 110 78.17717408 0.8489999999999999
9 111 78.17717408 0.8489999999999999
9 112 76.585419914 0.726
9 113 76.585419914 0.726
9 114 76.585419914 0.726
9 115 76.585419914 0.726
9 116 76.585419914 0.726
9 117 76.585419914 0.726
9 118 76.585419914 0.726
9 119 76.585419914 0.726
9 120 76.585419914 0.726
9 121 76.585419914 0.726
9 122 76.585419914 0.726
9 123 76.585419914 0.726
9 124 76.585419914 0.726
9 125 76.585419914 0.726
9 126 76.585419914 0.726
9 127 76.585419914 0.726
10 0 88.527943112 1.002
10 1 88.527943112 1.002
10 2 88.527943112 1.002
10 3 88.527943112 1.002
10 4 88.527943112 1.002
10 5 88.527943112 1.002
10 6 88.527943112 1.002
10 7 88.527943112 1.002
10 8 88.527943112 1.002
10 9 88.527943112 1.002
10 10 88.527943112 1.002
10 11 88.527943112 1.002
10 12 88.527943112 1.002
10 13 88.527943112 1.002
10 14 88.527943112 1.002
10 15 88.527943112 1.002
10 16 90.1206311 1.0725
10 17 90.1206311 1.0725
10 18 90.1206311 1.0725
10 19 90.1206311 1.0725
10 20 90.1206311 1.0725
10 21 90.1206311 1.0725
10 22 90.1206311 1.0725
10 23 90.1206311 1.0725
10 24 90.1206311 1.0725
10 25 90.1206311 1.0725
10 26 90.1206311 1.0725
10 27 90.1206311 1.0725
10 28 90.1206311 1.0725
10 29 90.1206311 1.0725
10 30 90.1206311 1.0725
10 31 90.1206311 1.0725
10 32 83.317237556 0.678
10 33 83.317237556 0.678
10 34 83.317237556 0.678
10 35 83.317237556 0.678
10 36 83.317237556 0.678
10 37 83.317237556 0.678
10 38 83.317237556 0.678
10 39 83.317237556 0.678
10 40 83.317237556 0.678
10 41 83.317237556 0.678
10 42 83.317237556 0.678
10 43 83.317237556 0.678
10 44 83.317237556 0.678
10 45 83.317237556 0.678
10 46 83.317237556 0.678
10 47 83.317237556 0.678
10 48 76.74439209799999 0.2835
10 49 76.74439209799999 0.2835
10 50 76.74439209799999 0.2835
10 51 76.74439209799999 0.2835
10 52 76.74439209799999 0.2835
10 53 76.74439209799999 0.2835
10 54 76.74439209799999 0.2835
10 55 76.74439209799999 0.2835
10 56 76.74439209799999 0.2835
10 57 76.74439209799999 0.2835
10 58 76.74439209799999 0.2835
10 59 76.74439209799999 0.2835
10 60 76.74439209799999 0.2835
10 61 76.74439209799999 0.2835
10 62 76.74439209799999 0.2835
10 63 76.74439209799999 0.2835
10 64 73.129615484 0.9839999999999999
10 65 73.129615484 0.9839999999999999
10 66 73.129615484 0.9839999999999999
10 67 73.129615484 0.9839999999999999
10 68 73.129615484 0.9839999999999999
10 69 73.129615484 0.9839999999999999
10 70 73.129615484 0.9839999999999999
10 71 73.129615484 0.9839999999999999
10 72 73.129615484 0.9839999999999999
10 73 73.129615484 0.9839999999999999
10 74 73.129615484 0.9839999999999999
10 75 73.129615484 0.9839999999999999
10 76 73.129615484 0.9839999999999999
10 77 73.129615484 0.9839999999999999
10 78 73.129615484 0.9839999999999999
10 79 73.129615484 0.9839999999999999
10 80 76.120039058 1.05
10 81 76.120039058 1.05
10 82 76.120039058 1.05
10 83 76.120039058 1.05
10 84 76.120039058 1.05
10 85 76.120039058 1.05
10 86 76.120039058 1.05
10 87 76.120039058 1.05
10 88 76.120039058 1.05
10 89 76.120039058 1.05
10 90 76.120039058 1.05
10 91 76.120039058 1.05
10 92 76.120039058 1.05
10 93 76.120039058 1.05
10 94 76.120039058 1.05
10 95 76.120039058 1.05
10 96 81.16281860000001 1.0275
10 97 81.16281860000001 1.0275
10 98 81.16281860000001 1.0275
10 99 81.16281860000001 1.0275
10 100 81.16281860000001 1.0275
10 101 81.16281860000001 1.0275
10 102 81.16281860000001 1.0275
10 103 81.16281860000001 1.0275
10 104 81.16281860000001 1.0275
10 105 81.16281860000001 1.0275
10 106 81.16281860000001 1.0275
10 107 81.16281860000001 1.0275
10 108 81.16281860000001 1.0275
10 109 81.16281860000001 1.0275
10 110 81.16281860000001 1.0275
10 111 81.16281860000001 1.0275
10 112 78.01919067200001 1.0139999999999998
10 113 78.01919067200001 1.0139999999999998
10 114 78.01919067200001 1.0139999999999998
10 115 78.01919067200001 1.0139999999999998
10 116 78.01919067200001 1.0139999999999998
10 117 78.01919067200001 1.0139999999999998
10 118 78.01919067200001 1.0139999999999998
10 119 78.01919067200001 1.0139999999999998
10 120 78.01919067200001 1.0139999999999998
10 121 78.01919067200001 1.0139999999999998
10 122 78.01919067200001 1.0139999999999998
10 123 78.01919067200001 1.0139999999999998
10 124 78.01919067200001 1.0139999999999998
10 125 78.01919067200001 1.0139999999999998
10 126 78.01919067200001 1.0139999999999998
10 127 78.01919067200001 1.0139999999999998
11 0 90.40578125 1.122
11 1 90.40578125 1.122
11 2 90.40578125 1.122
11 3 90.40578125 1.122
11 4 90.40578125 1.122
11 5 90.40578125 1.122
11 6 90.40578125 1.122
11 7 90.40578125 1.122
11 8 90.40578125 1.122
11 9 90.40578125 1.122
11 10 90.40578125 1.122
11 11 90.40578125 1.122
11 12 90.40578125 1.122
11 13 90.40578125 1.122
11 14 90.40578125 1.122
11 15 90.40578125 1.122
11 16 90.63226439600001 1.2015
11 17 90.63226439600001 1.2015
11 18 90.63226439600001 1.2015
11 19 90.63226439600001 1.2015
11 20 90.63226439600001 1.2015
11 21 90.63226439600001 1.2015
11 22 90.63226439600001 1.2015
11 23 90.63226439600001 1.2015
11 24 90.63226439600001 1.2015
11 25 90.63226439600001 1.2015
11 26 90.63226439600001 1.2015
11 27 90.63226439600001 1.2015
11 28 90.63226439600001 1.2015
11 29 90.63226439600001 1.2015
11 30 90.63226439600001 1.2015
11 31 90.63226439600001 1.2015
11 32 84.80989502599999 1.176
11 33 84.80989502599999 1.176
11 34 84.80989502599999 1.176
11 35 84.80989502599999 1.176
11 36 84.80989502599999 1.176
11 37 84.80989502599999 1.176
11 38 84.80989502599999 1.176
11 39 84.80989502599999 1.176
11 40 84.80989502599999 1.176
11 41 84.80989502599999 1.176
11 42 84.80989502599999 1.176
11 43 84.80989502599999 1.176
11 44 84.80989502599999 1.176
11 45 84.80989502599999 1.176
11 46 84.80989502599999 1.176
11 47 84.80989502599999 1.176
11 48 72.64907348 0.525
11 49 72.64907348 0.525
11 50 72.64907348 0.525
11 51 72.64907348 0.525
11 52 72.64907348 0.525
11 53 72.64907348 0.525
11 54 72.64907348 0.525
11 55 72.64907348 0.525
11 56 72.64907348 0.525
11 57 72.64907348 0.525
11 58 72.64907348 0.525
11 59 72.64907348 0.525
11 60 72.64907348 0.525
11 61 72.64907348 0.525
11 62 72.64907348 0.525
11 63 72.64907348 0.525
11 64 74.059718018 0.993
11 65 74.059718018 0.993
11 66 74.059718018 0.993
11 67 74.059718018 0.993
11 68 74.059718018 0.993
11 69 74.059718018 0.993
11 70 74.059718018 0.993
11 71 74.059718018 0.993
11 72 74.059718018 0.993
11 73 74.059718018 0.993
11 74 74.059718018 0.993
11 75 74.059718018 0.993
11 76 74.059718018 0.993
11 77 74.059718018 0.993
11 78 74.059718018 0.993
11 79 74.059718018 0.993
11 80 78.759119876 1.182
11 81 78.759119876 1.182
11 82 78.759119876 1.182
11 83 78.759119876 1.182
11 84 78.759119876 1.182
11 85 78.759119876 1.182
11 86 78.759119876 1.182
11 87 78.759119876 1.182
11 88 78.759119876 1.182
11 89 78.759119876 1.182
11 90 78.759119876 1.182
11 91 78.759119876 1.182
11 92 78.759119876 1.182
11 93 78.759119876 1.182
11 94 78.759119876 1.182
11 95 78.759119876 1.182
11 96 82.856525882 1.047
11 97 82.856525882 1.047
11 98 82.856525882 1.047
11 99 82.856525882 1.047
11 100 82.856525882 1.047
11 101 82.856525882 1.047
11 102 82.856525882 1.047
11 103 82.856525882 1.047
11 104 82.856525882 1.047
11 105 82.856525882 1.047
11 106 82.856525882 1.047
11 107 82.856525882 1.047
11 108 82.856525882 1.047
11 109 82.856525882 1.047
11 110 82.856525882 1.047
11 111 82.856525882 1.047
11 112 79.073933108 0.9389999999999998
11 113 79.073933108 0.9389999999999998
11 114 79.073933108 0.9389999999999998
11 115 79.073933108 0.9389999999999998
11 116 79.073933108 0.9389999999999998
11 117 79.073933108 0.9389999999999998
11 118 79.073933108 0.9389999999999998
11 119 79.073933108 0.9389999999999998
11 120 79.073933108 0.9389999999999998
11 121 79.073933108 0.9389999999999998
11 122 79.073933108 0.9389999999999998
11 123 79.073933108 0.9389999999999998
11 124 79.073933108 0.9389999999999998
11 125 79.073933108 0.9389999999999998
11 126 79.073933108 0.9389999999999998
11 127 79.073933108 0.9389999999999998
12 0 91.75836304399999 1.206
12 1 91.75836304399999 1.206
12 2 91.75836304399999 1.206
12 3 91.75836304399999 1.206
12 4 91.75836304399999 1.206
12 5 91.75836304399999 1.206
12 6 91.75836304399999 1.206
12 7 91.75836304399999 1.206
12 8 90.40078247 1.269
12 9 90.40078247 1.269
12 10 90.40078247 1.269
12 11 90.40078247 1.269
12 12 90.40078247 1.269
12 13 90.40078247 1.269
12 14 90.40078247 1.269
12 15 90.40078247 1.269
12 16 90.40078247 1.269
12 17 90.40078247 1.269
12 18 90.40078247 1.269
12 19 90.40078247 1.269
12 20 90.40078247 1.269
12 21 90.40078247 1.269
12 22 90.40078247 1.269
12 23 90.40078247 1.269
12 24 91.75836304399999 1.206
12 25 91.75836304399999 1.206
12 26 91.75836304399999 1.206
12 27 91.75836304399999 1.206
12 28 91.75836304399999 1.206
12 29 91.75836304399999 1.206
12 30 91.75836304399999 1.206
12 31 91.75836304399999 1.206
12 32 85.91912963600001 1.2465
12 33 85.91912963600001 1.2465
12 34 85.91912963600001 1.2465
12 35 85.91912963600001 1.2465
12 36 85.91912963600001 1.2465
12 37 85.91912963600001 1.2465
12 38 85.91912963600001 1.2465
12 39 85.91912963600001 1.2465
12 40 85.683088382 1.3079999999999998
12 41 85.683088382 1.3079999999999998
12 42 85.683088382 1.3079999999999998
12 43 85.683088382 1.3079999999999998
12 44 85.683088382 1.3079999999999998
12 45 85.683088382 1.3079999999999998
12 46 85.683088382 1.3079999999999998
12 47 85.683088382 1.3079999999999998
12 48 69.731818844 0.6645
12 49 69.731818844 0.6645
12 50 69.731818844 0.6645
12 51 69.731818844 0.6645
12 52 69.731818844 0.6645
12 53 69.731818844 0.6645
12 54 69.731818844 0.6645
12 55 69.731818844 0.6645
12 56 72.67884643400001 1.002
12 57 72.67884643400001 1.002
12 58 72.67884643400001 1.002
12 59 72.67884643400001 1.002
12 60 72.67884643400001 1.002
12 61 72.67884643400001 1.002
12 62 72.67884643400001 1.002
12 63 72.67884643400001 1.002
12 64 75.093311768 0.963
12 65 75.093311768 0.963
12 66 75.093311768 0.963
12 67 75.093311768 0.963
12 68 75.093311768 0.963
12 69 75.093311768 0.963
12 70 75.093311768 0.963
12 71 75.093311768 0.963
12 72 76.18875854 1.341
12 73 76.18875854 1.341
12 74 76.18875854 1.341
12 75 76.18875854 1.341
12 76 76.18875854 1.341
12 77 76.18875854 1.341
12 78 76.18875854 1.341
12 79 76.18875854 1.341
12 80 80.92996338200001 1.251
12 81 80.92996338200001 1.251
12 82 80.92996338200001 1.251
12 83 80.92996338200001 1.251
12 84 80.92996338200001 1.251
12 85 80.92996338200001 1.251
12 86 80.92996338200001 1.251
12 87 80.92996338200001 1.251
12 88 79.92350585599999 1.191
12 89 79.92350585599999 1.191
12 90 79.92350585599999 1.191
12 91 79.92350585599999 1.191
12 92 79.92350585599999 1.191
12 93 79.92350585599999 1.191
12 94 79.92350585599999 1.191
12 95 79.92350585599999 1.191
12 96 83.143653566 1.2285
12 97 83.143653566 1.2285
12 98 83.143653566 1.2285
12 99 83.143653566 1.2285
12 100 83.143653566 1.2285
12 101 83.143653566 1.2285
12 102 83.143653566 1.2285
12 103 83.143653566 1.2285
12 104 84.62329223 1.0395
12 105 84.62329223 1.0395
12 106 84.62329223 1.0395
12 107 84.62329223 1.0395
12 108 84.62329223 1.0395
12 109 84.62329223 1.0395
12 110 84.62329223 1.0395
12 111 84.62329223 1.0395
12 112 79.92350585599999 1.191
12 113 79.92350585599999 1.191
12 114 79.92350585599999 1.191
12 115 79.92350585599999 1.191
12 116 79.92350585599999 1.191
12 117 79.92350585599999 1.191
12 118 79.92350585599999 1.191
12 119 79.92350585599999 1.191
12 120 80.06803100600001 1.314
12 121 80.06803100600001 1.314
12 122 80.06803100600001 1.314
12 123 80.06803100600001 1.314
12 124 80.06803100600001 1.314
12 125 80.06803100600001 1.314
12 126 80.06803100600001 1.314
12 127 80.06803100600001 1.314
13 0 92.632545158 1.1535
13 1 92.632545158 1.1535
13 2 92.632545158 1.1535
13 3 92.632545158 1.1535
13 4 92.632545158 1.1535
13 5 92.632545158 1.1535
13 6 92.632545158 1.1535
13 7 92.632545158 1.1535
13 8 89.805103754 1.2705
13 9 89.805103754 1.2705
13 10 89.805103754 1.2705
13 11 89.805103754 1.2705
13 12 89.805103754 1.2705
13 13 89.805103754 1.2705
13 14 89.805103754 1.2705
13 15 89.805103754 1.2705
13 16 89.805103754 1.2705
13 17 89.805103754 1.2705
13 18 89.805103754 1.2705
13 19 89.805103754 1.2705
13 20 89.805103754 1.2705
13 21 89.805103754 1.2705
13 22 89.805103754 1.2705
13 23 89.805103754 1.2705
13 24 92.632545158 1.1535
13 25 92.632545158 1.1535
13 26 92.632545158 1.1535
13 27 92.632545158 1.1535
13 28 92.632545158 1.1535
13 29 92.632545158 1.1535
13 30 92.632545158 1.1535
13 31 92.632545158 1.1535
13 32 86.474103998 1.2495
13 33 86.474103998 1.2495
13 34 86.474103998 1.2495
13 35 86.474103998 1.2495
13 36 86.474103998 1.2495
13 37 86.474103998 1.2495
13 38 86.474103998 1.2495
13 39 86.474103998 1.2495
13 40 86.79419067200001 1.3125
13 41 86.79419067200001 1.3125
13 42 86.79419067200001 1.3125
13 43 86.79419067200001 1.3125
13 44 86.79419067200001 1.3125
13 45 86.79419067200001 1.3125
13 46 86.79419067200001 1.3125
13 47 86.79419067200001 1.3125
13 48 68.417359628 1.0995
13 49 68.417359628 1.0995
13 50 68.417359628 1.0995
13 51 68.417359628 1.0995
13 52 68.417359628 1.0995
13 53 68.417359628 1.0995
13 54 68.417359628 1.0995
13 55 68.417359628 1.0995
13 56 72.837434084 0.8264999999999999
13 57 72.837434084 0.8264999999999999
13 58 72.837434084 0.8264999999999999
13 59 72.837434084 0.8264999999999999
13 60 72.837434084 0.8264999999999999
13 61 72.837434084 0.8264999999999999
13 62 72.837434084 0.8264999999999999
13 63 72.837434084 0.8264999999999999
13 64 75.747108146 1.1115
13 65 75.747108146 1.1115
13 66 75.747108146 1.1115
13 67 75.747108146 1.1115
13 68 75.747108146 1.1115
13 69 75.747108146 1.1115
13 70 75.747108146 1.1115
13 71 75.747108146 1.1115
13 72 77.44070557399999 1.341
13 73 77.44070557399999 1.341
13 74 77.44070557399999 1.341
13 75 77.44070557399999 1.341
13 76 77.44070557399999 1.341
13 77 77.44070557399999 1.341
13 78 77.44070557399999 1.341
13 79 77.44070557399999 1.341
13 80 82.49381225600001 0.828
13 81 82.49381225600001 0.828
13 82 82.49381225600001 0.828
13 83 82.49381225600001 0.828
13 84 82.49381225600001 0.828
13 85 82.49381225600001 0.828
13 86 82.49381225600001 0.828
13 87 82.49381225600001 0.828
13 88 80.713093262 0.645
13 89 80.713093262 0.645
13 90 80.713093262 0.645
13 91 80.713093262 0.645
13 92 80.713093262 0.645
13 93 80.713093262 0.645
13 94 80.713093262 0.645
13 95 80.713093262 0.645
13 96 83.22467774 1.2315
13 97 83.22467774 1.2315
13 98 83.22467774 1.2315
13 99 83.22467774 1.2315
13 100 83.22467774 1.2315
13 101 83.22467774 1.2315
13 102 83.22467774 1.2315
13 103 83.22467774 1.2315
13 104 85.180573724 1.017
13 105 85.180573724 1.017
13 106 85.180573724 1.017
13 107 85.180573724 1.017
13 108 85.180573724 1.017
13 109 85.180573724 1.017
13 110 85.180573724 1.017
13 111 85.180573724 1.017
13 112 80.713093262 0.645
13 113 80.713093262 0.645
13 114 80.713093262 0.645
13 115 80.713093262 0.645
13 116 80.713093262 0.645
13 117 80.713093262 0.645
13 118 80.713093262 0.645
13 119 80.713093262 0.645
13 120 80.27951783 0.8955
13 121 80.27951783 0.8955
13 122 80.27951783 0.8955
13 123 80.27951783 0.8955
13 124 80.27951783 0.8955
13 125 80.27951783 0.8955
13 126 80.27951783 0.8955
13 127 80.27951783 0.8955
14 0 92.752076408 1.1085
14 1 92.752076408 1.1085
14 2 92.752076408 1.1085
14 3 92.752076408 1.1085
14 4 92.752076408 1.1085
14 5 92.752076408 1.1085
14 6 92.752076408 1.1085
14 7 92.752076408 1.1085
14 8 89.04781616 1.203
14 9 89.04781616 1.203
14 10 89.04781616 1.203
14 11 89.04781616 1.203
14 12 89.04781616 1.203
14 13 89.04781616 1.203
14 14 89.04781616 1.203
14 15 89.04781616 1.203
14 16 89.04781616 1.203
14 17 89.04781616 1.203
14 18 89.04781616 1.203
14 19 89.04781616 1.203
14 20 89.04781616 1.203
14 21 89.04781616 1.203
14 22 89.04781616 1.203
14 23 89.04781616 1.203
14 24 92.752076408 1.1085
14 25 92.752076408 1.1085
14 26 92.752076408 1.1085
14 27 92.752076408 1.1085
14 28 92.752076408 1.1085
14 29 92.752076408 1.1085
14 30 92.752076408 1.1085
14 31 92.752076408 1.1085
14 32 86.34655273999999 1.1835
14 33 86.34655273999999 1.1835
14 34 86.34655273999999 1.1835
14 35 86.34655273999999 1.1835
14 36 86.34655273999999 1.1835
14 37 86.34655273999999 1.1835
14 38 86.34655273999999 1.1835
14 39 86.34655273999999 1.1835
14 40 87.1784375 1.2495
14 41 87.1784375 1.2495
14 42 87.1784375 1.2495
14 43 87.1784375 1.2495
14 44 87.1784375 1.2495
14 45 87.1784375 1.2495
14 46 87.1784375 1.2495
14 47 87.1784375 1.2495
14 48 68.749805912 0.192
14 49 68.749805912 0.192
14 50 68.749805912 0.192
14 51 68.749805912 0.192
14 52 68.749805912 0.192
14 53 68.749805912 0.192
14 54 68.749805912 0.192
14 55 68.749805912 0.192
14 56 72.67884643400001 0.1545
14 57 72.67884643400001 0.1545
14 58 72.67884643400001 0.1545
14 59 72.67884643400001 0.1545
14 60 72.67884643400001 0.1545
14 61 72.67884643400001 0.1545
14 62 72.67884643400001 0.1545
14 63 72.67884643400001 0.1545
14 64 75.78638427199999 0.87
14 65 75.78638427199999 0.87
14 66 75.78638427199999 0.87
14 67 75.78638427199999 0.87
14 68 75.78638427199999 0.87
14 69 75.78638427199999 0.87
14 70 75.78638427199999 0.87
14 71 75.78638427199999 0.87
14 72 77.87922485 1.272
14 73 77.87922485 1.272
14 74 77.87922485 1.272
14 75 77.87922485 1.272
14 76 77.87922485 1.272
14 77 77.87922485 1.272
14 78 77.87922485 1.272
14 79 77.87922485 1.272
14 80 83.537293694 0.34199999999999997
14 81 83.537293694 0.34199999999999997
14 82 83.537293694 0.34199999999999997
14 83 83.537293694 0.34199999999999997
14 84 83.537293694 0.34199999999999997
14 85 83.537293694 0.34199999999999997
14 86 83.537293694 0.34199999999999997
14 87 83.537293694 0.34199999999999997
14 88 81.374635004 1.1955
14 89 81.374635004 1.1955
14 90 81.374635004 1.1955
14 91 81.374635004 1.1955
14 92 81.374635004 1.1955
14 93 81.374635004 1.1955
14 94 81.374635004 1.1955
14 95 81.374635004 1.1955
14 96 83.37140015 1.0455
14 97 83.37140015 1.0455
14 98 83.37140015 1.0455
14 99 83.37140015 1.0455
14 100 83.37140015 1.0455
14 101 83.37140015 1.0455
14 102 83.37140015 1.0455
14 103 83.37140015 1.0455
14 104 85.363551032 0.951
14 105 85.363551032 0.951
14 106 85.363551032 0.951
14 107 85.363551032 0.951
14 108 85.363551032 0.951
14 109 85.363551032 0.951
14 110 85.363551032 0.951
14 111 85.363551032 0.951
14 112 81.374635004 1.1955
14 113 81.374635004 1.1955
14 114 81.374635004 1.1955
14 115 81.374635004 1.1955
14 116 81.374635004 1.1955
14 117 81.374635004 1.1955
14 118 81.374635004 1.1955
14 119 81.374635004 1.1955
14 120 79.03147094600001 1.0905
14 121 79.03147094600001 1.0905
14 122 79.03147094600001 1.0905
14 123 79.03147094600001 1.0905
14 124 79.03147094600001 1.0905
14 125 79.03147094600001 1.0905
14 126 79.03147094600001 1.0905
14 127 79.03147094600001 1.0905
15 0 91.932276614 0.9255
15 1 91.932276614 0.9255
15 2 91.932276614 0.9255
15 3 91.932276614 0.9255
15 4 92.52471435800001 1.0845
15 5 92.52471435800001 1.0845
15 6 92.52471435800001 1.0845
15 7 92.52471435800001 1.0845
15 8 87.81701783 0.9764999999999999
15 9 87.81701783 0.9764999999999999
15 10 87.81701783 0.9764999999999999
15 11 87.81701783 0.9764999999999999
15 12 89.219587406 0.9389999999999998
15 13 89.219587406 0.9389999999999998
15 14 89.219587406 0.9389999999999998
15 15 89.219587406 0.9389999999999998
15 16 87.81701783 0.9764999999999999
15 17 87.81701783 0.9764999999999999
15 18 87.81701783 0.9764999999999999
15 19 87.81701783 0.9764999999999999
15 20 89.219587406 0.9389999999999998
15 21 89.219587406 0.9389999999999998
15 22 89.219587406 0.9389999999999998
15 23 89.219587406 0.9389999999999998
15 24 91.932276614 0.9255
15 25 91.932276614 0.9255
15 26 91.932276614 0.9255
15 27 91.932276614 0.9255
15 28 92.52471435800001 1.0845
15 29 92.52471435800001 1.0845
15 30 92.52471435800001 1.0845
15 31 92.52471435800001 1.0845
15 32 85.50390137 1.053
15 33 85.50390137 1.053
15 34 85.50390137 1.053
15 35 85.50390137 1.053
15 36 86.78238036799999 1.122
15 37 86.78238036799999 1.122
15 38 86.78238036799999 1.122
15 39 86.78238036799999 1.122
15 40 86.78238036799999 1.122
15 41 86.78238036799999 1.122
15 42 86.78238036799999 1.122
15 43 86.78238036799999 1.122
15 44 85.50390137 1.053
15 45 85.50390137 1.053
15 46 85.50390137 1.053
15 47 85.50390137 1.053
15 48 70.40039185399999 1.0905
15 49 70.40039185399999 1.0905
15 50 70.40039185399999 1.0905
15 51 70.40039185399999 1.0905
15 52 67.768726802 0.858
15 53 67.768726802 0.858
15 54 67.768726802 0.858
15 55 67.768726802 0.858
15 56 71.74770018800001 0.4605
15 57 71.74770018800001 0.4605
15 58 71.74770018800001 0.4605
15 59 71.74770018800001 0.4605
15 60 72.870338138 1.0455
15 61 72.870338138 1.0455
15 62 72.870338138 1.0455
15 63 72.870338138 1.0455
15 64 75.38208740600001 0.501
15 65 75.38208740600001 0.501
15 66 75.38208740600001 0.501
15 67 75.38208740600001 0.501
15 68 75.342921134 0.7889999999999999
15 69 75.342921134 0.7889999999999999
15 70 75.342921134 0.7889999999999999
15 71 75.342921134 0.7889999999999999
15 72 77.442792962 1.14
15 73 77.442792962 1.14
15 74 77.442792962 1.14
15 75 77.442792962 1.14
15 76 77.04827393 0.768
15 77 77.04827393 0.768
15 78 77.04827393 0.768
15 79 77.04827393 0.768
15 80 83.95378539800001 0.8835
15 81 83.95378539800001 0.8835
15 82 83.95378539800001 0.8835
15 83 83.95378539800001 0.8835
15 84 83.06208008600001 0.927
15 85 83.06208008600001 0.927
15 86 83.06208008600001 0.927
15 87 83.06208008600001 0.927
15 88 81.484663082 1.0695
15 89 81.484663082 1.0695
15 90 81.484663082 1.0695
15 91 81.484663082 1.0695
15 92 80.304621584 1.0305
15 93 80.304621584 1.0305
15 94 80.304621584 1.0305
15 95 80.304621584 1.0305
15 96 83.06208008600001 0.927
15 97 83.06208008600001 0.927
15 98 83.06208008600001 0.927
15 99 83.06208008600001 0.927
15 100 83.95378539800001 0.8835
15 101 83.95378539800001 0.8835
15 102 83.95378539800001 0.8835
15 103 83.95378539800001 0.8835
15 104 84.769904786 0.8805
15 105 84.769904786 0.8805
15 106 84.769904786 0.8805
15 107 84.769904786 0.8805
15 108 85.50390137 1.053
15 109 85.50390137 1.053
15 110 85.50390137 1.053
15 111 85.50390137 1.053
15 112 81.484663082 1.0695
15 113 81.484663082 1.0695
15 114 81.484663082 1.0695
15 115 81.484663082 1.0695
15 116 80.304621584 1.0305
15 117 80.304621584 1.0305
15 118 80.304621584 1.0305
15 119 80.304621584 1.0305
15 120 76.462482902 0.7514999999999998
15 121 76.462482902 0.7514999999999998
15 122 76.462482902 0.7514999999999998
15 123 76.462482902 0.7514999999999998
15 124 78.680897222 1.131
15 125 78.680897222 1.131
15 126 78.680897222 1.131
15 127 78.680897222 1.131
16 0 90.474940184 0.8385
16 1 90.474940184 0.8385
16 2 90.474940184 0.8385
16 3 90.474940184 0.8385
16 4 91.181745608 0.9045
16 5 91.181745608 0.9045
16 6 91.181745608 0.9045
16 7 91.181745608 0.9045
16 8 86.11633423399999 0.6914999999999999
16 9 86.11633423399999 0.6914999999999999
16 10 86.11633423399999 0.6914999999999999
16 11 86.11633423399999 0.6914999999999999
16 12 88.21499756 0.7725
16 13 88.21499756 0.7725
16 14 88.21499756 0.7725
16 15 88.21499756 0.7725
16 16 86.11633423399999 0.6914999999999999
16 17 86.11633423399999 0.6914999999999999
16 18 86.11633423399999 0.6914999999999999
16 19 86.11633423399999 0.6914999999999999
16 20 88.21499756 0.7725
16 21 88.21499756 0.7725
16 22 88.21499756 0.7725
16 23 88.21499756 0.7725
16 24 90.474940184 0.8385
16 25 90.474940184 0.8385
16 26 90.474940184 0.8385
16 27 90.474940184 0.8385
16 28 91.181745608 0.9045
16 29 91.181745608 0.9045
16 30 91.181745608 0.9045
16 31 91.181745608 0.9045
16 32 84.04436768 0.8714999999999999
16 33 84.04436768 0.8714999999999999
16 34 84.04436768 0.8714999999999999
16 35 84.04436768 0.8714999999999999
16 36 85.67968262 0.9405
16 37 85.67968262 0.9405
16 38 85.67968262 0.9405
16 39 85.67968262 0.9405
16 40 85.67968262 0.9405
16 41 85.67968262 0.9405
16 42 85.67968262 0.9405
16 43 85.67968262 0.9405
16 44 84.04436768 0.8714999999999999
16 45 84.04436768 0.8714999999999999
16 46 84.04436768 0.8714999999999999
16 47 84.04436768 0.8714999999999999
16 48 71.35603759400001 0.921
16 49 71.35603759400001 0.921
16 50 71.35603759400001 0.921
16 51 71.35603759400001 0.921
16 52 66.445368656 0.72
16 53 66.445368656 0.72
16 54 66.445368656 0.72
16 55 66.445368656 0.72
16 56 70.162592774 0.5295
16 57 70.162592774 0.5295
16 58 70.162592774 0.5295
16 59 70.162592774 0.5295
16 60 72.26944091600001 0.861
16 61 72.26944091600001 0.861
16 62 72.26944091600001 0.861
16 63 72.26944091600001 0.861
16 64 74.797559816 0.4005
16 65 74.797559816 0.4005
16 66 74.797559816 0.4005
16 67 74.797559816 0.4005
16 68 74.62359131 0.8745
16 69 74.62359131 0.8745
16 70 74.62359131 0.8745
16 71 74.62359131 0.8745
16 72 76.261488044 0.9539999999999998
16 73 76.261488044 0.9539999999999998
16 74 76.261488044 0.9539999999999998
16 75 76.261488044 0.9539999999999998
16 76 75.824451896 0.7425
16 77 75.824451896 0.7425
16 78 75.824451896 0.7425
16 79 75.824451896 0.7425
16 80 83.602552496 0.7935
16 81 83.602552496 0.7935
16 82 83.602552496 0.7935
16 83 83.602552496 0.7935
16 84 82.373841554 0.792
16 85 82.373841554 0.792
16 86 82.373841554 0.792
16 87 82.373841554 0.792
16 88 80.806037594 0.891
16 89 80.806037594 0.891
16 90 80.806037594 0.891
16 91 80.806037594 0.891
16 92 79.320686036 0.7905
16 93 79.320686036 0.7905
16 94 79.320686036 0.7905
16 95 79.320686036 0.7905
16 96 82.373841554 0.792
16 97 82.373841554 0.792
16 98 82.373841554 0.792
16 99 82.373841554 0.792
16 100 83.602552496 0.7935
16 101 83.602552496 0.7935
16 102 83.602552496 0.7935
16 103 83.602552496 0.7935
16 104 83.433198236 0.732
16 105 83.433198236 0.732
16 106 83.433198236 0.732
16 107 83.433198236 0.732
16 108 84.04436768 0.8714999999999999
16 109 84.04436768 0.8714999999999999
16 110 84.04436768 0.8714999999999999
16 111 84.04436768 0.8714999999999999
16 112 80.806037594 0.891
16 113 80.806037594 0.891
16 114 80.806037594 0.891
16 115 80.806037594 0.891
16 116 79.320686036 0.7905
16 117 79.320686036 0.7905
16 118 79.320686036 0.7905
16 119 79.320686036 0.7905
16 120 73.444044182 0.801
16 121 73.444044182 0.801
16 122 73.444044182 0.801
16 123 73.444044182 0.801
16 124 77.971125488 0.9464999999999999
16 125 77.971125488 0.9464999999999999
16 126 77.971125488 0.9464999999999999
16 127 77.971125488 0.9464999999999999
17 0 88.51695679400001 0.711
17 1 88.51695679400001 0.711
17 2 88.51695679400001 0.711
17 3 88.51695679400001 0.711
17 4 88.94932372400001 0.6914999999999999
17 5 88.94932372400001 0.6914999999999999
17 6 88.94932372400001 0.6914999999999999
17 7 88.94932372400001 0.6914999999999999
17 8 84.19900024399999 0.6614999999999999
17 9 84.19900024399999 0.6614999999999999
17 10 84.19900024399999 0.6614999999999999
17 11 84.19900024399999 0.6614999999999999
17 12 86.534034422 0.5835
17 13 86.534034422 0.5835
17 14 86.534034422 0.5835
17 15 86.534034422 0.5835
17 16 84.19900024399999 0.6614999999999999
17 17 84.19900024399999 0.6614999999999999
17 18 84.19900024399999 0.6614999999999999
17 19 84.19900024399999 0.6614999999999999
17 20 86.534034422 0.5835
17 21 86.534034422 0.5835
17 22 86.534034422 0.5835
17 23 86.534034422 0.5835
17 24 88.51695679400001 0.711
17 25 88.51695679400001 0.711
17 26 88.51695679400001 0.711
17 27 88.51695679400001 0.711
17 28 88.94932372400001 0.6914999999999999
17 29 88.94932372400001 0.6914999999999999
17 30 88.94932372400001 0.6914999999999999
17 31 88.94932372400001 0.6914999999999999
17 32 82.03820923399999 0.6525
17 33 82.03820923399999 0.6525
17 34 82.03820923399999 0.6525
17 35 82.03820923399999 0.6525
17 36 83.968397222 0.7214999999999999
17 37 83.968397222 0.7214999999999999
17 38 83.968397222 0.7214999999999999
17 39 83.968397222 0.7214999999999999
17 40 83.968397222 0.7214999999999999
17 41 83.968397222 0.7214999999999999
17 42 83.968397222 0.7214999999999999
17 43 83.968397222 0.7214999999999999
17 44 82.03820923399999 0.6525
17 45 82.03820923399999 0.6525
17 46 82.03820923399999 0.6525
17 47 82.03820923399999 0.6525
17 48 70.94421509 0.711
17 49 70.94421509 0.711
17 50 70.94421509 0.711
17 51 70.94421509 0.711
17 52 65.27235839 0.1485
17 53 65.27235839 0.1485
17 54 65.27235839 0.1485
17 55 65.27235839 0.1485
17 56 68.17110107 0.504
17 57 68.17110107 0.504
17 58 68.17110107 0.504
17 59 68.17110107 0.504
17 60 71.07182128400001 0.639
17 61 71.07182128400001 0.639
17 62 71.07182128400001 0.639
17 63 71.07182128400001 0.639
17 64 74.318500976 0.37949999999999995
17 65 74.318500976 0.37949999999999995
17 66 74.318500976 0.37949999999999995
17 67 74.318500976 0.37949999999999995
17 68 73.5768689 0.5865
17 69 73.5768689 0.5865
17 70 73.5768689 0.5865
17 71 73.5768689 0.5865
17 72 74.417158202 0.7305
17 73 74.417158202 0.7305
17 74 74.417158202 0.7305
17 75 74.417158202 0.7305
17 76 74.474946284 0.585
17 77 74.474946284 0.585
17 78 74.474946284 0.585
17 79 74.474946284 0.585
17 80 82.247114264 0.6614999999999999
17 81 82.247114264 0.6614999999999999
17 82 82.247114264 0.6614999999999999
17 83 82.247114264 0.6614999999999999
17 84 81.11469848 0.5775
17 85 81.11469848 0.5775
17 86 81.11469848 0.5775
17 87 81.11469848 0.5775
17 88 79.495093994 0.672
17 89 79.495093994 0.672
17 90 79.495093994 0.672
17 91 79.495093994 0.672
17 92 78.350098874 0.312
17 93 78.350098874 0.312
17 94 78.350098874 0.312
17 95 78.350098874 0.312
17 96 81.11469848 0.5775
17 97 81.11469848 0.5775
17 98 81.11469848 0.5775
17 99 81.11469848 0.5775
17 100 82.247114264 0.6614999999999999
17 101 82.247114264 0.6614999999999999
17 102 82.247114264 0.6614999999999999
17 103 82.247114264 0.6614999999999999
17 104 81.7284497 0.573
17 105 81.7284497 0.573
17 106 81.7284497 0.573
17 107 81.7284497 0.573
17 108 82.03820923399999 0.6525
17 109 82.03820923399999 0.6525
17 110 82.03820923399999 0.6525
17 111 82.03820923399999 0.6525
17 112 79.495093994 0.672
17 113 79.495093994 0.672
17 114 79.495093994 0.672
17 115 79.495093994 0.672
17 116 78.350098874 0.312
17 117 78.350098874 0.312
17 118 78.350098874 0.312
17 119 78.350098874 0.312
17 120 70.49564331799999 0.336
17 121 70.49564331799999 0.336
17 122 70.49564331799999 0.336
17 123 70.49564331799999 0.336
17 124 76.54109009 0.7245
17 125 76.54109009 0.7245
17 126 76.54109009 0.7245
17 127 76.54109009 0.7245
18 0 85.91451537200001 0.4365
18 1 85.91451537200001 0.4365
18 2 85.956428228 0.46199999999999997
18 3 85.956428228 0.46199999999999997
18 4 85.956428228 0.46199999999999997
18 5 85.956428228 0.46199999999999997
18 6 85.91451537200001 0.4365
18 7 85.91451537200001 0.4365
18 8 81.98811158000001 0.2805
18 9 81.98811158000001 0.2805
18 10 81.716639396 0.486
18 11 81.716639396 0.486
18 12 83.81425902800001 0.3435
18 13 83.81425902800001 0.3435
18 14 85.91451537200001 0.4365
18 15 85.91451537200001 0.4365
18 16 81.98811158000001 0.2805
18 17 81.98811158000001 0.2805
18 18 81.716639396 0.486
18 19 81.716639396 0.486
18 20 83.81425902800001 0.3435
18 21 83.81425902800001 0.3435
18 22 85.91451537200001 0.4365
18 23 85.91451537200001 0.4365
18 24 85.91451537200001 0.4365
18 25 85.91451537200001 0.4365
18 26 85.956428228 0.46199999999999997
18 27 85.956428228 0.46199999999999997
18 28 85.956428228 0.46199999999999997
18 29 85.956428228 0.46199999999999997
18 30 85.91451537200001 0.4365
18 31 85.91451537200001 0.4365
18 32 79.270972898 0.4185
18 33 79.270972898 0.4185
18 34 79.653956306 0.429
18 35 79.653956306 0.429
18 36 81.716639396 0.486
18 37 81.716639396 0.486
18 38 81.98811158000001 0.2805
18 39 81.98811158000001 0.2805
18 40 81.716639396 0.486
18 41 81.716639396 0.486
18 42 81.98811158000001 0.2805
18 43 81.98811158000001 0.2805
18 44 79.270972898 0.4185
18 45 79.270972898 0.4185
18 46 79.653956306 0.429
18 47 79.653956306 0.429
18 48 69.523627928 0.48
18 49 69.523627928 0.48
18 50 68.913172616 0.4035
18 51 68.913172616 0.4035
18 52 63.9393872 0.06
18 53 63.9393872 0.06
18 54 65.989930424 0.48
18 55 65.989930424 0.48
18 56 65.989930424 0.48
18 57 65.989930424 0.48
18 58 67.69061402 0.441
18 59 67.69061402 0.441
18 60 68.913172616 0.4035
18 61 68.913172616 0.4035
18 62 69.523627928 0.48
18 63 69.523627928 0.48
18 64 72.874512932 0.0345
18 65 72.874512932 0.0345
18 66 71.90843018000001 0.49199999999999994
18 67 71.90843018000001 0.49199999999999994
18 68 72.34156616 0.408
18 69 72.34156616 0.408
18 70 71.85959594600001 0.444
18 71 71.85959594600001 0.444
18 72 71.90843018000001 0.49199999999999994
18 73 71.90843018000001 0.49199999999999994
18 74 73.09385497400001 0.2925
18 75 73.09385497400001 0.2925
18 76 73.09385497400001 0.2925
18 77 73.09385497400001 0.2925
18 78 71.90843018000001 0.49199999999999994
18 79 71.90843018000001 0.49199999999999994
18 80 79.653956306 0.429
18 81 79.653956306 0.429
18 82 79.270972898 0.4185
18 83 79.270972898 0.4185
18 84 79.24592408000001 0.021
18 85 79.24592408000001 0.021
18 86 79.549146734 0.3465
18 87 79.549146734 0.3465
18 88 77.552326652 0.4425
18 89 77.552326652 0.4425
18 90 76.48280762 0.4305
18 91 76.48280762 0.4305
18 92 76.924567868 0.363
18 93 76.924567868 0.363
18 94 76.48280762 0.4305
18 95 76.48280762 0.4305
18 96 79.24592408000001 0.021
18 97 79.24592408000001 0.021
18 98 79.549146734 0.3465
18 99 79.549146734 0.3465
18 100 79.653956306 0.429
18 101 79.653956306 0.429
18 102 79.270972898 0.4185
18 103 79.270972898 0.4185
18 104 79.549146734 0.3465
18 105 79.549146734 0.3465
18 106 79.270972898 0.4185
18 107 79.270972898 0.4185
18 108 79.270972898 0.4185
18 109 79.270972898 0.4185
18 110 79.653956306 0.429
18 111 79.653956306 0.429
18 112 77.552326652 0.4425
18 113 77.552326652 0.4425
18 114 76.48280762 0.4305
18 115 76.48280762 0.4305
18 116 76.924567868 0.363
18 117 76.924567868 0.363
18 118 76.48280762 0.4305
18 119 76.48280762 0.4305
18 120 67.896772466 0.38699999999999996
18 121 67.896772466 0.38699999999999996
18 122 69.523627928 0.48
18 123 69.523627928 0.48
18 124 74.186665034 0.486
18 125 74.186665034 0.486
18 126 76.924567868 0.363
18 127 76.924567868 0.363
19 0 82.172846678 0.252
19 1 82.172846678 0.252
19 2 81.563874512 0.2415
19 3 81.563874512 0.2415
19 4 81.563874512 0.2415
19 5 81.563874512 0.2415
19 6 82.172846678 0.252
19 7 82.172846678 0.252
19 8 79.45889405 0.0285
19 9 79.45889405 0.0285
19 10 78.14075439199999 0.2595
19 11 78.14075439199999 0.2595
19 12 80.311817624 0.1485
19 13 80.311817624 0.1485
19 14 82.172846678 0.252
19 15 82.172846678 0.252
19 16 79.45889405 0.0285
19 17 79.45889405 0.0285
19 18 78.14075439199999 0.2595
19 19 78.14075439199999 0.2595
19 20 80.311817624 0.1485
19 21 80.311817624 0.1485
19 22 82.172846678 0.252
19 23 82.172846678 0.252
19 24 82.172846678 0.252
19 25 82.172846678 0.252
19 26 81.563874512 0.2415
19 27 81.563874512 0.2415
19 28 81.563874512 0.2415
19 29 81.563874512 0.2415
19 30 82.172846678 0.252
19 31 82.172846678 0.252
19 32 75.352424324 0.1965
19 33 75.352424324 0.1965
19 34 75.927558596 0.20849999999999996
19 35 75.927558596 0.20849999999999996
19 36 78.14075439199999 0.2595
19 37 78.14075439199999 0.2595
19 38 79.45889405 0.0285
19 39 79.45889405 0.0285
19 40 78.14075439199999 0.2595
19 41 78.14075439199999 0.2595
19 42 79.45889405 0.0285
19 43 79.45889405 0.0285
19 44 75.352424324 0.1965
19 45 75.352424324 0.1965
19 46 75.927558596 0.20849999999999996
19 47 75.927558596 0.20849999999999996
19 48 67.320374756 0.2565
19 49 67.320374756 0.2565
19 50 65.84820679399999 0.18
19 51 65.84820679399999 0.18
19 52 62.495948479999996 0.1515
19 53 62.495948479999996 0.1515
19 54 63.441376952 0.213
19 55 63.441376952 0.213
19 56 63.441376952 0.213
19 57 63.441376952 0.213
19 58 65.111848142 0.219
19 59 65.111848142 0.219
19 60 65.84820679399999 0.18
19 61 65.84820679399999 0.18
19 62 67.320374756 0.2565
19 63 67.320374756 0.2565
19 64 69.83080566800001 0.192
19 65 69.83080566800001 0.192
19 66 68.583802496 0.261
19 67 68.583802496 0.261
19 68 70.885438232 0.21
19 69 70.885438232 0.21
19 70 68.713825676 0.219
19 71 68.713825676 0.219
19 72 68.583802496 0.261
19 73 68.583802496 0.261
19 74 71.638166498 0.213
19 75 71.638166498 0.213
19 76 71.638166498 0.213
19 77 71.638166498 0.213
19 78 68.583802496 0.261
19 79 68.583802496 0.261
19 80 75.927558596 0.20849999999999996
19 81 75.927558596 0.20849999999999996
19 82 75.352424324 0.1965
19 83 75.352424324 0.1965
19 84 76.79663207600001 0.159
19 85 76.79663207600001 0.159
19 86 76.34108399 0.2445
19 87 76.34108399 0.2445
19 88 75.033491216 0.17849999999999996
19 89 75.033491216 0.17849999999999996
19 90 73.189875488 0.2055
19 91 73.189875488 0.2055
19 92 74.91148804400001 0.012
19 93 74.91148804400001 0.012
19 94 73.189875488 0.2055
19 95 73.189875488 0.2055
19 96 76.79663207600001 0.159
19 97 76.79663207600001 0.159
19 98 76.34108399 0.2445
19 99 76.34108399 0.2445
19 100 75.927558596 0.20849999999999996
19 101 75.927558596 0.20849999999999996
19 102 75.352424324 0.1965
19 103 75.352424324 0.1965
19 104 76.34108399 0.2445
19 105 76.34108399 0.2445
19 106 75.352424324 0.1965
19 107 75.352424324 0.1965
19 108 75.352424324 0.1965
19 109 75.352424324 0.1965
19 110 75.927558596 0.20849999999999996
19 111 75.927558596 0.20849999999999996
19 112 75.033491216 0.17849999999999996
19 113 75.033491216 0.17849999999999996
19 114 73.189875488 0.2055
19 115 73.189875488 0.2055
19 116 74.91148804400001 0.012
19 117 74.91148804400001 0.012
19 118 73.189875488 0.2055
19 119 73.189875488 0.2055
19 120 65.109046622 0.2205
19 121 65.109046622 0.2205
19 122 67.320374756 0.2565
19 123 67.320374756 0.2565
19 124 70.7034497 0.2565
19 125 70.7034497 0.2565
19 126 74.91148804400001 0.012
19 127 74.91148804400001 0.012
20 0 78.70435302199999 0.072
20 1 78.70435302199999 0.072
20 2 76.99696777400001 0.0645
20 3 76.99696777400001 0.0645
20 4 76.99696777400001 0.0645
20 5 76.99696777400001 0.0645
20 6 78.70435302199999 0.072
20 7 78.70435302199999 0.072
20 8 77.01207396800001 0.006
20 9 77.01207396800001 0.006
20 10 74.8175 0.075
20 11 74.8175 0.075
20 12 77.64065673799999 0.0225
20 13 77.64065673799999 0.0225
20 14 78.70435302199999 0.072
20 15 78.70435302199999 0.072
20 16 77.01207396800001 0.006
20 17 77.01207396800001 0.006
20 18 74.8175 0.075
20 19 74.8175 0.075
20 20 77.64065673799999 0.0225
20 21 77.64065673799999 0.0225
20 22 78.70435302199999 0.072
20 23 78.70435302199999 0.072
20 24 78.70435302199999 0.072
20 25 78.70435302199999 0.072
20 26 76.99696777400001 0.0645
20 27 76.99696777400001 0.0645
20 28 76.99696777400001 0.0645
20 29 76.99696777400001 0.0645
20 30 78.70435302199999 0.072
20 31 78.70435302199999 0.072
20 32 71.734022222 0.0285
20 33 71.734022222 0.0285
20 34 72.47938964 0.039
20 35 72.47938964 0.039
20 36 74.8175 0.075
20 37 74.8175 0.075
20 38 77.01207396800001 0.006
20 39 77.01207396800001 0.006
20 40 74.8175 0.075
20 41 74.8175 0.075
20 42 77.01207396800001 0.006
20 43 77.01207396800001 0.006
20 44 71.734022222 0.0285
20 45 71.734022222 0.0285
20 46 72.47938964 0.039
20 47 72.47938964 0.039
20 48 65.756745608 0.072
20 49 65.756745608 0.072
20 50 63.201820064 0.0195
20 51 63.201820064 0.0195
20 52 61.28025634400001 0.0195
20 53 61.28025634400001 0.0195
20 54 60.646564940000005 0.06
20 55 60.646564940000005 0.06
20 56 60.646564940000005 0.06
20 57 60.646564940000005 0.06
20 58 62.506440428000005 0.045
20 59 62.506440428000005 0.045
20 60 63.201820064 0.0195
20 61 63.201820064 0.0195
20 62 65.756745608 0.072
20 63 65.756745608 0.072
20 64 67.273353266 0.033
20 65 67.273353266 0.033
20 66 65.693244632 0.0735
20 67 65.693244632 0.0735
20 68 69.563398442 0.051
20 69 69.563398442 0.051
20 70 66.505024418 0.0435
20 71 66.505024418 0.0435
20 72 65.693244632 0.0735
20 73 65.693244632 0.0735
20 74 70.22807128400001 0.0525
20 75 70.22807128400001 0.0525
20 76 70.22807128400001 0.0525
20 77 70.22807128400001 0.0525
20 78 65.693244632 0.0735
20 79 65.693244632 0.0735
20 80 72.47938964 0.039
20 81 72.47938964 0.039
20 82 71.734022222 0.0285
20 83 71.734022222 0.0285
20 84 74.446931156 0.0285
20 85 74.446931156 0.0285
20 86 73.065675056 0.0705
20 87 73.065675056 0.0705
20 88 72.733063964 0.0525
20 89 72.733063964 0.0525
20 90 71.021778566 0.0345
20 91 71.021778566 0.0345
20 92 73.002943112 0.003
20 93 73.002943112 0.003
20 94 71.021778566 0.0345
20 95 71.021778566 0.0345
20 96 74.446931156 0.0285
20 97 74.446931156 0.0285
20 98 73.065675056 0.0705
20 99 73.065675056 0.0705
20 100 72.47938964 0.039
20 101 72.47938964 0.039
20 102 71.734022222 0.0285
20 103 71.734022222 0.0285
20 104 73.065675056 0.0705
20 105 73.065675056 0.0705
20 106 71.734022222 0.0285
20 107 71.734022222 0.0285
20 108 71.734022222 0.0285
20 109 71.734022222 0.0285
20 110 72.47938964 0.039
20 111 72.47938964 0.039
20 112 72.733063964 0.0525
20 113 72.733063964 0.0525
20 114 71.021778566 0.0345
20 115 71.021778566 0.0345
20 116 73.002943112 0.003
20 117 73.002943112 0.003
20 118 71.021778566 0.0345
20 119 71.021778566 0.0345
20 120 62.08484009 0.0705
20 121 62.08484009 0.0705
20 122 65.756745608 0.072
20 123 65.756745608 0.072
20 124 67.732307132 0.069
20 125 67.732307132 0.069
20 126 73.002943112 0.003
20 127 73.002943112 0.003
21 0 76.970545646 0.0
21 1 75.84329345 0.0
21 2 74.14343384 0.0
21 3 75.119953622 0.0
21 4 74.14343384 0.0
21 5 75.119953622 0.0
21 6 76.970545646 0.0
21 7 75.84329345 0.0
21 8 75.119953622 0.0
21 9 74.14343384 0.0
21 10 73.350660398 0.0
21 11 72.930378416 0.0
21 12 75.84329345 0.0
21 13 75.119953622 0.0
21 14 76.970545646 0.0
21 15 75.84329345 0.0
21 16 75.119953622 0.0
21 17 74.14343384 0.0
21 18 73.350660398 0.0
21 19 72.930378416 0.0
21 20 75.84329345 0.0
21 21 75.119953622 0.0
21 22 76.970545646 0.0
21 23 75.84329345 0.0
21 24 76.970545646 0.0
21 25 75.84329345 0.0
21 26 74.14343384 0.0
21 27 75.119953622 0.0
21 28 74.14343384 0.0
21 29 75.119953622 0.0
21 30 76.970545646 0.0
21 31 75.84329345 0.0
21 32 69.507368168 0.0
21 33 70.106068112 0.0
21 34 70.27750976 0.0
21 35 70.97843750000001 0.0
21 36 73.350660398 0.0
21 37 72.930378416 0.0
21 38 75.119953622 0.0
21 39 74.14343384 0.0
21 40 73.350660398 0.0
21 41 72.930378416 0.0
21 42 75.119953622 0.0
21 43 74.14343384 0.0
21 44 69.507368168 0.0
21 45 70.106068112 0.0
21 46 70.27750976 0.0
21 47 70.97843750000001 0.0
21 48 64.954084478 0.0
21 49 64.642292474 0.0
21 50 61.492292474 0.0
21 51 60.689741216 0.0
21 52 60.356361092 0.0
21 53 58.551856682 0.0
21 54 58.551856682 0.0
21 55 60.356361092 0.0
21 56 58.551856682 0.0
21 57 60.356361092 0.0
21 58 60.689741216 0.0
21 59 59.81264771 0.0
21 60 61.492292474 0.0
21 61 60.689741216 0.0
21 62 64.954084478 0.0
21 63 64.642292474 0.0
21 64 65.881495364 0.0
21 65 66.2753003 0.0
21 66 63.750037838 0.0
21 67 64.954084478 0.0
21 68 68.67103393400001 0.0
21 69 68.448560792 0.0
21 70 65.608485116 0.0
21 71 64.895856926 0.0
21 72 63.750037838 0.0
21 73 64.954084478 0.0
21 74 69.103620608 0.0
21 75 68.67103393400001 0.0
21 76 69.103620608 0.0
21 77 68.67103393400001 0.0
21 78 63.750037838 0.0
21 79 64.954084478 0.0
21 80 70.27750976 0.0
21 81 70.97843750000001 0.0
21 82 69.507368168 0.0
21 83 70.106068112 0.0
21 84 72.930378416 0.0
21 85 73.350660398 0.0
21 86 70.99244506400001 0.0
21 87 71.224256588 0.0
21 88 70.97843750000001 0.0
21 89 70.27750976 0.0
21 90 70.106068112 0.0
21 91 69.507368168 0.0
21 92 71.224256588 0.0
21 93 70.99244506400001 0.0
21 94 70.106068112 0.0
21 95 69.507368168 0.0
21 96 72.930378416 0.0
21 97 73.350660398 0.0
21 98 70.99244506400001 0.0
21 99 71.224256588 0.0
21 100 70.27750976 0.0
21 101 70.97843750000001 0.0
21 102 69.507368168 0.0
21 103 70.106068112 0.0
21 104 70.99244506400001 0.0
21 105 71.224256588 0.0
21 106 69.507368168 0.0
21 107 70.106068112 0.0
21 108 69.507368168 0.0
21 109 70.106068112 0.0
21 110 70.27750976 0.0
21 111 70.97843750000001 0.0
21 112 70.97843750000001 0.0
21 113 70.27750976 0.0
21 114 70.106068112 0.0
21 115 69.507368168 0.0
21 116 71.224256588 0.0
21 117 70.99244506400001 0.0
21 118 70.106068112 0.0
21 119 69.507368168 0.0
21 120 59.81264771 0.0
21 121 60.689741216 0.0
21 122 64.954084478 0.0
21 123 64.642292474 0.0
21 124 66.2753003 0.0
21 125 65.881495364 0.0
21 126 71.224256588 0.0
21 127 70.99244506400001 0.0
22 0 75.92717408 0.0
22 1 73.980177008 0.0
22 2 72.457142342 0.0
22 3 73.606367192 0.0
22 4 72.457142342 0.0
22 5 73.606367192 0.0
22 6 75.92717408 0.0
22 7 73.980177008 0.0
22 8 73.606367192 0.0
22 9 72.457142342 0.0
22 10 72.161005856 0.0
22 11 71.67535521799999 0.0
22 12 73.980177008 0.0
22 13 73.606367192 0.0
22 14 75.92717408 0.0
22 15 73.980177008 0.0
22 16 73.606367192 0.0
22 17 72.457142342 0.0
22 18 72.161005856 0.0
22 19 71.67535521799999 0.0
22 20 73.980177008 0.0
22 21 73.606367192 0.0
22 22 75.92717408 0.0
22 23 73.980177008 0.0
22 24 75.92717408 0.0
22 25 73.980177008 0.0
22 26 72.457142342 0.0
22 27 73.606367192 0.0
22 28 72.457142342 0.0
22 29 73.606367192 0.0
22 30 75.92717408 0.0
22 31 73.980177008 0.0
22 32 67.80608033 0.0
22 33 68.955744632 0.0
22 34 68.661311036 0.0
22 35 69.537745364 0.0
22 36 72.161005856 0.0
22 37 71.67535521799999 0.0
22 38 73.606367192 0.0
22 39 72.457142342 0.0
22 40 72.161005856 0.0
22 41 71.67535521799999 0.0
22 42 73.606367192 0.0
22 43 72.457142342 0.0
22 44 67.80608033 0.0
22 45 68.955744632 0.0
22 46 68.661311036 0.0
22 47 69.537745364 0.0
22 48 64.00426146800001 0.0
22 49 63.45296753 0.0
22 50 60.047645270000004 0.0
22 51 59.427906494 0.0
22 52 59.593250732 0.0
22 53 57.261622316 0.0
22 54 57.261622316 0.0
22 55 59.593250732 0.0
22 56 57.261622316 0.0
22 57 59.593250732 0.0
22 58 59.427906494 0.0
22 59 58.241273198 0.0
22 60 60.047645270000004 0.0
22 61 59.427906494 0.0
22 62 64.00426146800001 0.0
22 63 63.45296753 0.0
22 64 64.720515128 0.0
22 65 65.269117436 0.0
22 66 61.91977051400001 0.0
22 67 64.00426146800001 0.0
22 68 67.89655274 0.0
22 69 67.70819213600001 0.0
22 70 64.31418579199999 0.0
22 71 63.792719726 0.0
22 72 61.91977051400001 0.0
22 73 64.00426146800001 0.0
22 74 68.189503172 0.0
22 75 67.89655274 0.0
22 76 68.189503172 0.0
22 77 67.89655274 0.0
22 78 61.91977051400001 0.0
22 79 64.00426146800001 0.0
22 80 68.661311036 0.0
22 81 69.537745364 0.0
22 82 67.80608033 0.0
22 83 68.955744632 0.0
22 84 71.67535521799999 0.0
22 85 72.161005856 0.0
22 86 69.58998536000001 0.0
22 87 69.21342896 0.0
22 88 69.537745364 0.0
22 89 68.661311036 0.0
22 90 68.955744632 0.0
22 91 67.80608033 0.0
22 92 69.21342896 0.0
22 93 69.58998536000001 0.0
22 94 68.955744632 0.0
22 95 67.80608033 0.0
22 96 71.67535521799999 0.0
22 97 72.161005856 0.0
22 98 69.58998536000001 0.0
22 99 69.21342896 0.0
22 100 68.661311036 0.0
22 101 69.537745364 0.0
22 102 67.80608033 0.0
22 103 68.955744632 0.0
22 104 69.58998536000001 0.0
22 105 69.21342896 0.0
22 106 67.80608033 0.0
22 107 68.955744632 0.0
22 108 67.80608033 0.0
22 109 68.955744632 0.0
22 110 68.661311036 0.0
22 111 69.537745364 0.0
22 112 69.537745364 0.0
22 113 68.661311036 0.0
22 114 68.955744632 0.0
22 115 67.80608033 0.0
22 116 69.21342896 0.0
22 117 69.58998536000001 0.0
22 118 68.955744632 0.0
22 119 67.80608033 0.0
22 120 58.241273198 0.0
22 121 59.427906494 0.0
22 122 64.00426146800001 0.0
22 123 63.45296753 0.0
22 124 65.269117436 0.0
22 125 64.720515128 0.0
22 126 69.21342896 0.0
22 127 69.58998536000001 0.0
23 0 74.878474118 0.0
23 1 72.182264396 0.0
23 2 71.095881344 0.0
23 3 72.238349606 0.0
23 4 71.095881344 0.0
23 5 72.238349606 0.0
23 6 74.878474118 0.0
23 7 72.182264396 0.0
23 8 72.238349606 0.0
23 9 71.095881344 0.0
23 10 70.688343506 0.0
23 11 70.39967774 0.0
23 12 72.182264396 0.0
23 13 72.238349606 0.0
23 14 74.878474118 0.0
23 15 72.182264396 0.0
23 16 72.238349606 0.0
23 17 71.095881344 0.0
23 18 70.688343506 0.0
23 19 70.39967774 0.0
23 20 72.182264396 0.0
23 21 72.238349606 0.0
23 22 74.878474118 0.0
23 23 72.182264396 0.0
23 24 74.878474118 0.0
23 25 72.182264396 0.0
23 26 71.095881344 0.0
23 27 72.238349606 0.0
23 28 71.095881344 0.0
23 29 72.238349606 0.0
23 30 74.878474118 0.0
23 31 72.182264396 0.0
23 32 66.29364746600001 0.0
23 33 67.439466554 0.0
23 34 67.27747314199999 0.0
23 35 68.362318112 0.0
23 36 70.688343506 0.0
23 37 70.39967774 0.0
23 38 72.238349606 0.0
23 39 71.095881344 0.0
23 40 70.688343506 0.0
23 41 70.39967774 0.0
23 42 72.238349606 0.0
23 43 71.095881344 0.0
23 44 66.29364746600001 0.0
23 45 67.439466554 0.0
23 46 67.27747314199999 0.0
23 47 68.362318112 0.0
23 48 63.104591066 0.0
23 49 62.048640128 0.0
23 50 58.677430424 0.0
23 51 58.363056644 0.0
23 52 59.023664546 0.0
23 53 56.22313964 0.0
23 54 56.22313964 0.0
23 55 59.023664546 0.0
23 56 56.22313964 0.0
23 57 59.023664546 0.0
23 58 58.363056644 0.0
23 59 56.695661618 0.0
23 60 58.677430424 0.0
23 61 58.363056644 0.0
23 62 63.104591066 0.0
23 63 62.048640128 0.0
23 64 63.665662838 0.0
23 65 64.24376342 0.0
23 66 60.426398930000005 0.0
23 67 63.104591066 0.0
23 68 67.039509272 0.0
23 69 66.87125366000001 0.0
23 70 62.659150394 0.0
23 71 62.58773926400001 0.0
23 72 60.426398930000005 0.0
23 73 63.104591066 0.0
23 74 67.42809570200001 0.0
23 75 67.039509272 0.0
23 76 67.42809570200001 0.0
23 77 67.039509272 0.0
23 78 60.426398930000005 0.0
23 79 63.104591066 0.0
23 80 67.27747314199999 0.0
23 81 68.362318112 0.0
23 82 66.29364746600001 0.0
23 83 67.439466554 0.0
23 84 70.39967774 0.0
23 85 70.688343506 0.0
23 86 68.27997558199999 0.0
23 87 67.00874756 0.0
23 88 68.362318112 0.0
23 89 67.27747314199999 0.0
23 90 67.439466554 0.0
23 91 66.29364746600001 0.0
23 92 67.00874756 0.0
23 93 68.27997558199999 0.0
23 94 67.439466554 0.0
23 95 66.29364746600001 0.0
23 96 70.39967774 0.0
23 97 70.688343506 0.0
23 98 68.27997558199999 0.0
23 99 67.00874756 0.0
23 100 67.27747314199999 0.0
23 101 68.362318112 0.0
23 102 66.29364746600001 0.0
23 103 67.439466554 0.0
23 104 68.27997558199999 0.0
23 105 67.00874756 0.0
23 106 66.29364746600001 0.0
23 107 67.439466554 0.0
23 108 66.29364746600001 0.0
23 109 67.439466554 0.0
23 110 67.27747314199999 0.0
23 111 68.362318112 0.0
23 112 68.362318112 0.0
23 113 67.27747314199999 0.0
23 114 67.439466554 0.0
23 115 66.29364746600001 0.0
23 116 67.00874756 0.0
23 117 68.27997558199999 0.0
23 118 67.439466554 0.0
23 119 66.29364746600001 0.0
23 120 56.695661618 0.0
23 121 58.363056644 0.0
23 122 63.104591066 0.0
23 123 62.048640128 0.0
23 124 64.24376342 0.0
23 125 63.665662838 0.0
23 126 67.00874756 0.0
23 127 68.27997558199999 0.0
