time period scenario temperature renewable energy
0 0 57.46316649800001 0.0
0 1 57.46316649800001 0.0
0 2 57.46316649800001 0.0
0 3 57.46316649800001 0.0
0 4 57.46316649800001 0.0
0 5 57.46316649800001 0.0
0 6 57.46316649800001 0.0
0 7 57.46316649800001 0.0
0 8 57.46316649800001 0.0
0 9 57.46316649800001 0.0
0 10 57.46316649800001 0.0
0 11 57.46316649800001 0.0
0 12 57.46316649800001 0.0
0 13 57.46316649800001 0.0
0 14 57.46316649800001 0.0
0 15 57.46316649800001 0.0
0 16 57.46316649800001 0.0
0 17 57.46316649800001 0.0
0 18 57.46316649800001 0.0
0 19 57.46316649800001 0.0
0 20 57.46316649800001 0.0
0 21 57.46316649800001 0.0
0 22 57.46316649800001 0.0
0 23 57.46316649800001 0.0
0 24 57.46316649800001 0.0
0 25 57.46316649800001 0.0
0 26 57.46316649800001 0.0
0 27 57.46316649800001 0.0
0 28 57.46316649800001 0.0
0 29 57.46316649800001 0.0
0 30 57.46316649800001 0.0
0 31 57.46316649800001 0.0
0 32 57.46316649800001 0.0
0 33 57.46316649800001 0.0
0 34 57.46316649800001 0.0
0 35 57.46316649800001 0.0
0 36 57.46316649800001 0.0
0 37 57.46316649800001 0.0
0 38 57.46316649800001 0.0
0 39 57.46316649800001 0.0
0 40 57.46316649800001 0.0
0 41 57.46316649800001 0.0
0 42 57.46316649800001 0.0
0 43 57.46316649800001 0.0
0 44 57.46316649800001 0.0
0 45 57.46316649800001 0.0
0 46 57.46316649800001 0.0
0 47 57.46316649800001 0.0
0 48 57.46316649800001 0.0
0 49 57.46316649800001 0.0
0 50 57.46316649800001 0.0
0 51 57.46316649800001 0.0
0 52 57.46316649800001 0.0
0 53 57.46316649800001 0.0
0 54 57.46316649800001 0.0
0 55 57.46316649800001 0.0
0 56 57.46316649800001 0.0
0 57 57.46316649800001 0.0
0 58 57.46316649800001 0.0
0 59 57.46316649800001 0.0
0 60 57.46316649800001 0.0
0 61 57.46316649800001 0.0
0 62 57.46316649800001 0.0
0 63 57.46316649800001 0.0
0 64 57.46316649800001 0.0
0 65 57.46316649800001 0.0
0 66 57.46316649800001 0.0
0 67 57.46316649800001 0.0
0 68 57.46316649800001 0.0
0 69 57.46316649800001 0.0
0 70 57.46316649800001 0.0
0 71 57.46316649800001 0.0
0 72 57.46316649800001 0.0
0 73 57.46316649800001 0.0
0 74 57.46316649800001 0.0
0 75 57.46316649800001 0.0
0 76 57.46316649800001 0.0
0 77 57.46316649800001 0.0
0 78 57.46316649800001 0.0
0 79 57.46316649800001 0.0
0 80 57.46316649800001 0.0
0 81 57.46316649800001 0.0
0 82 57.46316649800001 0.0
0 83 57.46316649800001 0.0
0 84 57.46316649800001 0.0
0 85 57.46316649800001 0.0
0 86 57.46316649800001 0.0
0 87 57.46316649800001 0.0
0 88 57.46316649800001 0.0
0 89 57.46316649800001 0.0
0 90 57.46316649800001 0.0
0 91 57.46316649800001 0.0
0 92 57.46316649800001 0.0
0 93 57.46316649800001 0.0
0 94 57.46316649800001 0.0
0 95 57.46316649800001 0.0
0 96 57.46316649800001 0.0
0 97 57.46316649800001 0.0
0 98 57.46316649800001 0.0
0 99 57.46316649800001 0.0
0 100 57.46316649800001 0.0
0 101 57.46316649800001 0.0
0 102 57.46316649800001 0.0
0 103 57.46316649800001 0.0
0 104 57.46316649800001 0.0
0 105 57.46316649800001 0.0
0 106 57.46316649800001 0.0
0 107 57.46316649800001 0.0
0 108 57.46316649800001 0.0
0 109 57.46316649800001 0.0
0 110 57.46316649800001 0.0
0 111 57.46316649800001 0.0
0 112 57.46316649800001 0.0
0 113 57.46316649800001 0.0
0 114 57.46316649800001 0.0
0 115 57.46316649800001 0.0
0 116 57.46316649800001 0.0
0 117 57.46316649800001 0.0
0 118 57.46316649800001 0.0
0 119 57.46316649800001 0.0
0 120 57.46316649800001 0.0
0 121 57.46316649800001 0.0
0 122 57.46316649800001 0.0
0 123 57.46316649800001 0.0
0 124 57.46316649800001 0.0
0 125 57.46316649800001 0.0
0 126 57.46316649800001 0.0
0 127 57.46316649800001 0.0
1 0 56.717030030000004 0.0
1 1 56.717030030000004 0.0
1 2 56.717030030000004 0.0
1 3 56.717030030000004 0.0
1 4 56.717030030000004 0.0
1 5 56.717030030000004 0.0
1 6 56.717030030000004 0.0
1 7 56.717030030000004 0.0
1 8 56.717030030000004 0.0
1 9 56.717030030000004 0.0
1 10 56.717030030000004 0.0
1 11 56.717030030000004 0.0
1 12 56.717030030000004 0.0
1 13 56.717030030000004 0.0
1 14 56.717030030000004 0.0
1 15 56.717030030000004 0.0
1 16 56.717030030000004 0.0
1 17 56.717030030000004 0.0
1 18 56.717030030000004 0.0
1 19 56.717030030000004 0.0
1 20 56.717030030000004 0.0
1 21 56.717030030000004 0.0
1 22 56.717030030000004 0.0
1 23 56.717030030000004 0.0
1 24 56.717030030000004 0.0
1 25 56.717030030000004 0.0
1 26 56.717030030000004 0.0
1 27 56.717030030000004 0.0
1 28 56.717030030000004 0.0
1 29 56.717030030000004 0.0
1 30 56.717030030000004 0.0
1 31 56.717030030000004 0.0
1 32 56.717030030000004 0.0
1 33 56.717030030000004 0.0
1 34 56.717030030000004 0.0
1 35 56.717030030000004 0.0
1 36 56.717030030000004 0.0
1 37 56.717030030000004 0.0
1 38 56.717030030000004 0.0
1 39 56.717030030000004 0.0
1 40 56.717030030000004 0.0
1 41 56.717030030000004 0.0
1 42 56.717030030000004 0.0
1 43 56.717030030000004 0.0
1 44 56.717030030000004 0.0
1 45 56.717030030000004 0.0
1 46 56.717030030000004 0.0
1 47 56.717030030000004 0.0
1 48 56.717030030000004 0.0
1 49 56.717030030000004 0.0
1 50 56.717030030000004 0.0
1 51 56.717030030000004 0.0
1 52 56.717030030000004 0.0
1 53 56.717030030000004 0.0
1 54 56.717030030000004 0.0
1 55 56.717030030000004 0.0
1 56 56.717030030000004 0.0
1 57 56.717030030000004 0.0
1 58 56.717030030000004 0.0
1 59 56.717030030000004 0.0
1 60 56.717030030000004 0.0
1 61 56.717030030000004 0.0
1 62 56.717030030000004 0.0
1 63 56.717030030000004 0.0
1 64 56.717030030000004 0.0
1 65 56.717030030000004 0.0
1 66 56.717030030000004 0.0
1 67 56.717030030000004 0.0
1 68 56.717030030000004 0.0
1 69 56.717030030000004 0.0
1 70 56.717030030000004 0.0
1 71 56.717030030000004 0.0
1 72 56.717030030000004 0.0
1 73 56.717030030000004 0.0
1 74 56.717030030000004 0.0
1 75 56.717030030000004 0.0
1 76 56.717030030000004 0.0
1 77 56.717030030000004 0.0
1 78 56.717030030000004 0.0
1 79 56.717030030000004 0.0
1 80 56.717030030000004 0.0
1 81 56.717030030000004 0.0
1 82 56.717030030000004 0.0
1 83 56.717030030000004 0.0
1 84 56.717030030000004 0.0
1 85 56.717030030000004 0.0
1 86 56.717030030000004 0.0
1 87 56.717030030000004 0.0
1 88 56.717030030000004 0.0
1 89 56.717030030000004 0.0
1 90 56.717030030000004 0.0
1 91 56.717030030000004 0.0
1 92 56.717030030000004 0.0
1 93 56.717030030000004 0.0
1 94 56.717030030000004 0.0
1 95 56.717030030000004 0.0
1 96 56.717030030000004 0.0
1 97 56.717030030000004 0.0
1 98 56.717030030000004 0.0
1 99 56.717030030000004 0.0
1 100 56.717030030000004 0.0
1 101 56.717030030000004 0.0
1 102 56.717030030000004 0.0
1 103 56.717030030000004 0.0
1 104 56.717030030000004 0.0
1 105 56.717030030000004 0.0
1 106 56.717030030000004 0.0
1 107 56.717030030000004 0.0
1 108 56.717030030000004 0.0
1 109 56.717030030000004 0.0
1 110 56.717030030000004 0.0
1 111 56.717030030000004 0.0
1 112 56.717030030000004 0.0
1 113 56.717030030000004 0.0
1 114 56.717030030000004 0.0
1 115 56.717030030000004 0.0
1 116 56.717030030000004 0.0
1 117 56.717030030000004 0.0
1 118 56.717030030000004 0.0
1 119 56.717030030000004 0.0
1 120 56.717030030000004 0.0
1 121 56.717030030000004 0.0
1 122 56.717030030000004 0.0
1 123 56.717030030000004 0.0
1 124 56.717030030000004 0.0
1 125 56.717030030000004 0.0
1 126 56.717030030000004 0.0
1 127 56.717030030000004 0.0
2 0 56.025111092 0.0
2 1 56.025111092 0.0
2 2 56.025111092 0.0
2 3 56.025111092 0.0
2 4 56.025111092 0.0
2 5 56.025111092 0.0
2 6 56.025111092 0.0
2 7 56.025111092 0.0
2 8 56.025111092 0.0
2 9 56.025111092 0.0
2 10 56.025111092 0.0
2 11 56.025111092 0.0
2 12 56.025111092 0.0
2 13 56.025111092 0.0
2 14 56.025111092 0.0
2 15 56.025111092 0.0
2 16 56.025111092 0.0
2 17 56.025111092 0.0
2 18 56.025111092 0.0
2 19 56.025111092 0.0
2 20 56.025111092 0.0
2 21 56.025111092 0.0
2 22 56.025111092 0.0
2 23 56.025111092 0.0
2 24 56.025111092 0.0
2 25 56.025111092 0.0
2 26 56.025111092 0.0
2 27 56.025111092 0.0
2 28 56.025111092 0.0
2 29 56.025111092 0.0
2 30 56.025111092 0.0
2 31 56.025111092 0.0
2 32 56.025111092 0.0
2 33 56.025111092 0.0
2 34 56.025111092 0.0
2 35 56.025111092 0.0
2 36 56.025111092 0.0
2 37 56.025111092 0.0
2 38 56.025111092 0.0
2 39 56.025111092 0.0
2 40 56.025111092 0.0
2 41 56.025111092 0.0
2 42 56.025111092 0.0
2 43 56.025111092 0.0
2 44 56.025111092 0.0
2 45 56.025111092 0.0
2 46 56.025111092 0.0
2 47 56.025111092 0.0
2 48 56.025111092 0.0
2 49 56.025111092 0.0
2 50 56.025111092 0.0
2 51 56.025111092 0.0
2 52 56.025111092 0.0
2 53 56.025111092 0.0
2 54 56.025111092 0.0
2 55 56.025111092 0.0
2 56 56.025111092 0.0
2 57 56.025111092 0.0
2 58 56.025111092 0.0
2 59 56.025111092 0.0
2 60 56.025111092 0.0
2 61 56.025111092 0.0
2 62 56.025111092 0.0
2 63 56.025111092 0.0
2 64 56.025111092 0.0
2 65 56.025111092 0.0
2 66 56.025111092 0.0
2 67 56.025111092 0.0
2 68 56.025111092 0.0
2 69 56.025111092 0.0
2 70 56.025111092 0.0
2 71 56.025111092 0.0
2 72 56.025111092 0.0
2 73 56.025111092 0.0
2 74 56.025111092 0.0
2 75 56.025111092 0.0
2 76 56.025111092 0.0
2 77 56.025111092 0.0
2 78 56.025111092 0.0
2 79 56.025111092 0.0
2 80 56.025111092 0.0
2 81 56.025111092 0.0
2 82 56.025111092 0.0
2 83 56.025111092 0.0
2 84 56.025111092 0.0
2 85 56.025111092 0.0
2 86 56.025111092 0.0
2 87 56.025111092 0.0
2 88 56.025111092 0.0
2 89 56.025111092 0.0
2 90 56.025111092 0.0
2 91 56.025111092 0.0
2 92 56.025111092 0.0
2 93 56.025111092 0.0
2 94 56.025111092 0.0
2 95 56.025111092 0.0
2 96 56.025111092 0.0
2 97 56.025111092 0.0
2 98 56.025111092 0.0
2 99 56.025111092 0.0
2 100 56.025111092 0.0
2 101 56.025111092 0.0
2 102 56.025111092 0.0
2 103 56.025111092 0.0
2 104 56.025111092 0.0
2 105 56.025111092 0.0
2 106 56.025111092 0.0
2 107 56.025111092 0.0
2 108 56.025111092 0.0
2 109 56.025111092 0.0
2 110 56.025111092 0.0
2 111 56.025111092 0.0
2 112 56.025111092 0.0
2 113 56.025111092 0.0
2 114 56.025111092 0.0
2 115 56.025111092 0.0
2 116 56.025111092 0.0
2 117 56.025111092 0.0
2 118 56.025111092 0.0
2 119 56.025111092 0.0
2 120 56.025111092 0.0
2 121 56.025111092 0.0
2 122 56.025111092 0.0
2 123 56.025111092 0.0
2 124 56.025111092 0.0
2 125 56.025111092 0.0
2 126 56.025111092 0.0
2 127 56.025111092 0.0
3 0 55.276282957999996 0.0
3 1 55.276282957999996 0.0
3 2 55.276282957999996 0.0
3 3 55.276282957999996 0.0
3 4 55.276282957999996 0.0
3 5 55.276282957999996 0.0
3 6 55.276282957999996 0.0
3 7 55.276282957999996 0.0
3 8 55.276282957999996 0.0
3 9 55.276282957999996 0.0
3 10 55.276282957999996 0.0
3 11 55.276282957999996 0.0
3 12 55.276282957999996 0.0
3 13 55.276282957999996 0.0
3 14 55.276282957999996 0.0
3 15 55.276282957999996 0.0
3 16 55.276282957999996 0.0
3 17 55.276282957999996 0.0
3 18 55.276282957999996 0.0
3 19 55.276282957999996 0.0
3 20 55.276282957999996 0.0
3 21 55.276282957999996 0.0
3 22 55.276282957999996 0.0
3 23 55.276282957999996 0.0
3 24 55.276282957999996 0.0
3 25 55.276282957999996 0.0
3 26 55.276282957999996 0.0
3 27 55.276282957999996 0.0
3 28 55.276282957999996 0.0
3 29 55.276282957999996 0.0
3 30 55.276282957999996 0.0
3 31 55.276282957999996 0.0
3 32 55.276282957999996 0.0
3 33 55.276282957999996 0.0
3 34 55.276282957999996 0.0
3 35 55.276282957999996 0.0
3 36 55.276282957999996 0.0
3 37 55.276282957999996 0.0
3 38 55.276282957999996 0.0
3 39 55.276282957999996 0.0
3 40 55.276282957999996 0.0
3 41 55.276282957999996 0.0
3 42 55.276282957999996 0.0
3 43 55.276282957999996 0.0
3 44 55.276282957999996 0.0
3 45 55.276282957999996 0.0
3 46 55.276282957999996 0.0
3 47 55.276282957999996 0.0
3 48 55.276282957999996 0.0
3 49 55.276282957999996 0.0
3 50 55.276282957999996 0.0
3 51 55.276282957999996 0.0
3 52 55.276282957999996 0.0
3 53 55.276282957999996 0.0
3 54 55.276282957999996 0.0
3 55 55.276282957999996 0.0
3 56 55.276282957999996 0.0
3 57 55.276282957999996 0.0
3 58 55.276282957999996 0.0
3 59 55.276282957999996 0.0
3 60 55.276282957999996 0.0
3 61 55.276282957999996 0.0
3 62 55.276282957999996 0.0
3 63 55.276282957999996 0.0
3 64 54.318275150000005 0.0
3 65 54.318275150000005 0.0
3 66 54.318275150000005 0.0
3 67 54.318275150000005 0.0
3 68 54.318275150000005 0.0
3 69 54.318275150000005 0.0
3 70 54.318275150000005 0.0
3 71 54.318275150000005 0.0
3 72 54.318275150000005 0.0
3 73 54.318275150000005 0.0
3 74 54.318275150000005 0.0
3 75 54.318275150000005 0.0
3 76 54.318275150000005 0.0
3 77 54.318275150000005 0.0
3 78 54.318275150000005 0.0
3 79 54.318275150000005 0.0
3 80 54.318275150000005 0.0
3 81 54.318275150000005 0.0
3 82 54.318275150000005 0.0
3 83 54.318275150000005 0.0
3 84 54.318275150000005 0.0
3 85 54.318275150000005 0.0
3 86 54.318275150000005 0.0
3 87 54.318275150000005 0.0
3 88 54.318275150000005 0.0
3 89 54.318275150000005 0.0
3 90 54.318275150000005 0.0
3 91 54.318275150000005 0.0
3 92 54.318275150000005 0.0
3 93 54.318275150000005 0.0
3 94 54.318275150000005 0.0
3 95 54.318275150000005 0.0
3 96 54.318275150000005 0.0
3 97 54.318275150000005 0.0
3 98 54.318275150000005 0.0
3 99 54.318275150000005 0.0
3 100 54.318275150000005 0.0
3 101 54.318275150000005 0.0
3 102 54.318275150000005 0.0
3 103 54.318275150000005 0.0
3 104 54.318275150000005 0.0
3 105 54.318275150000005 0.0
3 106 54.318275150000005 0.0
3 107 54.318275150000005 0.0
3 108 54.318275150000005 0.0
3 109 54.318275150000005 0.0
3 110 54.318275150000005 0.0
3 111 54.318275150000005 0.0
3 112 54.318275150000005 0.0
3 113 54.318275150000005 0.0
3 114 54.318275150000005 0.0
3 115 54.318275150000005 0.0
3 116 54.318275150000005 0.0
3 117 54.318275150000005 0.0
3 118 54.318275150000005 0.0
3 119 54.318275150000005 0.0
3 120 54.318275150000005 0.0
3 121 54.318275150000005 0.0
3 122 54.318275150000005 0.0
3 123 54.318275150000005 0.0
3 124 54.318275150000005 0.0
3 125 54.318275150000005 0.0
3 126 54.318275150000005 0.0
3 127 54.318275150000005 0.0
4 0 55.07781494 0.0
4 1 55.07781494 0.0
4 2 55.07781494 0.0
4 3 55.07781494 0.0
4 4 55.07781494 0.0
4 5 55.07781494 0.0
4 6 55.07781494 0.0
4 7 55.07781494 0.0
4 8 55.07781494 0.0
4 9 55.07781494 0.0
4 10 55.07781494 0.0
4 11 55.07781494 0.0
4 12 55.07781494 0.0
4 13 55.07781494 0.0
4 14 55.07781494 0.0
4 15 55.07781494 0.0
4 16 55.07781494 0.0
4 17 55.07781494 0.0
4 18 55.07781494 0.0
4 19 55.07781494 0.0
4 20 55.07781494 0.0
4 21 55.07781494 0.0
4 22 55.07781494 0.0
4 23 55.07781494 0.0
4 24 55.07781494 0.0
4 25 55.07781494 0.0
4 26 55.07781494 0.0
4 27 55.07781494 0.0
4 28 55.07781494 0.0
4 29 55.07781494 0.0
4 30 55.07781494 0.0
4 31 55.07781494 0.0
4 32 55.07781494 0.0
4 33 55.07781494 0.0
4 34 55.07781494 0.0
4 35 55.07781494 0.0
4 36 55.07781494 0.0
4 37 55.07781494 0.0
4 38 55.07781494 0.0
4 39 55.07781494 0.0
4 40 55.07781494 0.0
4 41 55.07781494 0.0
4 42 55.07781494 0.0
4 43 55.07781494 0.0
4 44 55.07781494 0.0
4 45 55.07781494 0.0
4 46 55.07781494 0.0
4 47 55.07781494 0.0
4 48 55.07781494 0.0
4 49 55.07781494 0.0
4 50 55.07781494 0.0
4 51 55.07781494 0.0
4 52 55.07781494 0.0
4 53 55.07781494 0.0
4 54 55.07781494 0.0
4 55 55.07781494 0.0
4 56 55.07781494 0.0
4 57 55.07781494 0.0
4 58 55.07781494 0.0
4 59 55.07781494 0.0
4 60 55.07781494 0.0
4 61 55.07781494 0.0
4 62 55.07781494 0.0
4 63 55.07781494 0.0
4 64 53.811805424 0.0
4 65 53.811805424 0.0
4 66 53.811805424 0.0
4 67 53.811805424 0.0
4 68 53.811805424 0.0
4 69 53.811805424 0.0
4 70 53.811805424 0.0
4 71 53.811805424 0.0
4 72 53.811805424 0.0
4 73 53.811805424 0.0
4 74 53.811805424 0.0
4 75 53.811805424 0.0
4 76 53.811805424 0.0
4 77 53.811805424 0.0
4 78 53.811805424 0.0
4 79 53.811805424 0.0
4 80 53.811805424 0.0
4 81 53.811805424 0.0
4 82 53.811805424 0.0
4 83 53.811805424 0.0
4 84 53.811805424 0.0
4 85 53.811805424 0.0
4 86 53.811805424 0.0
4 87 53.811805424 0.0
4 88 53.811805424 0.0
4 89 53.811805424 0.0
4 90 53.811805424 0.0
4 91 53.811805424 0.0
4 92 53.811805424 0.0
4 93 53.811805424 0.0
4 94 53.811805424 0.0
4 95 53.811805424 0.0
4 96 53.811805424 0.0
4 97 53.811805424 0.0
4 98 53.811805424 0.0
4 99 53.811805424 0.0
4 100 53.811805424 0.0
4 101 53.811805424 0.0
4 102 53.811805424 0.0
4 103 53.811805424 0.0
4 104 53.811805424 0.0
4 105 53.811805424 0.0
4 106 53.811805424 0.0
4 107 53.811805424 0.0
4 108 53.811805424 0.0
4 109 53.811805424 0.0
4 110 53.811805424 0.0
4 111 53.811805424 0.0
4 112 53.811805424 0.0
4 113 53.811805424 0.0
4 114 53.811805424 0.0
4 115 53.811805424 0.0
4 116 53.811805424 0.0
4 117 53.811805424 0.0
4 118 53.811805424 0.0
4 119 53.811805424 0.0
4 120 53.811805424 0.0
4 121 53.811805424 0.0
4 122 53.811805424 0.0
4 123 53.811805424 0.0
4 124 53.811805424 0.0
4 125 53.811805424 0.0
4 126 53.811805424 0.0
4 127 53.811805424 0.0
5 0 56.653199455999996 0.0405
5 1 56.653199455999996 0.0405
5 2 56.653199455999996 0.0405
5 3 56.653199455999996 0.0405
5 4 56.653199455999996 0.0405
5 5 56.653199455999996 0.0405
5 6 56.653199455999996 0.0405
5 7 56.653199455999996 0.0405
5 8 56.653199455999996 0.0405
5 9 56.653199455999996 0.0405
5 10 56.653199455999996 0.0405
5 11 56.653199455999996 0.0405
5 12 56.653199455999996 0.0405
5 13 56.653199455999996 0.0405
5 14 56.653199455999996 0.0405
5 15 56.653199455999996 0.0405
5 16 56.653199455999996 0.0405
5 17 56.653199455999996 0.0405
5 18 56.653199455999996 0.0405
5 19 56.653199455999996 0.0405
5 20 56.653199455999996 0.0405
5 21 56.653199455999996 0.0405
5 22 56.653199455999996 0.0405
5 23 56.653199455999996 0.0405
5 24 56.653199455999996 0.0405
5 25 56.653199455999996 0.0405
5 26 56.653199455999996 0.0405
5 27 56.653199455999996 0.0405
5 28 56.653199455999996 0.0405
5 29 56.653199455999996 0.0405
5 30 56.653199455999996 0.0405
5 31 56.653199455999996 0.0405
5 32 56.653199455999996 0.0405
5 33 56.653199455999996 0.0405
5 34 56.653199455999996 0.0405
5 35 56.653199455999996 0.0405
5 36 56.653199455999996 0.0405
5 37 56.653199455999996 0.0405
5 38 56.653199455999996 0.0405
5 39 56.653199455999996 0.0405
5 40 56.653199455999996 0.0405
5 41 56.653199455999996 0.0405
5 42 56.653199455999996 0.0405
5 43 56.653199455999996 0.0405
5 44 56.653199455999996 0.0405
5 45 56.653199455999996 0.0405
5 46 56.653199455999996 0.0405
5 47 56.653199455999996 0.0405
5 48 56.653199455999996 0.0405
5 49 56.653199455999996 0.0405
5 50 56.653199455999996 0.0405
5 51 56.653199455999996 0.0405
5 52 56.653199455999996 0.0405
5 53 56.653199455999996 0.0405
5 54 56.653199455999996 0.0405
5 55 56.653199455999996 0.0405
5 56 56.653199455999996 0.0405
5 57 56.653199455999996 0.0405
5 58 56.653199455999996 0.0405
5 59 56.653199455999996 0.0405
5 60 56.653199455999996 0.0405
5 61 56.653199455999996 0.0405
5 62 56.653199455999996 0.0405
5 63 56.653199455999996 0.0405
5 64 54.874622804 0.015
5 65 54.874622804 0.015
5 66 54.874622804 0.015
5 67 54.874622804 0.015
5 68 54.874622804 0.015
5 69 54.874622804 0.015
5 70 54.874622804 0.015
5 71 54.874622804 0.015
5 72 54.874622804 0.015
5 73 54.874622804 0.015
5 74 54.874622804 0.015
5 75 54.874622804 0.015
5 76 54.874622804 0.015
5 77 54.874622804 0.015
5 78 54.874622804 0.015
5 79 54.874622804 0.015
5 80 54.874622804 0.015
5 81 54.874622804 0.015
5 82 54.874622804 0.015
5 83 54.874622804 0.015
5 84 54.874622804 0.015
5 85 54.874622804 0.015
5 86 54.874622804 0.015
5 87 54.874622804 0.015
5 88 54.874622804 0.015
5 89 54.874622804 0.015
5 90 54.874622804 0.015
5 91 54.874622804 0.015
5 92 54.874622804 0.015
5 93 54.874622804 0.015
5 94 54.874622804 0.015
5 95 54.874622804 0.015
5 96 54.874622804 0.015
5 97 54.874622804 0.015
5 98 54.874622804 0.015
5 99 54.874622804 0.015
5 100 54.874622804 0.015
5 101 54.874622804 0.015
5 102 54.874622804 0.015
5 103 54.874622804 0.015
5 104 54.874622804 0.015
5 105 54.874622804 0.015
5 106 54.874622804 0.015
5 107 54.874622804 0.015
5 108 54.874622804 0.015
5 109 54.874622804 0.015
5 110 54.874622804 0.015
5 111 54.874622804 0.015
5 112 54.874622804 0.015
5 113 54.874622804 0.015
5 114 54.874622804 0.015
5 115 54.874622804 0.015
5 116 54.874622804 0.015
5 117 54.874622804 0.015
5 118 54.874622804 0.015
5 119 54.874622804 0.015
5 120 54.874622804 0.015
5 121 54.874622804 0.015
5 122 54.874622804 0.015
5 123 54.874622804 0.015
5 124 54.874622804 0.015
5 125 54.874622804 0.015
5 126 54.874622804 0.015
5 127 54.874622804 0.015
6 0 60.393330086 0.21
6 1 60.393330086 0.21
6 2 60.393330086 0.21
6 3 60.393330086 0.21
6 4 60.393330086 0.21
6 5 60.393330086 0.21
6 6 60.393330086 0.21
6 7 60.393330086 0.21
6 8 60.393330086 0.21
6 9 60.393330086 0.21
6 10 60.393330086 0.21
6 11 60.393330086 0.21
6 12 60.393330086 0.21
6 13 60.393330086 0.21
6 14 60.393330086 0.21
6 15 60.393330086 0.21
6 16 60.393330086 0.21
6 17 60.393330086 0.21
6 18 60.393330086 0.21
6 19 60.393330086 0.21
6 20 60.393330086 0.21
6 21 60.393330086 0.21
6 22 60.393330086 0.21
6 23 60.393330086 0.21
6 24 60.393330086 0.21
6 25 60.393330086 0.21
6 26 60.393330086 0.21
6 27 60.393330086 0.21
6 28 60.393330086 0.21
6 29 60.393330086 0.21
6 30 60.393330086 0.21
6 31 60.393330086 0.21
6 32 59.045087894 0.10049999999999999
6 33 59.045087894 0.10049999999999999
6 34 59.045087894 0.10049999999999999
6 35 59.045087894 0.10049999999999999
6 36 59.045087894 0.10049999999999999
6 37 59.045087894 0.10049999999999999
6 38 59.045087894 0.10049999999999999
6 39 59.045087894 0.10049999999999999
6 40 59.045087894 0.10049999999999999
6 41 59.045087894 0.10049999999999999
6 42 59.045087894 0.10049999999999999
6 43 59.045087894 0.10049999999999999
6 44 59.045087894 0.10049999999999999
6 45 59.045087894 0.10049999999999999
6 46 59.045087894 0.10049999999999999
6 47 59.045087894 0.10049999999999999
6 48 59.045087894 0.10049999999999999
6 49 59.045087894 0.10049999999999999
6 50 59.045087894 0.10049999999999999
6 51 59.045087894 0.10049999999999999
6 52 59.045087894 0.10049999999999999
6 53 59.045087894 0.10049999999999999
6 54 59.045087894 0.10049999999999999
6 55 59.045087894 0.10049999999999999
6 56 59.045087894 0.10049999999999999
6 57 59.045087894 0.10049999999999999
6 58 59.045087894 0.10049999999999999
6 59 59.045087894 0.10049999999999999
6 60 59.045087894 0.10049999999999999
6 61 59.045087894 0.10049999999999999
6 62 59.045087894 0.10049999999999999
6 63 59.045087894 0.10049999999999999
6 64 57.555506588 0.17099999999999999
6 65 57.555506588 0.17099999999999999
6 66 57.555506588 0.17099999999999999
6 67 57.555506588 0.17099999999999999
6 68 57.555506588 0.17099999999999999
6 69 57.555506588 0.17099999999999999
6 70 57.555506588 0.17099999999999999
6 71 57.555506588 0.17099999999999999
6 72 57.555506588 0.17099999999999999
6 73 57.555506588 0.17099999999999999
6 74 57.555506588 0.17099999999999999
6 75 57.555506588 0.17099999999999999
6 76 57.555506588 0.17099999999999999
6 77 57.555506588 0.17099999999999999
6 78 57.555506588 0.17099999999999999
6 79 57.555506588 0.17099999999999999
6 80 57.555506588 0.17099999999999999
6 81 57.555506588 0.17099999999999999
6 82 57.555506588 0.17099999999999999
6 83 57.555506588 0.17099999999999999
6 84 57.555506588 0.17099999999999999
6 85 57.555506588 0.17099999999999999
6 86 57.555506588 0.17099999999999999
6 87 57.555506588 0.17099999999999999
6 88 57.555506588 0.17099999999999999
6 89 57.555506588 0.17099999999999999
6 90 57.555506588 0.17099999999999999
6 91 57.555506588 0.17099999999999999
6 92 57.555506588 0.17099999999999999
6 93 57.555506588 0.17099999999999999
6 94 57.555506588 0.17099999999999999
6 95 57.555506588 0.17099999999999999
6 96 56.266041254 0.18
6 97 56.266041254 0.18
6 98 56.266041254 0.18
6 99 56.266041254 0.18
6 100 56.266041254 0.18
6 101 56.266041254 0.18
6 102 56.266041254 0.18
6 103 56.266041254 0.18
6 104 56.266041254 0.18
6 105 56.266041254 0.18
6 106 56.266041254 0.18
6 107 56.266041254 0.18
6 108 56.266041254 0.18
6 109 56.266041254 0.18
6 110 56.266041254 0.18
6 111 56.266041254 0.18
6 112 56.266041254 0.18
6 113 56.266041254 0.18
6 114 56.266041254 0.18
6 115 56.266041254 0.18
6 116 56.266041254 0.18
6 117 56.266041254 0.18
6 118 56.266041254 0.18
6 119 56.266041254 0.18
6 120 56.266041254 0.18
6 121 56.266041254 0.18
6 122 56.266041254 0.18
6 123 56.266041254 0.18
6 124 56.266041254 0.18
6 125 56.266041254 0.18
6 126 56.266041254 0.18
6 127 56.266041254 0.18
7 0 64.57928588600001 0.43199999999999994
7 1 64.57928588600001 0.43199999999999994
7 2 64.57928588600001 0.43199999999999994
7 3 64.57928588600001 0.43199999999999994
7 4 64.57928588600001 0.43199999999999994
7 5 64.57928588600001 0.43199999999999994
7 6 64.57928588600001 0.43199999999999994
7 7 64.57928588600001 0.43199999999999994
7 8 64.57928588600001 0.43199999999999994
7 9 64.57928588600001 0.43199999999999994
7 10 64.57928588600001 0.43199999999999994
7 11 64.57928588600001 0.43199999999999994
7 12 64.57928588600001 0.43199999999999994
7 13 64.57928588600001 0.43199999999999994
7 14 64.57928588600001 0.43199999999999994
7 15 64.57928588600001 0.43199999999999994
7 16 64.57928588600001 0.43199999999999994
7 17 64.57928588600001 0.43199999999999994
7 18 64.57928588600001 0.43199999999999994
7 19 64.57928588600001 0.43199999999999994
7 20 64.57928588600001 0.43199999999999994
7 21 64.57928588600001 0.43199999999999994
7 22 64.57928588600001 0.43199999999999994
7 23 64.57928588600001 0.43199999999999994
7 24 64.57928588600001 0.43199999999999994
7 25 64.57928588600001 0.43199999999999994
7 26 64.57928588600001 0.43199999999999994
7 27 64.57928588600001 0.43199999999999994
7 28 64.57928588600001 0.43199999999999994
7 29 64.57928588600001 0.43199999999999994
7 30 64.57928588600001 0.43199999999999994
7 31 64.57928588600001 0.43199999999999994
7 32 61.61204345 0.249
7 33 61.61204345 0.249
7 34 61.61204345 0.249
7 35 61.61204345 0.249
7 36 61.61204345 0.249
7 37 61.61204345 0.249
7 38 61.61204345 0.249
7 39 61.61204345 0.249
7 40 61.61204345 0.249
7 41 61.61204345 0.249
7 42 61.61204345 0.249
7 43 61.61204345 0.249
7 44 61.61204345 0.249
7 45 61.61204345 0.249
7 46 61.61204345 0.249
7 47 61.61204345 0.249
7 48 61.61204345 0.249
7 49 61.61204345 0.249
7 50 61.61204345 0.249
7 51 61.61204345 0.249
7 52 61.61204345 0.249
7 53 61.61204345 0.249
7 54 61.61204345 0.249
7 55 61.61204345 0.249
7 56 61.61204345 0.249
7 57 61.61204345 0.249
7 58 61.61204345 0.249
7 59 61.61204345 0.249
7 60 61.61204345 0.249
7 61 61.61204345 0.249
7 62 61.61204345 0.249
7 63 61.61204345 0.249
7 64 61.089973142 0.393
7 65 61.089973142 0.393
7 66 61.089973142 0.393
7 67 61.089973142 0.393
7 68 61.089973142 0.393
7 69 61.089973142 0.393
7 70 61.089973142 0.393
7 71 61.089973142 0.393
7 72 61.089973142 0.393
7 73 61.089973142 0.393
7 74 61.089973142 0.393
7 75 61.089973142 0.393
7 76 61.089973142 0.393
7 77 61.089973142 0.393
7 78 61.089973142 0.393
7 79 61.089973142 0.393
7 80 61.089973142 0.393
7 81 61.089973142 0.393
7 82 61.089973142 0.393
7 83 61.089973142 0.393
7 84 61.089973142 0.393
7 85 61.089973142 0.393
7 86 61.089973142 0.393
7 87 61.089973142 0.393
7 88 61.089973142 0.393
7 89 61.089973142 0.393
7 90 61.089973142 0.393
7 91 61.089973142 0.393
7 92 61.089973142 0.393
7 93 61.089973142 0.393
7 94 61.089973142 0.393
7 95 61.089973142 0.393
7 96 58.978455818 0.405
7 97 58.978455818 0.405
7 98 58.978455818 0.405
7 99 58.978455818 0.405
7 100 58.978455818 0.405
7 101 58.978455818 0.405
7 102 58.978455818 0.405
7 103 58.978455818 0.405
7 104 58.978455818 0.405
7 105 58.978455818 0.405
7 106 58.978455818 0.405
7 107 58.978455818 0.405
7 108 58.978455818 0.405
7 109 58.978455818 0.405
7 110 58.978455818 0.405
7 111 58.978455818 0.405
7 112 58.978455818 0.405
7 113 58.978455818 0.405
7 114 58.978455818 0.405
7 115 58.978455818 0.405
7 116 58.978455818 0.405
7 117 58.978455818 0.405
7 118 58.978455818 0.405
7 119 58.978455818 0.405
7 120 58.978455818 0.405
7 121 58.978455818 0.405
7 122 58.978455818 0.405
7 123 58.978455818 0.405
7 124 58.978455818 0.405
7 125 58.978455818 0.405
7 126 58.978455818 0.405
7 127 58.978455818 0.405
8 0 67.83656737999999 0.6645
8 1 67.83656737999999 0.6645
8 2 67.83656737999999 0.6645
8 3 67.83656737999999 0.6645
8 4 67.83656737999999 0.6645
8 5 67.83656737999999 0.6645
8 6 67.83656737999999 0.6645
8 7 67.83656737999999 0.6645
8 8 67.83656737999999 0.6645
8 9 67.83656737999999 0.6645
8 10 67.83656737999999 0.6645
8 11 67.83656737999999 0.6645
8 12 67.83656737999999 0.6645
8 13 67.83656737999999 0.6645
8 14 67.83656737999999 0.6645
8 15 67.83656737999999 0.6645
8 16 67.83656737999999 0.6645
8 17 67.83656737999999 0.6645
8 18 67.83656737999999 0.6645
8 19 67.83656737999999 0.6645
8 20 67.83656737999999 0.6645
8 21 67.83656737999999 0.6645
8 22 67.83656737999999 0.6645
8 23 67.83656737999999 0.6645
8 24 67.83656737999999 0.6645
8 25 67.83656737999999 0.6645
8 26 67.83656737999999 0.6645
8 27 67.83656737999999 0.6645
8 28 67.83656737999999 0.6645
8 29 67.83656737999999 0.6645
8 30 67.83656737999999 0.6645
8 31 67.83656737999999 0.6645
8 32 62.821033934 0.504
8 33 62.821033934 0.504
8 34 62.821033934 0.504
8 35 62.821033934 0.504
8 36 62.821033934 0.504
8 37 62.821033934 0.504
8 38 62.821033934 0.504
8 39 62.821033934 0.504
8 40 62.821033934 0.504
8 41 62.821033934 0.504
8 42 62.821033934 0.504
8 43 62.821033934 0.504
8 44 62.821033934 0.504
8 45 62.821033934 0.504
8 46 62.821033934 0.504
8 47 62.821033934 0.504
8 48 62.821033934 0.504
8 49 62.821033934 0.504
8 50 62.821033934 0.504
8 51 62.821033934 0.504
8 52 62.821033934 0.504
8 53 62.821033934 0.504
8 54 62.821033934 0.504
8 55 62.821033934 0.504
8 56 62.821033934 0.504
8 57 62.821033934 0.504
8 58 62.821033934 0.504
8 59 62.821033934 0.504
8 60 62.821033934 0.504
8 61 62.821033934 0.504
8 62 62.821033934 0.504
8 63 62.821033934 0.504
8 64 65.026978754 0.6285
8 65 65.026978754 0.6285
8 66 65.026978754 0.6285
8 67 65.026978754 0.6285
8 68 65.026978754 0.6285
8 69 65.026978754 0.6285
8 70 65.026978754 0.6285
8 71 65.026978754 0.6285
8 72 65.026978754 0.6285
8 73 65.026978754 0.6285
8 74 65.026978754 0.6285
8 75 65.026978754 0.6285
8 76 65.026978754 0.6285
8 77 65.026978754 0.6285
8 78 65.026978754 0.6285
8 79 65.026978754 0.6285
8 80 65.026978754 0.6285
8 81 65.026978754 0.6285
8 82 65.026978754 0.6285
8 83 65.026978754 0.6285
8 84 65.026978754 0.6285
8 85 65.026978754 0.6285
8 86 65.026978754 0.6285
8 87 65.026978754 0.6285
8 88 65.026978754 0.6285
8 89 65.026978754 0.6285
8 90 65.026978754 0.6285
8 91 65.026978754 0.6285
8 92 65.026978754 0.6285
8 93 65.026978754 0.6285
8 94 65.026978754 0.6285
8 95 65.026978754 0.6285
8 96 62.533356925999996 0.606
8 97 62.533356925999996 0.606
8 98 62.533356925999996 0.606
8 99 62.533356925999996 0.606
8 100 62.533356925999996 0.606
8 101 62.533356925999996 0.606
8 102 62.533356925999996 0.606
8 103 62.533356925999996 0.606
8 104 62.533356925999996 0.606
8 105 62.533356925999996 0.606
8 106 62.533356925999996 0.606
8 107 62.533356925999996 0.606
8 108 62.533356925999996 0.606
8 109 62.533356925999996 0.606
8 110 62.533356925999996 0.606
8 111 62.533356925999996 0.606
8 112 62.533356925999996 0.606
8 113 62.533356925999996 0.606
8 114 62.533356925999996 0.606
8 115 62.533356925999996 0.606
8 116 62.533356925999996 0.606
8 117 62.533356925999996 0.606
8 118 62.533356925999996 0.606
8 119 62.533356925999996 0.606
8 120 62.533356925999996 0.606
8 121 62.533356925999996 0.606
8 122 62.533356925999996 0.606
8 123 62.533356925999996 0.606
8 124 62.533356925999996 0.606
8 125 62.533356925999996 0.606
8 126 62.533356925999996 0.606
8 127 62.533356925999996 0.606
9 0 70.477845458 0.885
9 1 70.477845458 0.885
9 2 70.477845458 0.885
9 3 70.477845458 0.885
9 4 70.477845458 0.885
9 5 70.477845458 0.885
9 6 70.477845458 0.885
9 7 70.477845458 0.885
9 8 70.477845458 0.885
9 9 70.477845458 0.885
9 10 70.477845458 0.885
9 11 70.477845458 0.885
9 12 70.477845458 0.885
9 13 70.477845458 0.885
9 14 70.477845458 0.885
9 15 70.477845458 0.885
9 16 69.360920402 0.948
9 17 69.360920402 0.948
9 18 69.360920402 0.948
9 19 69.360920402 0.948
9 20 69.360920402 0.948
9 21 69.360920402 0.948
9 22 69.360920402 0.948
9 23 69.360920402 0.948
9 24 69.360920402 0.948
9 25 69.360920402 0.948
9 26 69.360920402 0.948
9 27 69.360920402 0.948
9 28 69.360920402 0.948
9 29 69.360920402 0.948
9 30 69.360920402 0.948
9 31 69.360920402 0.948
9 32 64.166914058 0.4335
9 33 64.166914058 0.4335
9 34 64.166914058 0.4335
9 35 64.166914058 0.4335
9 36 64.166914058 0.4335
9 37 64.166914058 0.4335
9 38 64.166914058 0.4335
9 39 64.166914058 0.4335
9 40 64.166914058 0.4335
9 41 64.166914058 0.4335
9 42 64.166914058 0.4335
9 43 64.166914058 0.4335
9 44 64.166914058 0.4335
9 45 64.166914058 0.4335
9 46 64.166914058 0.4335
9 47 64.166914058 0.4335
9 48 65.829090578 0.8625
9 49 65.829090578 0.8625
9 50 65.829090578 0.8625
9 51 65.829090578 0.8625
9 52 65.829090578 0.8625
9 53 65.829090578 0.8625
9 54 65.829090578 0.8625
9 55 65.829090578 0.8625
9 56 65.829090578 0.8625
9 57 65.829090578 0.8625
9 58 65.829090578 0.8625
9 59 65.829090578 0.8625
9 60 65.829090578 0.8625
9 61 65.829090578 0.8625
9 62 65.829090578 0.8625
9 63 65.829090578 0.8625
9 64 68.694709478 0.8489999999999999
9 65 68.694709478 0.8489999999999999
9 66 68.694709478 0.8489999999999999
9 67 68.694709478 0.8489999999999999
9 68 68.694709478 0.8489999999999999
9 69 68.694709478 0.8489999999999999
9 70 68.694709478 0.8489999999999999
9 71 68.694709478 0.8489999999999999
9 72 68.694709478 0.8489999999999999
9 73 68.694709478 0.8489999999999999
9 74 68.694709478 0.8489999999999999
9 75 68.694709478 0.8489999999999999
9 76 68.694709478 0.8489999999999999
9 77 68.694709478 0.8489999999999999
9 78 68.694709478 0.8489999999999999
9 79 68.694709478 0.8489999999999999
9 80 66.721674812 0.15
9 81 66.721674812 0.15
9 82 66.721674812 0.15
9 83 66.721674812 0.15
9 84 66.721674812 0.15
9 85 66.721674812 0.15
9 86 66.721674812 0.15
9 87 66.721674812 0.15
9 88 66.721674812 0.15
9 89 66.721674812 0.15
9 90 66.721674812 0.15
9 91 66.721674812 0.15
9 92 66.721674812 0.15
9 93 66.721674812 0.15
9 94 66.721674812 0.15
9 95 66.721674812 0.15
9 96 65.829090578 0.8625
9 97 65.829090578 0.8625
9 98 65.829090578 0.8625
9 99 65.829090578 0.8625
9 100 65.829090578 0.8625
9 101 65.829090578 0.8625
9 102 65.829090578 0.8625
9 103 65.829090578 0.8625
9 104 65.829090578 0.8625
9 105 65.829090578 0.8625
9 106 65.829090578 0.8625
9 107 65.829090578 0.8625
9 108 65.829090578 0.8625
9 109 65.829090578 0.8625
9 110 65.829090578 0.8625
9 111 65.829090578 0.8625
9 112 64.166914058 0.4335
9 113 64.166914058 0.4335
9 114 64.166914058 0.4335
9 115 64.166914058 0.4335
9 116 64.166914058 0.4335
9 117 64.166914058 0.4335
9 118 64.166914058 0.4335
9 119 64.166914058 0.4335
9 120 64.166914058 0.4335
9 121 64.166914058 0.4335
9 122 64.166914058 0.4335
9 123 64.166914058 0.4335
9 124 64.166914058 0.4335
9 125 64.166914058 0.4335
9 126 64.166914058 0.4335
9 127 64.166914058 0.4335
10 0 72.732624512 1.0695
10 1 72.732624512 1.0695
10 2 72.732624512 1.0695
10 3 72.732624512 1.0695
10 4 72.732624512 1.0695
10 5 72.732624512 1.0695
10 6 72.732624512 1.0695
10 7 72.732624512 1.0695
10 8 72.732624512 1.0695
10 9 72.732624512 1.0695
10 10 72.732624512 1.0695
10 11 72.732624512 1.0695
10 12 72.732624512 1.0695
10 13 72.732624512 1.0695
10 14 72.732624512 1.0695
10 15 72.732624512 1.0695
10 16 72.13859375000001 1.1325
10 17 72.13859375000001 1.1325
10 18 72.13859375000001 1.1325
10 19 72.13859375000001 1.1325
10 20 72.13859375000001 1.1325
10 21 72.13859375000001 1.1325
10 22 72.13859375000001 1.1325
10 23 72.13859375000001 1.1325
10 24 72.13859375000001 1.1325
10 25 72.13859375000001 1.1325
10 26 72.13859375000001 1.1325
10 27 72.13859375000001 1.1325
10 28 72.13859375000001 1.1325
10 29 72.13859375000001 1.1325
10 30 72.13859375000001 1.1325
10 31 72.13859375000001 1.1325
10 32 66.66361206799999 0.276
10 33 66.66361206799999 0.276
10 34 66.66361206799999 0.276
10 35 66.66361206799999 0.276
10 36 66.66361206799999 0.276
10 37 66.66361206799999 0.276
10 38 66.66361206799999 0.276
10 39 66.66361206799999 0.276
10 40 66.66361206799999 0.276
10 41 66.66361206799999 0.276
10 42 66.66361206799999 0.276
10 43 66.66361206799999 0.276
10 44 66.66361206799999 0.276
10 45 66.66361206799999 0.276
10 46 66.66361206799999 0.276
10 47 66.66361206799999 0.276
10 48 68.42829101000001 1.0455
10 49 68.42829101000001 1.0455
10 50 68.42829101000001 1.0455
10 51 68.42829101000001 1.0455
10 52 68.42829101000001 1.0455
10 53 68.42829101000001 1.0455
10 54 68.42829101000001 1.0455
10 55 68.42829101000001 1.0455
10 56 68.42829101000001 1.0455
10 57 68.42829101000001 1.0455
10 58 68.42829101000001 1.0455
10 59 68.42829101000001 1.0455
10 60 68.42829101000001 1.0455
10 61 68.42829101000001 1.0455
10 62 68.42829101000001 1.0455
10 63 68.42829101000001 1.0455
10 64 71.49792603200001 1.032
10 65 71.49792603200001 1.032
10 66 71.49792603200001 1.032
10 67 71.49792603200001 1.032
10 68 71.49792603200001 1.032
10 69 71.49792603200001 1.032
10 70 71.49792603200001 1.032
10 71 71.49792603200001 1.032
10 72 71.49792603200001 1.032
10 73 71.49792603200001 1.032
10 74 71.49792603200001 1.032
10 75 71.49792603200001 1.032
10 76 71.49792603200001 1.032
10 77 71.49792603200001 1.032
10 78 71.49792603200001 1.032
10 79 71.49792603200001 1.032
10 80 68.185712894 0.1995
10 81 68.185712894 0.1995
10 82 68.185712894 0.1995
10 83 68.185712894 0.1995
10 84 68.185712894 0.1995
10 85 68.185712894 0.1995
10 86 68.185712894 0.1995
10 87 68.185712894 0.1995
10 88 68.185712894 0.1995
10 89 68.185712894 0.1995
10 90 68.185712894 0.1995
10 91 68.185712894 0.1995
10 92 68.185712894 0.1995
10 93 68.185712894 0.1995
10 94 68.185712894 0.1995
10 95 68.185712894 0.1995
10 96 68.42829101000001 1.0455
10 97 68.42829101000001 1.0455
10 98 68.42829101000001 1.0455
10 99 68.42829101000001 1.0455
10 100 68.42829101000001 1.0455
10 101 68.42829101000001 1.0455
10 102 68.42829101000001 1.0455
10 103 68.42829101000001 1.0455
10 104 68.42829101000001 1.0455
10 105 68.42829101000001 1.0455
10 106 68.42829101000001 1.0455
10 107 68.42829101000001 1.0455
10 108 68.42829101000001 1.0455
10 109 68.42829101000001 1.0455
10 110 68.42829101000001 1.0455
10 111 68.42829101000001 1.0455
10 112 66.66361206799999 0.276
10 113 66.66361206799999 0.276
10 114 66.66361206799999 0.276
10 115 66.66361206799999 0.276
10 116 66.66361206799999 0.276
10 117 66.66361206799999 0.276
10 118 66.66361206799999 0.276
10 119 66.66361206799999 0.276
10 120 66.66361206799999 0.276
10 121 66.66361206799999 0.276
10 122 66.66361206799999 0.276
10 123 66.66361206799999 0.276
10 124 66.66361206799999 0.276
10 125 66.66361206799999 0.276
10 126 66.66361206799999 0.276
10 127 66.66361206799999 0.276
11 0 74.61573609199999 1.203
11 1 74.61573609199999 1.203
11 2 74.61573609199999 1.203
11 3 74.61573609199999 1.203
11 4 74.61573609199999 1.203
11 5 74.61573609199999 1.203
11 6 74.61573609199999 1.203
11 7 74.61573609199999 1.203
11 8 74.61573609199999 1.203
11 9 74.61573609199999 1.203
11 10 74.61573609199999 1.203
11 11 74.61573609199999 1.203
11 12 74.61573609199999 1.203
11 13 74.61573609199999 1.203
11 14 74.61573609199999 1.203
11 15 74.61573609199999 1.203
11 16 74.52345092 1.2645
11 17 74.52345092 1.2645
11 18 74.52345092 1.2645
11 19 74.52345092 1.2645
11 20 74.52345092 1.2645
11 21 74.52345092 1.2645
11 22 74.52345092 1.2645
11 23 74.52345092 1.2645
11 24 74.52345092 1.2645
11 25 74.52345092 1.2645
11 26 74.52345092 1.2645
11 27 74.52345092 1.2645
11 28 74.52345092 1.2645
11 29 74.52345092 1.2645
11 30 74.52345092 1.2645
11 31 74.52345092 1.2645
11 32 69.79603393400001 0.8145
11 33 69.79603393400001 0.8145
11 34 69.79603393400001 0.8145
11 35 69.79603393400001 0.8145
11 36 69.79603393400001 0.8145
11 37 69.79603393400001 0.8145
11 38 69.79603393400001 0.8145
11 39 69.79603393400001 0.8145
11 40 69.79603393400001 0.8145
11 41 69.79603393400001 0.8145
11 42 69.79603393400001 0.8145
11 43 69.79603393400001 0.8145
11 44 69.79603393400001 0.8145
11 45 69.79603393400001 0.8145
11 46 69.79603393400001 0.8145
11 47 69.79603393400001 0.8145
11 48 70.70399902400001 1.173
11 49 70.70399902400001 1.173
11 50 70.70399902400001 1.173
11 51 70.70399902400001 1.173
11 52 70.70399902400001 1.173
11 53 70.70399902400001 1.173
11 54 70.70399902400001 1.173
11 55 70.70399902400001 1.173
11 56 70.70399902400001 1.173
11 57 70.70399902400001 1.173
11 58 70.70399902400001 1.173
11 59 70.70399902400001 1.173
11 60 70.70399902400001 1.173
11 61 70.70399902400001 1.173
11 62 70.70399902400001 1.173
11 63 70.70399902400001 1.173
11 64 73.342310792 1.164
11 65 73.342310792 1.164
11 66 73.342310792 1.164
11 67 73.342310792 1.164
11 68 73.342310792 1.164
11 69 73.342310792 1.164
11 70 73.342310792 1.164
11 71 73.342310792 1.164
11 72 73.342310792 1.164
11 73 73.342310792 1.164
11 74 73.342310792 1.164
11 75 73.342310792 1.164
11 76 73.342310792 1.164
11 77 73.342310792 1.164
11 78 73.342310792 1.164
11 79 73.342310792 1.164
11 80 68.957777102 0.3494999999999999
11 81 68.957777102 0.3494999999999999
11 82 68.957777102 0.3494999999999999
11 83 68.957777102 0.3494999999999999
11 84 68.957777102 0.3494999999999999
11 85 68.957777102 0.3494999999999999
11 86 68.957777102 0.3494999999999999
11 87 68.957777102 0.3494999999999999
11 88 68.957777102 0.3494999999999999
11 89 68.957777102 0.3494999999999999
11 90 68.957777102 0.3494999999999999
11 91 68.957777102 0.3494999999999999
11 92 68.957777102 0.3494999999999999
11 93 68.957777102 0.3494999999999999
11 94 68.957777102 0.3494999999999999
11 95 68.957777102 0.3494999999999999
11 96 70.70399902400001 1.173
11 97 70.70399902400001 1.173
11 98 70.70399902400001 1.173
11 99 70.70399902400001 1.173
11 100 70.70399902400001 1.173
11 101 70.70399902400001 1.173
11 102 70.70399902400001 1.173
11 103 70.70399902400001 1.173
11 104 70.70399902400001 1.173
11 105 70.70399902400001 1.173
11 106 70.70399902400001 1.173
11 107 70.70399902400001 1.173
11 108 70.70399902400001 1.173
11 109 70.70399902400001 1.173
11 110 70.70399902400001 1.173
11 111 70.70399902400001 1.173
11 112 69.79603393400001 0.8145
11 113 69.79603393400001 0.8145
11 114 69.79603393400001 0.8145
11 115 69.79603393400001 0.8145
11 116 69.79603393400001 0.8145
11 117 69.79603393400001 0.8145
11 118 69.79603393400001 0.8145
11 119 69.79603393400001 0.8145
11 120 69.79603393400001 0.8145
11 121 69.79603393400001 0.8145
11 122 69.79603393400001 0.8145
11 123 69.79603393400001 0.8145
11 124 69.79603393400001 0.8145
11 125 69.79603393400001 0.8145
11 126 69.79603393400001 0.8145
11 127 69.79603393400001 0.8145
12 0 76.064173592 1.107
12 1 76.064173592 1.107
12 2 76.064173592 1.107
12 3 76.064173592 1.107
12 4 76.064173592 1.107
12 5 76.064173592 1.107
12 6 76.064173592 1.107
12 7 76.064173592 1.107
12 8 76.480555424 1.3335
12 9 76.480555424 1.3335
12 10 76.480555424 1.3335
12 11 76.480555424 1.3335
12 12 76.480555424 1.3335
12 13 76.480555424 1.3335
12 14 76.480555424 1.3335
12 15 76.480555424 1.3335
12 16 76.480555424 1.3335
12 17 76.480555424 1.3335
12 18 76.480555424 1.3335
12 19 76.480555424 1.3335
12 20 76.480555424 1.3335
12 21 76.480555424 1.3335
12 22 76.480555424 1.3335
12 23 76.480555424 1.3335
12 24 76.064173592 1.107
12 25 76.064173592 1.107
12 26 76.064173592 1.107
12 27 76.064173592 1.107
12 28 76.064173592 1.107
12 29 76.064173592 1.107
12 30 76.064173592 1.107
12 31 76.064173592 1.107
12 32 72.31025512400001 1.164
12 33 72.31025512400001 1.164
12 34 72.31025512400001 1.164
12 35 72.31025512400001 1.164
12 36 72.31025512400001 1.164
12 37 72.31025512400001 1.164
12 38 72.31025512400001 1.164
12 39 72.31025512400001 1.164
12 40 72.323328866 0.828
12 41 72.323328866 0.828
12 42 72.323328866 0.828
12 43 72.323328866 0.828
12 44 72.323328866 0.828
12 45 72.323328866 0.828
12 46 72.323328866 0.828
12 47 72.323328866 0.828
12 48 72.553107902 1.239
12 49 72.553107902 1.239
12 50 72.553107902 1.239
12 51 72.553107902 1.239
12 52 72.553107902 1.239
12 53 72.553107902 1.239
12 54 72.553107902 1.239
12 55 72.553107902 1.239
12 56 72.323328866 0.828
12 57 72.323328866 0.828
12 58 72.323328866 0.828
12 59 72.323328866 0.828
12 60 72.323328866 0.828
12 61 72.323328866 0.828
12 62 72.323328866 0.828
12 63 72.323328866 0.828
12 64 74.538557132 1.2315
12 65 74.538557132 1.2315
12 66 74.538557132 1.2315
12 67 74.538557132 1.2315
12 68 74.538557132 1.2315
12 69 74.538557132 1.2315
12 70 74.538557132 1.2315
12 71 74.538557132 1.2315
12 72 72.67884643400001 1.002
12 73 72.67884643400001 1.002
12 74 72.67884643400001 1.002
12 75 72.67884643400001 1.002
12 76 72.67884643400001 1.002
12 77 72.67884643400001 1.002
12 78 72.67884643400001 1.002
12 79 72.67884643400001 1.002
12 80 69.30972411799999 0.3405
12 81 69.30972411799999 0.3405
12 82 69.30972411799999 0.3405
12 83 69.30972411799999 0.3405
12 84 69.30972411799999 0.3405
12 85 69.30972411799999 0.3405
12 86 69.30972411799999 0.3405
12 87 69.30972411799999 0.3405
12 88 70.667304692 1.1685
12 89 70.667304692 1.1685
12 90 70.667304692 1.1685
12 91 70.667304692 1.1685
12 92 70.667304692 1.1685
12 93 70.667304692 1.1685
12 94 70.667304692 1.1685
12 95 70.667304692 1.1685
12 96 72.553107902 1.239
12 97 72.553107902 1.239
12 98 72.553107902 1.239
12 99 72.553107902 1.239
12 100 72.553107902 1.239
12 101 72.553107902 1.239
12 102 72.553107902 1.239
12 103 72.553107902 1.239
12 104 72.323328866 0.828
12 105 72.323328866 0.828
12 106 72.323328866 0.828
12 107 72.323328866 0.828
12 108 72.323328866 0.828
12 109 72.323328866 0.828
12 110 72.323328866 0.828
12 111 72.323328866 0.828
12 112 72.31025512400001 1.164
12 113 72.31025512400001 1.164
12 114 72.31025512400001 1.164
12 115 72.31025512400001 1.164
12 116 72.31025512400001 1.164
12 117 72.31025512400001 1.164
12 118 72.31025512400001 1.164
12 119 72.31025512400001 1.164
12 120 72.323328866 0.828
12 121 72.323328866 0.828
12 122 72.323328866 0.828
12 123 72.323328866 0.828
12 124 72.323328866 0.828
12 125 72.323328866 0.828
12 126 72.323328866 0.828
12 127 72.323328866 0.828
13 0 77.01553466600001 1.0545
13 1 77.01553466600001 1.0545
13 2 77.01553466600001 1.0545
13 3 77.01553466600001 1.0545
13 4 77.01553466600001 1.0545
13 5 77.01553466600001 1.0545
13 6 77.01553466600001 1.0545
13 7 77.01553466600001 1.0545
13 8 77.91954467 1.3335
13 9 77.91954467 1.3335
13 10 77.91954467 1.3335
13 11 77.91954467 1.3335
13 12 77.91954467 1.3335
13 13 77.91954467 1.3335
13 14 77.91954467 1.3335
13 15 77.91954467 1.3335
13 16 77.91954467 1.3335
13 17 77.91954467 1.3335
13 18 77.91954467 1.3335
13 19 77.91954467 1.3335
13 20 77.91954467 1.3335
13 21 77.91954467 1.3335
13 22 77.91954467 1.3335
13 23 77.91954467 1.3335
13 24 77.01553466600001 1.0545
13 25 77.01553466600001 1.0545
13 26 77.01553466600001 1.0545
13 27 77.01553466600001 1.0545
13 28 77.01553466600001 1.0545
13 29 77.01553466600001 1.0545
13 30 77.01553466600001 1.0545
13 31 77.01553466600001 1.0545
13 32 73.662562256 1.1055
13 33 73.662562256 1.1055
13 34 73.662562256 1.1055
13 35 73.662562256 1.1055
13 36 73.662562256 1.1055
13 37 73.662562256 1.1055
13 38 73.662562256 1.1055
13 39 73.662562256 1.1055
13 40 73.313691404 0.855
13 41 73.313691404 0.855
13 42 73.313691404 0.855
13 43 73.313691404 0.855
13 44 73.313691404 0.855
13 45 73.313691404 0.855
13 46 73.313691404 0.855
13 47 73.313691404 0.855
13 48 73.527210698 1.236
13 49 73.527210698 1.236
13 50 73.527210698 1.236
13 51 73.527210698 1.236
13 52 73.527210698 1.236
13 53 73.527210698 1.236
13 54 73.527210698 1.236
13 55 73.527210698 1.236
13 56 73.313691404 0.855
13 57 73.313691404 0.855
13 58 73.313691404 0.855
13 59 73.313691404 0.855
13 60 73.313691404 0.855
13 61 73.313691404 0.855
13 62 73.313691404 0.855
13 63 73.313691404 0.855
13 64 75.191694332 1.23
13 65 75.191694332 1.23
13 66 75.191694332 1.23
13 67 75.191694332 1.23
13 68 75.191694332 1.23
13 69 75.191694332 1.23
13 70 75.191694332 1.23
13 71 75.191694332 1.23
13 72 72.837434084 0.8264999999999999
13 73 72.837434084 0.8264999999999999
13 74 72.837434084 0.8264999999999999
13 75 72.837434084 0.8264999999999999
13 76 72.837434084 0.8264999999999999
13 77 72.837434084 0.8264999999999999
13 78 72.837434084 0.8264999999999999
13 79 72.837434084 0.8264999999999999
13 80 69.21837280400001 0.4215
13 81 69.21837280400001 0.4215
13 82 69.21837280400001 0.4215
13 83 69.21837280400001 0.4215
13 84 69.21837280400001 0.4215
13 85 69.21837280400001 0.4215
13 86 69.21837280400001 0.4215
13 87 69.21837280400001 0.4215
13 88 72.285810548 0.8325
13 89 72.285810548 0.8325
13 90 72.285810548 0.8325
13 91 72.285810548 0.8325
13 92 72.285810548 0.8325
13 93 72.285810548 0.8325
13 94 72.285810548 0.8325
13 95 72.285810548 0.8325
13 96 73.527210698 1.236
13 97 73.527210698 1.236
13 98 73.527210698 1.236
13 99 73.527210698 1.236
13 100 73.527210698 1.236
13 101 73.527210698 1.236
13 102 73.527210698 1.236
13 103 73.527210698 1.236
13 104 73.313691404 0.855
13 105 73.313691404 0.855
13 106 73.313691404 0.855
13 107 73.313691404 0.855
13 108 73.313691404 0.855
13 109 73.313691404 0.855
13 110 73.313691404 0.855
13 111 73.313691404 0.855
13 112 73.662562256 1.1055
13 113 73.662562256 1.1055
13 114 73.662562256 1.1055
13 115 73.662562256 1.1055
13 116 73.662562256 1.1055
13 117 73.662562256 1.1055
13 118 73.662562256 1.1055
13 119 73.662562256 1.1055
13 120 73.313691404 0.855
13 121 73.313691404 0.855
13 122 73.313691404 0.855
13 123 73.313691404 0.855
13 124 73.313691404 0.855
13 125 73.313691404 0.855
13 126 73.313691404 0.855
13 127 73.313691404 0.855
14 0 77.338862312 1.212
14 1 77.338862312 1.212
14 2 77.338862312 1.212
14 3 77.338862312 1.212
14 4 77.338862312 1.212
14 5 77.338862312 1.212
14 6 77.338862312 1.212
14 7 77.338862312 1.212
14 8 78.661121828 1.062
14 9 78.661121828 1.062
14 10 78.661121828 1.062
14 11 78.661121828 1.062
14 12 78.661121828 1.062
14 13 78.661121828 1.062
14 14 78.661121828 1.062
14 15 78.661121828 1.062
14 16 78.661121828 1.062
14 17 78.661121828 1.062
14 18 78.661121828 1.062
14 19 78.661121828 1.062
14 20 78.661121828 1.062
14 21 78.661121828 1.062
14 22 78.661121828 1.062
14 23 78.661121828 1.062
14 24 77.338862312 1.212
14 25 77.338862312 1.212
14 26 77.338862312 1.212
14 27 77.338862312 1.212
14 28 77.338862312 1.212
14 29 77.338862312 1.212
14 30 77.338862312 1.212
14 31 77.338862312 1.212
14 32 74.000996096 0.7439999999999999
14 33 74.000996096 0.7439999999999999
14 34 74.000996096 0.7439999999999999
14 35 74.000996096 0.7439999999999999
14 36 74.000996096 0.7439999999999999
14 37 74.000996096 0.7439999999999999
14 38 74.000996096 0.7439999999999999
14 39 74.000996096 0.7439999999999999
14 40 73.43525512400001 0.867
14 41 73.43525512400001 0.867
14 42 73.43525512400001 0.867
14 43 73.43525512400001 0.867
14 44 73.43525512400001 0.867
14 45 73.43525512400001 0.867
14 46 73.43525512400001 0.867
14 47 73.43525512400001 0.867
14 48 73.753089602 0.1455
14 49 73.753089602 0.1455
14 50 73.753089602 0.1455
14 51 73.753089602 0.1455
14 52 73.753089602 0.1455
14 53 73.753089602 0.1455
14 54 73.753089602 0.1455
14 55 73.753089602 0.1455
14 56 73.43525512400001 0.867
14 57 73.43525512400001 0.867
14 58 73.43525512400001 0.867
14 59 73.43525512400001 0.867
14 60 73.43525512400001 0.867
14 61 73.43525512400001 0.867
14 62 73.43525512400001 0.867
14 63 73.43525512400001 0.867
14 64 75.311390372 1.1595
14 65 75.311390372 1.1595
14 66 75.311390372 1.1595
14 67 75.311390372 1.1595
14 68 75.311390372 1.1595
14 69 75.311390372 1.1595
14 70 75.311390372 1.1595
14 71 75.311390372 1.1595
14 72 72.67884643400001 0.1545
14 73 72.67884643400001 0.1545
14 74 72.67884643400001 0.1545
14 75 72.67884643400001 0.1545
14 76 72.67884643400001 0.1545
14 77 72.67884643400001 0.1545
14 78 72.67884643400001 0.1545
14 79 72.67884643400001 0.1545
14 80 68.91811646 0.42
14 81 68.91811646 0.42
14 82 68.91811646 0.42
14 83 68.91811646 0.42
14 84 68.91811646 0.42
14 85 68.91811646 0.42
14 86 68.91811646 0.42
14 87 68.91811646 0.42
14 88 73.321766366 1.2285
14 89 73.321766366 1.2285
14 90 73.321766366 1.2285
14 91 73.321766366 1.2285
14 92 73.321766366 1.2285
14 93 73.321766366 1.2285
14 94 73.321766366 1.2285
14 95 73.321766366 1.2285
14 96 73.753089602 0.1455
14 97 73.753089602 0.1455
14 98 73.753089602 0.1455
14 99 73.753089602 0.1455
14 100 73.753089602 0.1455
14 101 73.753089602 0.1455
14 102 73.753089602 0.1455
14 103 73.753089602 0.1455
14 104 73.43525512400001 0.867
14 105 73.43525512400001 0.867
14 106 73.43525512400001 0.867
14 107 73.43525512400001 0.867
14 108 73.43525512400001 0.867
14 109 73.43525512400001 0.867
14 110 73.43525512400001 0.867
14 111 73.43525512400001 0.867
14 112 74.000996096 0.7439999999999999
14 113 74.000996096 0.7439999999999999
14 114 74.000996096 0.7439999999999999
14 115 74.000996096 0.7439999999999999
14 116 74.000996096 0.7439999999999999
14 117 74.000996096 0.7439999999999999
14 118 74.000996096 0.7439999999999999
14 119 74.000996096 0.7439999999999999
14 120 73.43525512400001 0.867
14 121 73.43525512400001 0.867
14 122 73.43525512400001 0.867
14 123 73.43525512400001 0.867
14 124 73.43525512400001 0.867
14 125 73.43525512400001 0.867
14 126 73.43525512400001 0.867
14 127 73.43525512400001 0.867
15 0 76.946485604 1.0815
15 1 76.946485604 1.0815
15 2 76.946485604 1.0815
15 3 76.946485604 1.0815
15 4 77.442792962 1.14
15 5 77.442792962 1.14
15 6 77.442792962 1.14
15 7 77.442792962 1.14
15 8 78.680897222 1.131
15 9 78.680897222 1.131
15 10 78.680897222 1.131
15 11 78.680897222 1.131
15 12 76.462482902 0.7514999999999998
15 13 76.462482902 0.7514999999999998
15 14 76.462482902 0.7514999999999998
15 15 76.462482902 0.7514999999999998
15 16 78.680897222 1.131
15 17 78.680897222 1.131
15 18 78.680897222 1.131
15 19 78.680897222 1.131
15 20 76.462482902 0.7514999999999998
15 21 76.462482902 0.7514999999999998
15 22 76.462482902 0.7514999999999998
15 23 76.462482902 0.7514999999999998
15 24 76.946485604 1.0815
15 25 76.946485604 1.0815
15 26 76.946485604 1.0815
15 27 76.946485604 1.0815
15 28 77.442792962 1.14
15 29 77.442792962 1.14
15 30 77.442792962 1.14
15 31 77.442792962 1.14
15 32 73.63372314200001 0.6764999999999999
15 33 73.63372314200001 0.6764999999999999
15 34 73.63372314200001 0.6764999999999999
15 35 73.63372314200001 0.6764999999999999
15 36 73.613398442 0.1275
15 37 73.613398442 0.1275
15 38 73.613398442 0.1275
15 39 73.613398442 0.1275
15 40 72.987727046 0.6225
15 41 72.987727046 0.6225
15 42 72.987727046 0.6225
15 43 72.987727046 0.6225
15 44 73.383344726 1.0965
15 45 73.383344726 1.0965
15 46 73.383344726 1.0965
15 47 73.383344726 1.0965
15 48 73.613398442 0.1275
15 49 73.613398442 0.1275
15 50 73.613398442 0.1275
15 51 73.613398442 0.1275
15 52 72.363868412 0.9285
15 53 72.363868412 0.9285
15 54 72.363868412 0.9285
15 55 72.363868412 0.9285
15 56 72.987727046 0.6225
15 57 72.987727046 0.6225
15 58 72.987727046 0.6225
15 59 72.987727046 0.6225
15 60 73.383344726 1.0965
15 61 73.383344726 1.0965
15 62 73.383344726 1.0965
15 63 73.383344726 1.0965
15 64 74.875068356 1.026
15 65 74.875068356 1.026
15 66 74.875068356 1.026
15 67 74.875068356 1.026
15 68 75.38208740600001 0.501
15 69 75.38208740600001 0.501
15 70 75.38208740600001 0.501
15 71 75.38208740600001 0.501
15 72 71.74770018800001 0.4605
15 73 71.74770018800001 0.4605
15 74 71.74770018800001 0.4605
15 75 71.74770018800001 0.4605
15 76 72.870338138 1.0455
15 77 72.870338138 1.0455
15 78 72.870338138 1.0455
15 79 72.870338138 1.0455
15 80 67.768726802 0.858
15 81 67.768726802 0.858
15 82 67.768726802 0.858
15 83 67.768726802 0.858
15 84 70.40039185399999 1.0905
15 85 70.40039185399999 1.0905
15 86 70.40039185399999 1.0905
15 87 70.40039185399999 1.0905
15 88 73.383344726 1.0965
15 89 73.383344726 1.0965
15 90 73.383344726 1.0965
15 91 73.383344726 1.0965
15 92 72.987727046 0.6225
15 93 72.987727046 0.6225
15 94 72.987727046 0.6225
15 95 72.987727046 0.6225
15 96 73.613398442 0.1275
15 97 73.613398442 0.1275
15 98 73.613398442 0.1275
15 99 73.613398442 0.1275
15 100 72.363868412 0.9285
15 101 72.363868412 0.9285
15 102 72.363868412 0.9285
15 103 72.363868412 0.9285
15 104 72.987727046 0.6225
15 105 72.987727046 0.6225
15 106 72.987727046 0.6225
15 107 72.987727046 0.6225
15 108 73.383344726 1.0965
15 109 73.383344726 1.0965
15 110 73.383344726 1.0965
15 111 73.383344726 1.0965
15 112 73.63372314200001 0.6764999999999999
15 113 73.63372314200001 0.6764999999999999
15 114 73.63372314200001 0.6764999999999999
15 115 73.63372314200001 0.6764999999999999
15 116 73.613398442 0.1275
15 117 73.613398442 0.1275
15 118 73.613398442 0.1275
15 119 73.613398442 0.1275
15 120 72.987727046 0.6225
15 121 72.987727046 0.6225
15 122 72.987727046 0.6225
15 123 72.987727046 0.6225
15 124 73.383344726 1.0965
15 125 73.383344726 1.0965
15 126 73.383344726 1.0965
15 127 73.383344726 1.0965
16 0 75.88108643000001 0.8985
16 1 75.88108643000001 0.8985
16 2 75.88108643000001 0.8985
16 3 75.88108643000001 0.8985
16 4 76.261488044 0.9539999999999998
16 5 76.261488044 0.9539999999999998
16 6 76.261488044 0.9539999999999998
16 7 76.261488044 0.9539999999999998
16 8 77.971125488 0.9464999999999999
16 9 77.971125488 0.9464999999999999
16 10 77.971125488 0.9464999999999999
16 11 77.971125488 0.9464999999999999
16 12 73.444044182 0.801
16 13 73.444044182 0.801
16 14 73.444044182 0.801
16 15 73.444044182 0.801
16 16 77.971125488 0.9464999999999999
16 17 77.971125488 0.9464999999999999
16 18 77.971125488 0.9464999999999999
16 19 77.971125488 0.9464999999999999
16 20 73.444044182 0.801
16 21 73.444044182 0.801
16 22 73.444044182 0.801
16 23 73.444044182 0.801
16 24 75.88108643000001 0.8985
16 25 75.88108643000001 0.8985
16 26 75.88108643000001 0.8985
16 27 75.88108643000001 0.8985
16 28 76.261488044 0.9539999999999998
16 29 76.261488044 0.9539999999999998
16 30 76.261488044 0.9539999999999998
16 31 76.261488044 0.9539999999999998
16 32 72.865174568 0.8939999999999999
16 33 72.865174568 0.8939999999999999
16 34 72.865174568 0.8939999999999999
16 35 72.865174568 0.8939999999999999
16 36 73.246180424 0.7935
16 37 73.246180424 0.7935
16 38 73.246180424 0.7935
16 39 73.246180424 0.7935
16 40 72.501142586 0.6885
16 41 72.501142586 0.6885
16 42 72.501142586 0.6885
16 43 72.501142586 0.6885
16 44 72.508887932 0.912
16 45 72.508887932 0.912
16 46 72.508887932 0.912
16 47 72.508887932 0.912
16 48 73.246180424 0.7935
16 49 73.246180424 0.7935
16 50 73.246180424 0.7935
16 51 73.246180424 0.7935
16 52 71.123017586 0.7395
16 53 71.123017586 0.7395
16 54 71.123017586 0.7395
16 55 71.123017586 0.7395
16 56 72.501142586 0.6885
16 57 72.501142586 0.6885
16 58 72.501142586 0.6885
16 59 72.501142586 0.6885
16 60 72.508887932 0.912
16 61 72.508887932 0.912
16 62 72.508887932 0.912
16 63 72.508887932 0.912
16 64 73.952875976 0.8414999999999999
16 65 73.952875976 0.8414999999999999
16 66 73.952875976 0.8414999999999999
16 67 73.952875976 0.8414999999999999
16 68 74.797559816 0.4005
16 69 74.797559816 0.4005
16 70 74.797559816 0.4005
16 71 74.797559816 0.4005
16 72 70.162592774 0.5295
16 73 70.162592774 0.5295
16 74 70.162592774 0.5295
16 75 70.162592774 0.5295
16 76 72.26944091600001 0.861
16 77 72.26944091600001 0.861
16 78 72.26944091600001 0.861
16 79 72.26944091600001 0.861
16 80 66.445368656 0.72
16 81 66.445368656 0.72
16 82 66.445368656 0.72
16 83 66.445368656 0.72
16 84 71.35603759400001 0.921
16 85 71.35603759400001 0.921
16 86 71.35603759400001 0.921
16 87 71.35603759400001 0.921
16 88 72.508887932 0.912
16 89 72.508887932 0.912
16 90 72.508887932 0.912
16 91 72.508887932 0.912
16 92 72.501142586 0.6885
16 93 72.501142586 0.6885
16 94 72.501142586 0.6885
16 95 72.501142586 0.6885
16 96 73.246180424 0.7935
16 97 73.246180424 0.7935
16 98 73.246180424 0.7935
16 99 73.246180424 0.7935
16 100 71.123017586 0.7395
16 101 71.123017586 0.7395
16 102 71.123017586 0.7395
16 103 71.123017586 0.7395
16 104 72.501142586 0.6885
16 105 72.501142586 0.6885
16 106 72.501142586 0.6885
16 107 72.501142586 0.6885
16 108 72.508887932 0.912
16 109 72.508887932 0.912
16 110 72.508887932 0.912
16 111 72.508887932 0.912
16 112 72.865174568 0.8939999999999999
16 113 72.865174568 0.8939999999999999
16 114 72.865174568 0.8939999999999999
16 115 72.865174568 0.8939999999999999
16 116 73.246180424 0.7935
16 117 73.246180424 0.7935
16 118 73.246180424 0.7935
16 119 73.246180424 0.7935
16 120 72.501142586 0.6885
16 121 72.501142586 0.6885
16 122 72.501142586 0.6885
16 123 72.501142586 0.6885
16 124 72.508887932 0.912
16 125 72.508887932 0.912
16 126 72.508887932 0.912
16 127 72.508887932 0.912
17 0 74.194355462 0.5535
17 1 74.194355462 0.5535
17 2 74.194355462 0.5535
17 3 74.194355462 0.5535
17 4 74.417158202 0.7305
17 5 74.417158202 0.7305
17 6 74.417158202 0.7305
17 7 74.417158202 0.7305
17 8 76.54109009 0.7245
17 9 76.54109009 0.7245
17 10 76.54109009 0.7245
17 11 76.54109009 0.7245
17 12 70.49564331799999 0.336
17 13 70.49564331799999 0.336
17 14 70.49564331799999 0.336
17 15 70.49564331799999 0.336
17 16 76.54109009 0.7245
17 17 76.54109009 0.7245
17 18 76.54109009 0.7245
17 19 76.54109009 0.7245
17 20 70.49564331799999 0.336
17 21 70.49564331799999 0.336
17 22 70.49564331799999 0.336
17 23 70.49564331799999 0.336
17 24 74.194355462 0.5535
17 25 74.194355462 0.5535
17 26 74.194355462 0.5535
17 27 74.194355462 0.5535
17 28 74.417158202 0.7305
17 29 74.417158202 0.7305
17 30 74.417158202 0.7305
17 31 74.417158202 0.7305
17 32 71.658216554 0.6075
17 33 71.658216554 0.6075
17 34 71.658216554 0.6075
17 35 71.658216554 0.6075
17 36 72.451044914 0.633
17 37 72.451044914 0.633
17 38 72.451044914 0.633
17 39 72.451044914 0.633
17 40 72.07657592000001 0.6105
17 41 72.07657592000001 0.6105
17 42 72.07657592000001 0.6105
17 43 72.07657592000001 0.6105
17 44 71.34290893400001 0.6914999999999999
17 45 71.34290893400001 0.6914999999999999
17 46 71.34290893400001 0.6914999999999999
17 47 71.34290893400001 0.6914999999999999
17 48 72.451044914 0.633
17 49 72.451044914 0.633
17 50 72.451044914 0.633
17 51 72.451044914 0.633
17 52 69.63656738 0.672
17 53 69.63656738 0.672
17 54 69.63656738 0.672
17 55 69.63656738 0.672
17 56 72.07657592000001 0.6105
17 57 72.07657592000001 0.6105
17 58 72.07657592000001 0.6105
17 59 72.07657592000001 0.6105
17 60 71.34290893400001 0.6914999999999999
17 61 71.34290893400001 0.6914999999999999
17 62 71.34290893400001 0.6914999999999999
17 63 71.34290893400001 0.6914999999999999
17 64 72.54942749599999 0.6225
17 65 72.54942749599999 0.6225
17 66 72.54942749599999 0.6225
17 67 72.54942749599999 0.6225
17 68 74.318500976 0.37949999999999995
17 69 74.318500976 0.37949999999999995
17 70 74.318500976 0.37949999999999995
17 71 74.318500976 0.37949999999999995
17 72 68.17110107 0.504
17 73 68.17110107 0.504
17 74 68.17110107 0.504
17 75 68.17110107 0.504
17 76 71.07182128400001 0.639
17 77 71.07182128400001 0.639
17 78 71.07182128400001 0.639
17 79 71.07182128400001 0.639
17 80 65.27235839 0.1485
17 81 65.27235839 0.1485
17 82 65.27235839 0.1485
17 83 65.27235839 0.1485
17 84 70.94421509 0.711
17 85 70.94421509 0.711
17 86 70.94421509 0.711
17 87 70.94421509 0.711
17 88 71.34290893400001 0.6914999999999999
17 89 71.34290893400001 0.6914999999999999
17 90 71.34290893400001 0.6914999999999999
17 91 71.34290893400001 0.6914999999999999
17 92 72.07657592000001 0.6105
17 93 72.07657592000001 0.6105
17 94 72.07657592000001 0.6105
17 95 72.07657592000001 0.6105
17 96 72.451044914 0.633
17 97 72.451044914 0.633
17 98 72.451044914 0.633
17 99 72.451044914 0.633
17 100 69.63656738 0.672
17 101 69.63656738 0.672
17 102 69.63656738 0.672
17 103 69.63656738 0.672
17 104 72.07657592000001 0.6105
17 105 72.07657592000001 0.6105
17 106 72.07657592000001 0.6105
17 107 72.07657592000001 0.6105
17 108 71.34290893400001 0.6914999999999999
17 109 71.34290893400001 0.6914999999999999
17 110 71.34290893400001 0.6914999999999999
17 111 71.34290893400001 0.6914999999999999
17 112 71.658216554 0.6075
17 113 71.658216554 0.6075
17 114 71.658216554 0.6075
17 115 71.658216554 0.6075
17 116 72.451044914 0.633
17 117 72.451044914 0.633
17 118 72.451044914 0.633
17 119 72.451044914 0.633
17 120 72.07657592000001 0.6105
17 121 72.07657592000001 0.6105
17 122 72.07657592000001 0.6105
17 123 72.07657592000001 0.6105
17 124 71.34290893400001 0.6914999999999999
17 125 71.34290893400001 0.6914999999999999
17 126 71.34290893400001 0.6914999999999999
17 127 71.34290893400001 0.6914999999999999
18 0 71.85959594600001 0.444
18 1 71.85959594600001 0.444
18 2 72.874512932 0.0345
18 3 72.874512932 0.0345
18 4 71.90843018000001 0.49199999999999994
18 5 71.90843018000001 0.49199999999999994
18 6 73.09385497400001 0.2925
18 7 73.09385497400001 0.2925
18 8 74.186665034 0.486
18 9 74.186665034 0.486
18 10 76.924567868 0.363
18 11 76.924567868 0.363
18 12 67.896772466 0.38699999999999996
18 13 67.896772466 0.38699999999999996
18 14 69.523627928 0.48
18 15 69.523627928 0.48
18 16 74.186665034 0.486
18 17 74.186665034 0.486
18 18 76.924567868 0.363
18 19 76.924567868 0.363
18 20 67.896772466 0.38699999999999996
18 21 67.896772466 0.38699999999999996
18 22 69.523627928 0.48
18 23 69.523627928 0.48
18 24 71.85959594600001 0.444
18 25 71.85959594600001 0.444
18 26 72.874512932 0.0345
18 27 72.874512932 0.0345
18 28 71.90843018000001 0.49199999999999994
18 29 71.90843018000001 0.49199999999999994
18 30 73.09385497400001 0.2925
18 31 73.09385497400001 0.2925
18 32 69.85047119000001 0.411
18 33 69.85047119000001 0.411
18 34 69.970057376 0.45449999999999996
18 35 69.970057376 0.45449999999999996
18 36 70.618800056 0.3555
18 37 70.618800056 0.3555
18 38 70.428681644 0.363
18 39 70.428681644 0.363
18 40 71.472602534 0.441
18 41 71.472602534 0.441
18 42 70.618800056 0.3555
18 43 70.618800056 0.3555
18 44 69.970057376 0.45449999999999996
18 45 69.970057376 0.45449999999999996
18 46 68.913172616 0.4035
18 47 68.913172616 0.4035
18 48 70.618800056 0.3555
18 49 70.618800056 0.3555
18 50 70.428681644 0.363
18 51 70.428681644 0.363
18 52 67.69061402 0.441
18 53 67.69061402 0.441
18 54 67.896772466 0.38699999999999996
18 55 67.896772466 0.38699999999999996
18 56 71.472602534 0.441
18 57 71.472602534 0.441
18 58 70.618800056 0.3555
18 59 70.618800056 0.3555
18 60 69.970057376 0.45449999999999996
18 61 69.970057376 0.45449999999999996
18 62 68.913172616 0.4035
18 63 68.913172616 0.4035
18 64 70.428681644 0.363
18 65 70.428681644 0.363
18 66 70.618800056 0.3555
18 67 70.618800056 0.3555
18 68 72.874512932 0.0345
18 69 72.874512932 0.0345
18 70 71.90843018000001 0.49199999999999994
18 71 71.90843018000001 0.49199999999999994
18 72 65.989930424 0.48
18 73 65.989930424 0.48
18 74 67.69061402 0.441
18 75 67.69061402 0.441
18 76 68.913172616 0.4035
18 77 68.913172616 0.4035
18 78 69.523627928 0.48
18 79 69.523627928 0.48
18 80 63.9393872 0.06
18 81 63.9393872 0.06
18 82 65.989930424 0.48
18 83 65.989930424 0.48
18 84 69.523627928 0.48
18 85 69.523627928 0.48
18 86 68.913172616 0.4035
18 87 68.913172616 0.4035
18 88 69.970057376 0.45449999999999996
18 89 69.970057376 0.45449999999999996
18 90 68.913172616 0.4035
18 91 68.913172616 0.4035
18 92 71.472602534 0.441
18 93 71.472602534 0.441
18 94 70.618800056 0.3555
18 95 70.618800056 0.3555
18 96 70.618800056 0.3555
18 97 70.618800056 0.3555
18 98 70.428681644 0.363
18 99 70.428681644 0.363
18 100 67.69061402 0.441
18 101 67.69061402 0.441
18 102 67.896772466 0.38699999999999996
18 103 67.896772466 0.38699999999999996
18 104 71.472602534 0.441
18 105 71.472602534 0.441
18 106 70.618800056 0.3555
18 107 70.618800056 0.3555
18 108 69.970057376 0.45449999999999996
18 109 69.970057376 0.45449999999999996
18 110 68.913172616 0.4035
18 111 68.913172616 0.4035
18 112 69.85047119000001 0.411
18 113 69.85047119000001 0.411
18 114 69.970057376 0.45449999999999996
18 115 69.970057376 0.45449999999999996
18 116 70.618800056 0.3555
18 117 70.618800056 0.3555
18 118 70.428681644 0.363
18 119 70.428681644 0.363
18 120 71.472602534 0.441
18 121 71.472602534 0.441
18 122 70.618800056 0.3555
18 123 70.618800056 0.3555
18 124 69.970057376 0.45449999999999996
18 125 69.970057376 0.45449999999999996
18 126 68.913172616 0.4035
18 127 68.913172616 0.4035
19 0 68.713825676 0.219
19 1 68.713825676 0.219
19 2 69.83080566800001 0.192
19 3 69.83080566800001 0.192
19 4 68.583802496 0.261
19 5 68.583802496 0.261
19 6 71.638166498 0.213
19 7 71.638166498 0.213
19 8 70.7034497 0.2565
19 9 70.7034497 0.2565
19 10 74.91148804400001 0.012
19 11 74.91148804400001 0.012
19 12 65.109046622 0.2205
19 13 65.109046622 0.2205
19 14 67.320374756 0.2565
19 15 67.320374756 0.2565
19 16 70.7034497 0.2565
19 17 70.7034497 0.2565
19 18 74.91148804400001 0.012
19 19 74.91148804400001 0.012
19 20 65.109046622 0.2205
19 21 65.109046622 0.2205
19 22 67.320374756 0.2565
19 23 67.320374756 0.2565
19 24 68.713825676 0.219
19 25 68.713825676 0.219
19 26 69.83080566800001 0.192
19 27 69.83080566800001 0.192
19 28 68.583802496 0.261
19 29 68.583802496 0.261
19 30 71.638166498 0.213
19 31 71.638166498 0.213
19 32 67.298347166 0.2055
19 33 67.298347166 0.2055
19 34 69.368555912 0.066
19 35 69.368555912 0.066
19 36 67.870844726 0.0705
19 37 67.870844726 0.0705
19 38 67.77932862200001 0.17099999999999999
19 39 67.77932862200001 0.17099999999999999
19 40 70.297944332 0.225
19 41 70.297944332 0.225
19 42 67.870844726 0.0705
19 43 67.870844726 0.0705
19 44 69.368555912 0.066
19 45 69.368555912 0.066
19 46 65.84820679399999 0.18
19 47 65.84820679399999 0.18
19 48 67.870844726 0.0705
19 49 67.870844726 0.0705
19 50 67.77932862200001 0.17099999999999999
19 51 67.77932862200001 0.17099999999999999
19 52 65.111848142 0.219
19 53 65.111848142 0.219
19 54 65.109046622 0.2205
19 55 65.109046622 0.2205
19 56 70.297944332 0.225
19 57 70.297944332 0.225
19 58 67.870844726 0.0705
19 59 67.870844726 0.0705
19 60 69.368555912 0.066
19 61 69.368555912 0.066
19 62 65.84820679399999 0.18
19 63 65.84820679399999 0.18
19 64 67.77932862200001 0.17099999999999999
19 65 67.77932862200001 0.17099999999999999
19 66 67.870844726 0.0705
19 67 67.870844726 0.0705
19 68 69.83080566800001 0.192
19 69 69.83080566800001 0.192
19 70 68.583802496 0.261
19 71 68.583802496 0.261
19 72 63.441376952 0.213
19 73 63.441376952 0.213
19 74 65.111848142 0.219
19 75 65.111848142 0.219
19 76 65.84820679399999 0.18
19 77 65.84820679399999 0.18
19 78 67.320374756 0.2565
19 79 67.320374756 0.2565
19 80 62.495948479999996 0.1515
19 81 62.495948479999996 0.1515
19 82 63.441376952 0.213
19 83 63.441376952 0.213
19 84 67.320374756 0.2565
19 85 67.320374756 0.2565
19 86 65.84820679399999 0.18
19 87 65.84820679399999 0.18
19 88 69.368555912 0.066
19 89 69.368555912 0.066
19 90 65.84820679399999 0.18
19 91 65.84820679399999 0.18
19 92 70.297944332 0.225
19 93 70.297944332 0.225
19 94 67.870844726 0.0705
19 95 67.870844726 0.0705
19 96 67.870844726 0.0705
19 97 67.870844726 0.0705
19 98 67.77932862200001 0.17099999999999999
19 99 67.77932862200001 0.17099999999999999
19 100 65.111848142 0.219
19 101 65.111848142 0.219
19 102 65.109046622 0.2205
19 103 65.109046622 0.2205
19 104 70.297944332 0.225
19 105 70.297944332 0.225
19 106 67.870844726 0.0705
19 107 67.870844726 0.0705
19 108 69.368555912 0.066
19 109 69.368555912 0.066
19 110 65.84820679399999 0.18
19 111 65.84820679399999 0.18
19 112 67.298347166 0.2055
19 113 67.298347166 0.2055
19 114 69.368555912 0.066
19 115 69.368555912 0.066
19 116 67.870844726 0.0705
19 117 67.870844726 0.0705
19 118 67.77932862200001 0.17099999999999999
19 119 67.77932862200001 0.17099999999999999
19 120 70.297944332 0.225
19 121 70.297944332 0.225
19 122 67.870844726 0.0705
19 123 67.870844726 0.0705
19 124 69.368555912 0.066
19 125 69.368555912 0.066
19 126 65.84820679399999 0.18
19 127 65.84820679399999 0.18
20 0 66.505024418 0.0435
20 1 66.505024418 0.0435
20 2 67.273353266 0.033
20 3 67.273353266 0.033
20 4 65.693244632 0.0735
20 5 65.693244632 0.0735
20 6 70.22807128400001 0.0525
20 7 70.22807128400001 0.0525
20 8 67.732307132 0.069
20 9 67.732307132 0.069
20 10 73.002943112 0.003
20 11 73.002943112 0.003
20 12 62.08484009 0.0705
20 13 62.08484009 0.0705
20 14 65.756745608 0.072
20 15 65.756745608 0.072
20 16 67.732307132 0.069
20 17 67.732307132 0.069
20 18 73.002943112 0.003
20 19 73.002943112 0.003
20 20 62.08484009 0.0705
20 21 62.08484009 0.0705
20 22 65.756745608 0.072
20 23 65.756745608 0.072
20 24 66.505024418 0.0435
20 25 66.505024418 0.0435
20 26 67.273353266 0.033
20 27 67.273353266 0.033
20 28 65.693244632 0.0735
20 29 65.693244632 0.0735
20 30 70.22807128400001 0.0525
20 31 70.22807128400001 0.0525
20 32 65.188148198 0.0435
20 33 65.188148198 0.0435
20 34 68.531013176 0.013499999999999998
20 35 68.531013176 0.013499999999999998
20 36 65.774158934 0.0075
20 37 65.774158934 0.0075
20 38 65.908796378 0.0165
20 39 65.908796378 0.0165
20 40 69.15382813400001 0.05399999999999999
20 41 69.15382813400001 0.05399999999999999
20 42 65.774158934 0.0075
20 43 65.774158934 0.0075
20 44 68.531013176 0.013499999999999998
20 45 68.531013176 0.013499999999999998
20 46 63.201820064 0.0195
20 47 63.201820064 0.0195
20 48 65.774158934 0.0075
20 49 65.774158934 0.0075
20 50 65.908796378 0.0165
20 51 65.908796378 0.0165
20 52 62.506440428000005 0.045
20 53 62.506440428000005 0.045
20 54 62.08484009 0.0705
20 55 62.08484009 0.0705
20 56 69.15382813400001 0.05399999999999999
20 57 69.15382813400001 0.05399999999999999
20 58 65.774158934 0.0075
20 59 65.774158934 0.0075
20 60 68.531013176 0.013499999999999998
20 61 68.531013176 0.013499999999999998
20 62 63.201820064 0.0195
20 63 63.201820064 0.0195
20 64 65.908796378 0.0165
20 65 65.908796378 0.0165
20 66 65.774158934 0.0075
20 67 65.774158934 0.0075
20 68 67.273353266 0.033
20 69 67.273353266 0.033
20 70 65.693244632 0.0735
20 71 65.693244632 0.0735
20 72 60.646564940000005 0.06
20 73 60.646564940000005 0.06
20 74 62.506440428000005 0.045
20 75 62.506440428000005 0.045
20 76 63.201820064 0.0195
20 77 63.201820064 0.0195
20 78 65.756745608 0.072
20 79 65.756745608 0.072
20 80 61.28025634400001 0.0195
20 81 61.28025634400001 0.0195
20 82 60.646564940000005 0.06
20 83 60.646564940000005 0.06
20 84 65.756745608 0.072
20 85 65.756745608 0.072
20 86 63.201820064 0.0195
20 87 63.201820064 0.0195
20 88 68.531013176 0.013499999999999998
20 89 68.531013176 0.013499999999999998
20 90 63.201820064 0.0195
20 91 63.201820064 0.0195
20 92 69.15382813400001 0.05399999999999999
20 93 69.15382813400001 0.05399999999999999
20 94 65.774158934 0.0075
20 95 65.774158934 0.0075
20 96 65.774158934 0.0075
20 97 65.774158934 0.0075
20 98 65.908796378 0.0165
20 99 65.908796378 0.0165
20 100 62.506440428000005 0.045
20 101 62.506440428000005 0.045
20 102 62.08484009 0.0705
20 103 62.08484009 0.0705
20 104 69.15382813400001 0.05399999999999999
20 105 69.15382813400001 0.05399999999999999
20 106 65.774158934 0.0075
20 107 65.774158934 0.0075
20 108 68.531013176 0.013499999999999998
20 109 68.531013176 0.013499999999999998
20 110 63.201820064 0.0195
20 111 63.201820064 0.0195
20 112 65.188148198 0.0435
20 113 65.188148198 0.0435
20 114 68.531013176 0.013499999999999998
20 115 68.531013176 0.013499999999999998
20 116 65.774158934 0.0075
20 117 65.774158934 0.0075
20 118 65.908796378 0.0165
20 119 65.908796378 0.0165
20 120 69.15382813400001 0.05399999999999999
20 121 69.15382813400001 0.05399999999999999
20 122 65.774158934 0.0075
20 123 65.774158934 0.0075
20 124 68.531013176 0.013499999999999998
20 125 68.531013176 0.013499999999999998
20 126 63.201820064 0.0195
20 127 63.201820064 0.0195
21 0 65.608485116 0.0
21 1 64.895856926 0.0
21 2 65.881495364 0.0
21 3 66.2753003 0.0
21 4 63.750037838 0.0
21 5 64.954084478 0.0
21 6 69.103620608 0.0
21 7 68.67103393400001 0.0
21 8 66.2753003 0.0
21 9 65.881495364 0.0
21 10 71.224256588 0.0
21 11 70.99244506400001 0.0
21 12 59.81264771 0.0
21 13 60.689741216 0.0
21 14 64.954084478 0.0
21 15 64.642292474 0.0
21 16 66.2753003 0.0
21 17 65.881495364 0.0
21 18 71.224256588 0.0
21 19 70.99244506400001 0.0
21 20 59.81264771 0.0
21 21 60.689741216 0.0
21 22 64.954084478 0.0
21 23 64.642292474 0.0
21 24 65.608485116 0.0
21 25 64.895856926 0.0
21 26 65.881495364 0.0
21 27 66.2753003 0.0
21 28 63.750037838 0.0
21 29 64.954084478 0.0
21 30 69.103620608 0.0
21 31 68.67103393400001 0.0
21 32 64.177076408 0.0
21 33 63.750037838 0.0
21 34 65.702088626 0.0
21 35 68.448560792 0.0
21 36 64.642292474 0.0
21 37 64.954084478 0.0
21 38 64.895856926 0.0
21 39 64.642292474 0.0
21 40 68.448560792 0.0
21 41 68.67103393400001 0.0
21 42 64.642292474 0.0
21 43 64.954084478 0.0
21 44 65.702088626 0.0
21 45 68.448560792 0.0
21 46 61.492292474 0.0
21 47 60.689741216 0.0
21 48 64.642292474 0.0
21 49 64.954084478 0.0
21 50 64.895856926 0.0
21 51 64.642292474 0.0
21 52 60.689741216 0.0
21 53 59.81264771 0.0
21 54 59.81264771 0.0
21 55 60.689741216 0.0
21 56 68.448560792 0.0
21 57 68.67103393400001 0.0
21 58 64.642292474 0.0
21 59 64.954084478 0.0
21 60 65.702088626 0.0
21 61 68.448560792 0.0
21 62 61.492292474 0.0
21 63 60.689741216 0.0
21 64 64.895856926 0.0
21 65 64.642292474 0.0
21 66 64.642292474 0.0
21 67 64.954084478 0.0
21 68 65.881495364 0.0
21 69 66.2753003 0.0
21 70 63.750037838 0.0
21 71 64.954084478 0.0
21 72 58.551856682 0.0
21 73 60.356361092 0.0
21 74 60.689741216 0.0
21 75 59.81264771 0.0
21 76 61.492292474 0.0
21 77 60.689741216 0.0
21 78 64.954084478 0.0
21 79 64.642292474 0.0
21 80 60.356361092 0.0
21 81 58.551856682 0.0
21 82 58.551856682 0.0
21 83 60.356361092 0.0
21 84 64.954084478 0.0
21 85 64.642292474 0.0
21 86 61.492292474 0.0
21 87 60.689741216 0.0
21 88 65.702088626 0.0
21 89 68.448560792 0.0
21 90 61.492292474 0.0
21 91 60.689741216 0.0
21 92 68.448560792 0.0
21 93 68.67103393400001 0.0
21 94 64.642292474 0.0
21 95 64.954084478 0.0
21 96 64.642292474 0.0
21 97 64.954084478 0.0
21 98 64.895856926 0.0
21 99 64.642292474 0.0
21 100 60.689741216 0.0
21 101 59.81264771 0.0
21 102 59.81264771 0.0
21 103 60.689741216 0.0
21 104 68.448560792 0.0
21 105 68.67103393400001 0.0
21 106 64.642292474 0.0
21 107 64.954084478 0.0
21 108 65.702088626 0.0
21 109 68.448560792 0.0
21 110 61.492292474 0.0
21 111 60.689741216 0.0
21 112 64.177076408 0.0
21 113 63.750037838 0.0
21 114 65.702088626 0.0
21 115 68.448560792 0.0
21 116 64.642292474 0.0
21 117 64.954084478 0.0
21 118 64.895856926 0.0
21 119 64.642292474 0.0
21 120 68.448560792 0.0
21 121 68.67103393400001 0.0
21 122 64.642292474 0.0
21 123 64.954084478 0.0
21 124 65.702088626 0.0
21 125 68.448560792 0.0
21 126 61.492292474 0.0
21 127 60.689741216 0.0
22 0 64.31418579199999 0.0
22 1 63.792719726 0.0
22 2 64.720515128 0.0
22 3 65.269117436 0.0
22 4 61.91977051400001 0.0
22 5 64.00426146800001 0.0
22 6 68.189503172 0.0
22 7 67.89655274 0.0
22 8 65.269117436 0.0
22 9 64.720515128 0.0
22 10 69.21342896 0.0
22 11 69.58998536000001 0.0
22 12 58.241273198 0.0
22 13 59.427906494 0.0
22 14 64.00426146800001 0.0
22 15 63.45296753 0.0
22 16 65.269117436 0.0
22 17 64.720515128 0.0
22 18 69.21342896 0.0
22 19 69.58998536000001 0.0
22 20 58.241273198 0.0
22 21 59.427906494 0.0
22 22 64.00426146800001 0.0
22 23 63.45296753 0.0
22 24 64.31418579199999 0.0
22 25 63.792719726 0.0
22 26 64.720515128 0.0
22 27 65.269117436 0.0
22 28 61.91977051400001 0.0
22 29 64.00426146800001 0.0
22 30 68.189503172 0.0
22 31 67.89655274 0.0
22 32 63.50405396000001 0.0
22 33 61.91977051400001 0.0
22 34 62.823341066 0.0
22 35 67.70819213600001 0.0
22 36 63.45296753 0.0
22 37 64.00426146800001 0.0
22 38 63.792719726 0.0
22 39 63.45296753 0.0
22 40 67.70819213600001 0.0
22 41 67.89655274 0.0
22 42 63.45296753 0.0
22 43 64.00426146800001 0.0
22 44 62.823341066 0.0
22 45 67.70819213600001 0.0
22 46 60.047645270000004 0.0
22 47 59.427906494 0.0
22 48 63.45296753 0.0
22 49 64.00426146800001 0.0
22 50 63.792719726 0.0
22 51 63.45296753 0.0
22 52 59.427906494 0.0
22 53 58.241273198 0.0
22 54 58.241273198 0.0
22 55 59.427906494 0.0
22 56 67.70819213600001 0.0
22 57 67.89655274 0.0
22 58 63.45296753 0.0
22 59 64.00426146800001 0.0
22 60 62.823341066 0.0
22 61 67.70819213600001 0.0
22 62 60.047645270000004 0.0
22 63 59.427906494 0.0
22 64 63.792719726 0.0
22 65 63.45296753 0.0
22 66 63.45296753 0.0
22 67 64.00426146800001 0.0
22 68 64.720515128 0.0
22 69 65.269117436 0.0
22 70 61.91977051400001 0.0
22 71 64.00426146800001 0.0
22 72 57.261622316 0.0
22 73 59.593250732 0.0
22 74 59.427906494 0.0
22 75 58.241273198 0.0
22 76 60.047645270000004 0.0
22 77 59.427906494 0.0
22 78 64.00426146800001 0.0
22 79 63.45296753 0.0
22 80 59.593250732 0.0
22 81 57.261622316 0.0
22 82 57.261622316 0.0
22 83 59.593250732 0.0
22 84 64.00426146800001 0.0
22 85 63.45296753 0.0
22 86 60.047645270000004 0.0
22 87 59.427906494 0.0
22 88 62.823341066 0.0
22 89 67.70819213600001 0.0
22 90 60.047645270000004 0.0
22 91 59.427906494 0.0
22 92 67.70819213600001 0.0
22 93 67.89655274 0.0
22 94 63.45296753 0.0
22 95 64.00426146800001 0.0
22 96 63.45296753 0.0
22 97 64.00426146800001 0.0
22 98 63.792719726 0.0
22 99 63.45296753 0.0
22 100 59.427906494 0.0
22 101 58.241273198 0.0
22 102 58.241273198 0.0
22 103 59.427906494 0.0
22 104 67.70819213600001 0.0
22 105 67.89655274 0.0
22 106 63.45296753 0.0
22 107 64.00426146800001 0.0
22 108 62.823341066 0.0
22 109 67.70819213600001 0.0
22 110 60.047645270000004 0.0
22 111 59.427906494 0.0
22 112 63.50405396000001 0.0
22 113 61.91977051400001 0.0
22 114 62.823341066 0.0
22 115 67.70819213600001 0.0
22 116 63.45296753 0.0
22 117 64.00426146800001 0.0
22 118 63.792719726 0.0
22 119 63.45296753 0.0
22 120 67.70819213600001 0.0
22 121 67.89655274 0.0
22 122 63.45296753 0.0
22 123 64.00426146800001 0.0
22 124 62.823341066 0.0
22 125 67.70819213600001 0.0
22 126 60.047645270000004 0.0
22 127 59.427906494 0.0
23 0 62.659150394 0.0
23 1 62.58773926400001 0.0
23 2 63.665662838 0.0
23 3 64.24376342 0.0
23 4 60.426398930000005 0.0
23 5 63.104591066 0.0
23 6 67.42809570200001 0.0
23 7 67.039509272 0.0
23 8 64.24376342 0.0
23 9 63.665662838 0.0
23 10 67.00874756 0.0
23 11 68.27997558199999 0.0
23 12 56.695661618 0.0
23 13 58.363056644 0.0
23 14 63.104591066 0.0
23 15 62.048640128 0.0
23 16 64.24376342 0.0
23 17 63.665662838 0.0
23 18 67.00874756 0.0
23 19 68.27997558199999 0.0
23 20 56.695661618 0.0
23 21 58.363056644 0.0
23 22 63.104591066 0.0
23 23 62.048640128 0.0
23 24 62.659150394 0.0
23 25 62.58773926400001 0.0
23 26 63.665662838 0.0
23 27 64.24376342 0.0
23 28 60.426398930000005 0.0
23 29 63.104591066 0.0
23 30 67.42809570200001 0.0
23 31 67.039509272 0.0
23 32 62.837293694 0.0
23 33 60.426398930000005 0.0
23 34 61.0565747 0.0
23 35 66.87125366000001 0.0
23 36 62.048640128 0.0
23 37 63.104591066 0.0
23 38 62.58773926400001 0.0
23 39 62.048640128 0.0
23 40 66.87125366000001 0.0
23 41 67.039509272 0.0
23 42 62.048640128 0.0
23 43 63.104591066 0.0
23 44 61.0565747 0.0
23 45 66.87125366000001 0.0
23 46 58.677430424 0.0
23 47 58.363056644 0.0
23 48 62.048640128 0.0
23 49 63.104591066 0.0
23 50 62.58773926400001 0.0
23 51 62.048640128 0.0
23 52 58.363056644 0.0
23 53 56.695661618 0.0
23 54 56.695661618 0.0
23 55 58.363056644 0.0
23 56 66.87125366000001 0.0
23 57 67.039509272 0.0
23 58 62.048640128 0.0
23 59 63.104591066 0.0
23 60 61.0565747 0.0
23 61 66.87125366000001 0.0
23 62 58.677430424 0.0
23 63 58.363056644 0.0
23 64 62.58773926400001 0.0
23 65 62.048640128 0.0
23 66 62.048640128 0.0
23 67 63.104591066 0.0
23 68 63.665662838 0.0
23 69 64.24376342 0.0
23 70 60.426398930000005 0.0
23 71 63.104591066 0.0
23 72 56.22313964 0.0
23 73 59.023664546 0.0
23 74 58.363056644 0.0
23 75 56.695661618 0.0
23 76 58.677430424 0.0
23 77 58.363056644 0.0
23 78 63.104591066 0.0
23 79 62.048640128 0.0
23 80 59.023664546 0.0
23 81 56.22313964 0.0
23 82 56.22313964 0.0
23 83 59.023664546 0.0
23 84 63.104591066 0.0
23 85 62.048640128 0.0
23 86 58.677430424 0.0
23 87 58.363056644 0.0
23 88 61.0565747 0.0
23 89 66.87125366000001 0.0
23 90 58.677430424 0.0
23 91 58.363056644 0.0
23 92 66.87125366000001 0.0
23 93 67.039509272 0.0
23 94 62.048640128 0.0
23 95 63.104591066 0.0
23 96 62.048640128 0.0
23 97 63.104591066 0.0
23 98 62.58773926400001 0.0
23 99 62.048640128 0.0
23 100 58.363056644 0.0
23 101 56.695661618 0.0
23 102 56.695661618 0.0
23 103 58.363056644 0.0
23 104 66.87125366000001 0.0
23 105 67.039509272 0.0
23 106 62.048640128 0.0
23 107 63.104591066 0.0
23 108 61.0565747 0.0
23 109 66.87125366000001 0.0
23 110 58.677430424 0.0
23 111 58.363056644 0.0
23 112 62.837293694 0.0
23 113 60.426398930000005 0.0
23 114 61.0565747 0.0
23 115 66.87125366000001 0.0
23 116 62.048640128 0.0
23 117 63.104591066 0.0
23 118 62.58773926400001 0.0
23 119 62.048640128 0.0
23 120 66.87125366000001 0.0
23 121 67.039509272 0.0
23 122 62.048640128 0.0
23 123 63.104591066 0.0
23 124 61.0565747 0.0
23 125 66.87125366000001 0.0
23 126 58.677430424 0.0
23 127 58.363056644 0.0
