time period scenario temperature renewable energy
0 0 65.93406494 0.0
0 1 65.93406494 0.0
0 2 65.93406494 0.0
0 3 65.93406494 0.0
0 4 65.93406494 0.0
0 5 65.93406494 0.0
0 6 65.93406494 0.0
0 7 65.93406494 0.0
0 8 65.93406494 0.0
0 9 65.93406494 0.0
0 10 65.93406494 0.0
0 11 65.93406494 0.0
0 12 65.93406494 0.0
0 13 65.93406494 0.0
0 14 65.93406494 0.0
0 15 65.93406494 0.0
0 16 65.93406494 0.0
0 17 65.93406494 0.0
0 18 65.93406494 0.0
0 19 65.93406494 0.0
0 20 65.93406494 0.0
0 21 65.93406494 0.0
0 22 65.93406494 0.0
0 23 65.93406494 0.0
0 24 65.93406494 0.0
0 25 65.93406494 0.0
0 26 65.93406494 0.0
0 27 65.93406494 0.0
0 28 65.93406494 0.0
0 29 65.93406494 0.0
0 30 65.93406494 0.0
0 31 65.93406494 0.0
0 32 65.93406494 0.0
0 33 65.93406494 0.0
0 34 65.93406494 0.0
0 35 65.93406494 0.0
0 36 65.93406494 0.0
0 37 65.93406494 0.0
0 38 65.93406494 0.0
0 39 65.93406494 0.0
0 40 65.93406494 0.0
0 41 65.93406494 0.0
0 42 65.93406494 0.0
0 43 65.93406494 0.0
0 44 65.93406494 0.0
0 45 65.93406494 0.0
0 46 65.93406494 0.0
0 47 65.93406494 0.0
0 48 65.93406494 0.0
0 49 65.93406494 0.0
0 50 65.93406494 0.0
0 51 65.93406494 0.0
0 52 65.93406494 0.0
0 53 65.93406494 0.0
0 54 65.93406494 0.0
0 55 65.93406494 0.0
0 56 65.93406494 0.0
0 57 65.93406494 0.0
0 58 65.93406494 0.0
0 59 65.93406494 0.0
0 60 65.93406494 0.0
0 61 65.93406494 0.0
0 62 65.93406494 0.0
0 63 65.93406494 0.0
0 64 65.93406494 0.0
0 65 65.93406494 0.0
0 66 65.93406494 0.0
0 67 65.93406494 0.0
0 68 65.93406494 0.0
0 69 65.93406494 0.0
0 70 65.93406494 0.0
0 71 65.93406494 0.0
0 72 65.93406494 0.0
0 73 65.93406494 0.0
0 74 65.93406494 0.0
0 75 65.93406494 0.0
0 76 65.93406494 0.0
0 77 65.93406494 0.0
0 78 65.93406494 0.0
0 79 65.93406494 0.0
0 80 65.93406494 0.0
0 81 65.93406494 0.0
0 82 65.93406494 0.0
0 83 65.93406494 0.0
0 84 65.93406494 0.0
0 85 65.93406494 0.0
0 86 65.93406494 0.0
0 87 65.93406494 0.0
0 88 65.93406494 0.0
0 89 65.93406494 0.0
0 90 65.93406494 0.0
0 91 65.93406494 0.0
0 92 65.93406494 0.0
0 93 65.93406494 0.0
0 94 65.93406494 0.0
0 95 65.93406494 0.0
0 96 65.93406494 0.0
0 97 65.93406494 0.0
0 98 65.93406494 0.0
0 99 65.93406494 0.0
0 100 65.93406494 0.0
0 101 65.93406494 0.0
0 102 65.93406494 0.0
0 103 65.93406494 0.0
0 104 65.93406494 0.0
0 105 65.93406494 0.0
0 106 65.93406494 0.0
0 107 65.93406494 0.0
0 108 65.93406494 0.0
0 109 65.93406494 0.0
0 110 65.93406494 0.0
0 111 65.93406494 0.0
0 112 65.93406494 0.0
0 113 65.93406494 0.0
0 114 65.93406494 0.0
0 115 65.93406494 0.0
0 116 65.93406494 0.0
0 117 65.93406494 0.0
0 118 65.93406494 0.0
0 119 65.93406494 0.0
0 120 65.93406494 0.0
0 121 65.93406494 0.0
0 122 65.93406494 0.0
0 123 65.93406494 0.0
0 124 65.93406494 0.0
0 125 65.93406494 0.0
0 126 65.93406494 0.0
0 127 65.93406494 0.0
1 0 65.008851314 0.0
1 1 65.008851314 0.0
1 2 65.008851314 0.0
1 3 65.008851314 0.0
1 4 65.008851314 0.0
1 5 65.008851314 0.0
1 6 65.008851314 0.0
1 7 65.008851314 0.0
1 8 65.008851314 0.0
1 9 65.008851314 0.0
1 10 65.008851314 0.0
1 11 65.008851314 0.0
1 12 65.008851314 0.0
1 13 65.008851314 0.0
1 14 65.008851314 0.0
1 15 65.008851314 0.0
1 16 65.008851314 0.0
1 17 65.008851314 0.0
1 18 65.008851314 0.0
1 19 65.008851314 0.0
1 20 65.008851314 0.0
1 21 65.008851314 0.0
1 22 65.008851314 0.0
1 23 65.008851314 0.0
1 24 65.008851314 0.0
1 25 65.008851314 0.0
1 26 65.008851314 0.0
1 27 65.008851314 0.0
1 28 65.008851314 0.0
1 29 65.008851314 0.0
1 30 65.008851314 0.0
1 31 65.008851314 0.0
1 32 65.008851314 0.0
1 33 65.008851314 0.0
1 34 65.008851314 0.0
1 35 65.008851314 0.0
1 36 65.008851314 0.0
1 37 65.008851314 0.0
1 38 65.008851314 0.0
1 39 65.008851314 0.0
1 40 65.008851314 0.0
1 41 65.008851314 0.0
1 42 65.008851314 0.0
1 43 65.008851314 0.0
1 44 65.008851314 0.0
1 45 65.008851314 0.0
1 46 65.008851314 0.0
1 47 65.008851314 0.0
1 48 65.008851314 0.0
1 49 65.008851314 0.0
1 50 65.008851314 0.0
1 51 65.008851314 0.0
1 52 65.008851314 0.0
1 53 65.008851314 0.0
1 54 65.008851314 0.0
1 55 65.008851314 0.0
1 56 65.008851314 0.0
1 57 65.008851314 0.0
1 58 65.008851314 0.0
1 59 65.008851314 0.0
1 60 65.008851314 0.0
1 61 65.008851314 0.0
1 62 65.008851314 0.0
1 63 65.008851314 0.0
1 64 65.008851314 0.0
1 65 65.008851314 0.0
1 66 65.008851314 0.0
1 67 65.008851314 0.0
1 68 65.008851314 0.0
1 69 65.008851314 0.0
1 70 65.008851314 0.0
1 71 65.008851314 0.0
1 72 65.008851314 0.0
1 73 65.008851314 0.0
1 74 65.008851314 0.0
1 75 65.008851314 0.0
1 76 65.008851314 0.0
1 77 65.008851314 0.0
1 78 65.008851314 0.0
1 79 65.008851314 0.0
1 80 65.008851314 0.0
1 81 65.008851314 0.0
1 82 65.008851314 0.0
1 83 65.008851314 0.0
1 84 65.008851314 0.0
1 85 65.008851314 0.0
1 86 65.008851314 0.0
1 87 65.008851314 0.0
1 88 65.008851314 0.0
1 89 65.008851314 0.0
1 90 65.008851314 0.0
1 91 65.008851314 0.0
1 92 65.008851314 0.0
1 93 65.008851314 0.0
1 94 65.008851314 0.0
1 95 65.008851314 0.0
1 96 65.008851314 0.0
1 97 65.008851314 0.0
1 98 65.008851314 0.0
1 99 65.008851314 0.0
1 100 65.008851314 0.0
1 101 65.008851314 0.0
1 102 65.008851314 0.0
1 103 65.008851314 0.0
1 104 65.008851314 0.0
1 105 65.008851314 0.0
1 106 65.008851314 0.0
1 107 65.008851314 0.0
1 108 65.008851314 0.0
1 109 65.008851314 0.0
1 110 65.008851314 0.0
1 111 65.008851314 0.0
1 112 65.008851314 0.0
1 113 65.008851314 0.0
1 114 65.008851314 0.0
1 115 65.008851314 0.0
1 116 65.008851314 0.0
1 117 65.008851314 0.0
1 118 65.008851314 0.0
1 119 65.008851314 0.0
1 120 65.008851314 0.0
1 121 65.008851314 0.0
1 122 65.008851314 0.0
1 123 65.008851314 0.0
1 124 65.008851314 0.0
1 125 65.008851314 0.0
1 126 65.008851314 0.0
1 127 65.008851314 0.0
2 0 64.25255249599999 0.0
2 1 64.25255249599999 0.0
2 2 64.25255249599999 0.0
2 3 64.25255249599999 0.0
2 4 64.25255249599999 0.0
2 5 64.25255249599999 0.0
2 6 64.25255249599999 0.0
2 7 64.25255249599999 0.0
2 8 64.25255249599999 0.0
2 9 64.25255249599999 0.0
2 10 64.25255249599999 0.0
2 11 64.25255249599999 0.0
2 12 64.25255249599999 0.0
2 13 64.25255249599999 0.0
2 14 64.25255249599999 0.0
2 15 64.25255249599999 0.0
2 16 64.25255249599999 0.0
2 17 64.25255249599999 0.0
2 18 64.25255249599999 0.0
2 19 64.25255249599999 0.0
2 20 64.25255249599999 0.0
2 21 64.25255249599999 0.0
2 22 64.25255249599999 0.0
2 23 64.25255249599999 0.0
2 24 64.25255249599999 0.0
2 25 64.25255249599999 0.0
2 26 64.25255249599999 0.0
2 27 64.25255249599999 0.0
2 28 64.25255249599999 0.0
2 29 64.25255249599999 0.0
2 30 64.25255249599999 0.0
2 31 64.25255249599999 0.0
2 32 64.25255249599999 0.0
2 33 64.25255249599999 0.0
2 34 64.25255249599999 0.0
2 35 64.25255249599999 0.0
2 36 64.25255249599999 0.0
2 37 64.25255249599999 0.0
2 38 64.25255249599999 0.0
2 39 64.25255249599999 0.0
2 40 64.25255249599999 0.0
2 41 64.25255249599999 0.0
2 42 64.25255249599999 0.0
2 43 64.25255249599999 0.0
2 44 64.25255249599999 0.0
2 45 64.25255249599999 0.0
2 46 64.25255249599999 0.0
2 47 64.25255249599999 0.0
2 48 64.25255249599999 0.0
2 49 64.25255249599999 0.0
2 50 64.25255249599999 0.0
2 51 64.25255249599999 0.0
2 52 64.25255249599999 0.0
2 53 64.25255249599999 0.0
2 54 64.25255249599999 0.0
2 55 64.25255249599999 0.0
2 56 64.25255249599999 0.0
2 57 64.25255249599999 0.0
2 58 64.25255249599999 0.0
2 59 64.25255249599999 0.0
2 60 64.25255249599999 0.0
2 61 64.25255249599999 0.0
2 62 64.25255249599999 0.0
2 63 64.25255249599999 0.0
2 64 64.25255249599999 0.0
2 65 64.25255249599999 0.0
2 66 64.25255249599999 0.0
2 67 64.25255249599999 0.0
2 68 64.25255249599999 0.0
2 69 64.25255249599999 0.0
2 70 64.25255249599999 0.0
2 71 64.25255249599999 0.0
2 72 64.25255249599999 0.0
2 73 64.25255249599999 0.0
2 74 64.25255249599999 0.0
2 75 64.25255249599999 0.0
2 76 64.25255249599999 0.0
2 77 64.25255249599999 0.0
2 78 64.25255249599999 0.0
2 79 64.25255249599999 0.0
2 80 64.25255249599999 0.0
2 81 64.25255249599999 0.0
2 82 64.25255249599999 0.0
2 83 64.25255249599999 0.0
2 84 64.25255249599999 0.0
2 85 64.25255249599999 0.0
2 86 64.25255249599999 0.0
2 87 64.25255249599999 0.0
2 88 64.25255249599999 0.0
2 89 64.25255249599999 0.0
2 90 64.25255249599999 0.0
2 91 64.25255249599999 0.0
2 92 64.25255249599999 0.0
2 93 64.25255249599999 0.0
2 94 64.25255249599999 0.0
2 95 64.25255249599999 0.0
2 96 64.25255249599999 0.0
2 97 64.25255249599999 0.0
2 98 64.25255249599999 0.0
2 99 64.25255249599999 0.0
2 100 64.25255249599999 0.0
2 101 64.25255249599999 0.0
2 102 64.25255249599999 0.0
2 103 64.25255249599999 0.0
2 104 64.25255249599999 0.0
2 105 64.25255249599999 0.0
2 106 64.25255249599999 0.0
2 107 64.25255249599999 0.0
2 108 64.25255249599999 0.0
2 109 64.25255249599999 0.0
2 110 64.25255249599999 0.0
2 111 64.25255249599999 0.0
2 112 64.25255249599999 0.0
2 113 64.25255249599999 0.0
2 114 64.25255249599999 0.0
2 115 64.25255249599999 0.0
2 116 64.25255249599999 0.0
2 117 64.25255249599999 0.0
2 118 64.25255249599999 0.0
2 119 64.25255249599999 0.0
2 120 64.25255249599999 0.0
2 121 64.25255249599999 0.0
2 122 64.25255249599999 0.0
2 123 64.25255249599999 0.0
2 124 64.25255249599999 0.0
2 125 64.25255249599999 0.0
2 126 64.25255249599999 0.0
2 127 64.25255249599999 0.0
3 0 63.675056156000004 0.0
3 1 63.675056156000004 0.0
3 2 63.675056156000004 0.0
3 3 63.675056156000004 0.0
3 4 63.675056156000004 0.0
3 5 63.675056156000004 0.0
3 6 63.675056156000004 0.0
3 7 63.675056156000004 0.0
3 8 63.675056156000004 0.0
3 9 63.675056156000004 0.0
3 10 63.675056156000004 0.0
3 11 63.675056156000004 0.0
3 12 63.675056156000004 0.0
3 13 63.675056156000004 0.0
3 14 63.675056156000004 0.0
3 15 63.675056156000004 0.0
3 16 63.675056156000004 0.0
3 17 63.675056156000004 0.0
3 18 63.675056156000004 0.0
3 19 63.675056156000004 0.0
3 20 63.675056156000004 0.0
3 21 63.675056156000004 0.0
3 22 63.675056156000004 0.0
3 23 63.675056156000004 0.0
3 24 63.675056156000004 0.0
3 25 63.675056156000004 0.0
3 26 63.675056156000004 0.0
3 27 63.675056156000004 0.0
3 28 63.675056156000004 0.0
3 29 63.675056156000004 0.0
3 30 63.675056156000004 0.0
3 31 63.675056156000004 0.0
3 32 63.675056156000004 0.0
3 33 63.675056156000004 0.0
3 34 63.675056156000004 0.0
3 35 63.675056156000004 0.0
3 36 63.675056156000004 0.0
3 37 63.675056156000004 0.0
3 38 63.675056156000004 0.0
3 39 63.675056156000004 0.0
3 40 63.675056156000004 0.0
3 41 63.675056156000004 0.0
3 42 63.675056156000004 0.0
3 43 63.675056156000004 0.0
3 44 63.675056156000004 0.0
3 45 63.675056156000004 0.0
3 46 63.675056156000004 0.0
3 47 63.675056156000004 0.0
3 48 63.675056156000004 0.0
3 49 63.675056156000004 0.0
3 50 63.675056156000004 0.0
3 51 63.675056156000004 0.0
3 52 63.675056156000004 0.0
3 53 63.675056156000004 0.0
3 54 63.675056156000004 0.0
3 55 63.675056156000004 0.0
3 56 63.675056156000004 0.0
3 57 63.675056156000004 0.0
3 58 63.675056156000004 0.0
3 59 63.675056156000004 0.0
3 60 63.675056156000004 0.0
3 61 63.675056156000004 0.0
3 62 63.675056156000004 0.0
3 63 63.675056156000004 0.0
3 64 64.023981926 0.0
3 65 64.023981926 0.0
3 66 64.023981926 0.0
3 67 64.023981926 0.0
3 68 64.023981926 0.0
3 69 64.023981926 0.0
3 70 64.023981926 0.0
3 71 64.023981926 0.0
3 72 64.023981926 0.0
3 73 64.023981926 0.0
3 74 64.023981926 0.0
3 75 64.023981926 0.0
3 76 64.023981926 0.0
3 77 64.023981926 0.0
3 78 64.023981926 0.0
3 79 64.023981926 0.0
3 80 64.023981926 0.0
3 81 64.023981926 0.0
3 82 64.023981926 0.0
3 83 64.023981926 0.0
3 84 64.023981926 0.0
3 85 64.023981926 0.0
3 86 64.023981926 0.0
3 87 64.023981926 0.0
3 88 64.023981926 0.0
3 89 64.023981926 0.0
3 90 64.023981926 0.0
3 91 64.023981926 0.0
3 92 64.023981926 0.0
3 93 64.023981926 0.0
3 94 64.023981926 0.0
3 95 64.023981926 0.0
3 96 64.023981926 0.0
3 97 64.023981926 0.0
3 98 64.023981926 0.0
3 99 64.023981926 0.0
3 100 64.023981926 0.0
3 101 64.023981926 0.0
3 102 64.023981926 0.0
3 103 64.023981926 0.0
3 104 64.023981926 0.0
3 105 64.023981926 0.0
3 106 64.023981926 0.0
3 107 64.023981926 0.0
3 108 64.023981926 0.0
3 109 64.023981926 0.0
3 110 64.023981926 0.0
3 111 64.023981926 0.0
3 112 64.023981926 0.0
3 113 64.023981926 0.0
3 114 64.023981926 0.0
3 115 64.023981926 0.0
3 116 64.023981926 0.0
3 117 64.023981926 0.0
3 118 64.023981926 0.0
3 119 64.023981926 0.0
3 120 64.023981926 0.0
3 121 64.023981926 0.0
3 122 64.023981926 0.0
3 123 64.023981926 0.0
3 124 64.023981926 0.0
3 125 64.023981926 0.0
3 126 64.023981926 0.0
3 127 64.023981926 0.0
4 0 63.783765878 0.0
4 1 63.783765878 0.0
4 2 63.783765878 0.0
4 3 63.783765878 0.0
4 4 63.783765878 0.0
4 5 63.783765878 0.0
4 6 63.783765878 0.0
4 7 63.783765878 0.0
4 8 63.783765878 0.0
4 9 63.783765878 0.0
4 10 63.783765878 0.0
4 11 63.783765878 0.0
4 12 63.783765878 0.0
4 13 63.783765878 0.0
4 14 63.783765878 0.0
4 15 63.783765878 0.0
4 16 63.783765878 0.0
4 17 63.783765878 0.0
4 18 63.783765878 0.0
4 19 63.783765878 0.0
4 20 63.783765878 0.0
4 21 63.783765878 0.0
4 22 63.783765878 0.0
4 23 63.783765878 0.0
4 24 63.783765878 0.0
4 25 63.783765878 0.0
4 26 63.783765878 0.0
4 27 63.783765878 0.0
4 28 63.783765878 0.0
4 29 63.783765878 0.0
4 30 63.783765878 0.0
4 31 63.783765878 0.0
4 32 63.783765878 0.0
4 33 63.783765878 0.0
4 34 63.783765878 0.0
4 35 63.783765878 0.0
4 36 63.783765878 0.0
4 37 63.783765878 0.0
4 38 63.783765878 0.0
4 39 63.783765878 0.0
4 40 63.783765878 0.0
4 41 63.783765878 0.0
4 42 63.783765878 0.0
4 43 63.783765878 0.0
4 44 63.783765878 0.0
4 45 63.783765878 0.0
4 46 63.783765878 0.0
4 47 63.783765878 0.0
4 48 63.783765878 0.0
4 49 63.783765878 0.0
4 50 63.783765878 0.0
4 51 63.783765878 0.0
4 52 63.783765878 0.0
4 53 63.783765878 0.0
4 54 63.783765878 0.0
4 55 63.783765878 0.0
4 56 63.783765878 0.0
4 57 63.783765878 0.0
4 58 63.783765878 0.0
4 59 63.783765878 0.0
4 60 63.783765878 0.0
4 61 63.783765878 0.0
4 62 63.783765878 0.0
4 63 63.783765878 0.0
4 64 63.556129148000004 0.0
4 65 63.556129148000004 0.0
4 66 63.556129148000004 0.0
4 67 63.556129148000004 0.0
4 68 63.556129148000004 0.0
4 69 63.556129148000004 0.0
4 70 63.556129148000004 0.0
4 71 63.556129148000004 0.0
4 72 63.556129148000004 0.0
4 73 63.556129148000004 0.0
4 74 63.556129148000004 0.0
4 75 63.556129148000004 0.0
4 76 63.556129148000004 0.0
4 77 63.556129148000004 0.0
4 78 63.556129148000004 0.0
4 79 63.556129148000004 0.0
4 80 63.556129148000004 0.0
4 81 63.556129148000004 0.0
4 82 63.556129148000004 0.0
4 83 63.556129148000004 0.0
4 84 63.556129148000004 0.0
4 85 63.556129148000004 0.0
4 86 63.556129148000004 0.0
4 87 63.556129148000004 0.0
4 88 63.556129148000004 0.0
4 89 63.556129148000004 0.0
4 90 63.556129148000004 0.0
4 91 63.556129148000004 0.0
4 92 63.556129148000004 0.0
4 93 63.556129148000004 0.0
4 94 63.556129148000004 0.0
4 95 63.556129148000004 0.0
4 96 63.556129148000004 0.0
4 97 63.556129148000004 0.0
4 98 63.556129148000004 0.0
4 99 63.556129148000004 0.0
4 100 63.556129148000004 0.0
4 101 63.556129148000004 0.0
4 102 63.556129148000004 0.0
4 103 63.556129148000004 0.0
4 104 63.556129148000004 0.0
4 105 63.556129148000004 0.0
4 106 63.556129148000004 0.0
4 107 63.556129148000004 0.0
4 108 63.556129148000004 0.0
4 109 63.556129148000004 0.0
4 110 63.556129148000004 0.0
4 111 63.556129148000004 0.0
4 112 63.556129148000004 0.0
4 113 63.556129148000004 0.0
4 114 63.556129148000004 0.0
4 115 63.556129148000004 0.0
4 116 63.556129148000004 0.0
4 117 63.556129148000004 0.0
4 118 63.556129148000004 0.0
4 119 63.556129148000004 0.0
4 120 63.556129148000004 0.0
4 121 63.556129148000004 0.0
4 122 63.556129148000004 0.0
4 123 63.556129148000004 0.0
4 124 63.556129148000004 0.0
4 125 63.556129148000004 0.0
4 126 63.556129148000004 0.0
4 127 63.556129148000004 0.0
5 0 64.91343506000001 0.003
5 1 64.91343506000001 0.003
5 2 64.91343506000001 0.003
5 3 64.91343506000001 0.003
5 4 64.91343506000001 0.003
5 5 64.91343506000001 0.003
5 6 64.91343506000001 0.003
5 7 64.91343506000001 0.003
5 8 64.91343506000001 0.003
5 9 64.91343506000001 0.003
5 10 64.91343506000001 0.003
5 11 64.91343506000001 0.003
5 12 64.91343506000001 0.003
5 13 64.91343506000001 0.003
5 14 64.91343506000001 0.003
5 15 64.91343506000001 0.003
5 16 64.91343506000001 0.003
5 17 64.91343506000001 0.003
5 18 64.91343506000001 0.003
5 19 64.91343506000001 0.003
5 20 64.91343506000001 0.003
5 21 64.91343506000001 0.003
5 22 64.91343506000001 0.003
5 23 64.91343506000001 0.003
5 24 64.91343506000001 0.003
5 25 64.91343506000001 0.003
5 26 64.91343506000001 0.003
5 27 64.91343506000001 0.003
5 28 64.91343506000001 0.003
5 29 64.91343506000001 0.003
5 30 64.91343506000001 0.003
5 31 64.91343506000001 0.003
5 32 64.91343506000001 0.003
5 33 64.91343506000001 0.003
5 34 64.91343506000001 0.003
5 35 64.91343506000001 0.003
5 36 64.91343506000001 0.003
5 37 64.91343506000001 0.003
5 38 64.91343506000001 0.003
5 39 64.91343506000001 0.003
5 40 64.91343506000001 0.003
5 41 64.91343506000001 0.003
5 42 64.91343506000001 0.003
5 43 64.91343506000001 0.003
5 44 64.91343506000001 0.003
5 45 64.91343506000001 0.003
5 46 64.91343506000001 0.003
5 47 64.91343506000001 0.003
5 48 64.91343506000001 0.003
5 49 64.91343506000001 0.003
5 50 64.91343506000001 0.003
5 51 64.91343506000001 0.003
5 52 64.91343506000001 0.003
5 53 64.91343506000001 0.003
5 54 64.91343506000001 0.003
5 55 64.91343506000001 0.003
5 56 64.91343506000001 0.003
5 57 64.91343506000001 0.003
5 58 64.91343506000001 0.003
5 59 64.91343506000001 0.003
5 60 64.91343506000001 0.003
5 61 64.91343506000001 0.003
5 62 64.91343506000001 0.003
5 63 64.91343506000001 0.003
5 64 63.593867192000005 0.0105
5 65 63.593867192000005 0.0105
5 66 63.593867192000005 0.0105
5 67 63.593867192000005 0.0105
5 68 63.593867192000005 0.0105
5 69 63.593867192000005 0.0105
5 70 63.593867192000005 0.0105
5 71 63.593867192000005 0.0105
5 72 63.593867192000005 0.0105
5 73 63.593867192000005 0.0105
5 74 63.593867192000005 0.0105
5 75 63.593867192000005 0.0105
5 76 63.593867192000005 0.0105
5 77 63.593867192000005 0.0105
5 78 63.593867192000005 0.0105
5 79 63.593867192000005 0.0105
5 80 63.593867192000005 0.0105
5 81 63.593867192000005 0.0105
5 82 63.593867192000005 0.0105
5 83 63.593867192000005 0.0105
5 84 63.593867192000005 0.0105
5 85 63.593867192000005 0.0105
5 86 63.593867192000005 0.0105
5 87 63.593867192000005 0.0105
5 88 63.593867192000005 0.0105
5 89 63.593867192000005 0.0105
5 90 63.593867192000005 0.0105
5 91 63.593867192000005 0.0105
5 92 63.593867192000005 0.0105
5 93 63.593867192000005 0.0105
5 94 63.593867192000005 0.0105
5 95 63.593867192000005 0.0105
5 96 63.593867192000005 0.0105
5 97 63.593867192000005 0.0105
5 98 63.593867192000005 0.0105
5 99 63.593867192000005 0.0105
5 100 63.593867192000005 0.0105
5 101 63.593867192000005 0.0105
5 102 63.593867192000005 0.0105
5 103 63.593867192000005 0.0105
5 104 63.593867192000005 0.0105
5 105 63.593867192000005 0.0105
5 106 63.593867192000005 0.0105
5 107 63.593867192000005 0.0105
5 108 63.593867192000005 0.0105
5 109 63.593867192000005 0.0105
5 110 63.593867192000005 0.0105
5 111 63.593867192000005 0.0105
5 112 63.593867192000005 0.0105
5 113 63.593867192000005 0.0105
5 114 63.593867192000005 0.0105
5 115 63.593867192000005 0.0105
5 116 63.593867192000005 0.0105
5 117 63.593867192000005 0.0105
5 118 63.593867192000005 0.0105
5 119 63.593867192000005 0.0105
5 120 63.593867192000005 0.0105
5 121 63.593867192000005 0.0105
5 122 63.593867192000005 0.0105
5 123 63.593867192000005 0.0105
5 124 63.593867192000005 0.0105
5 125 63.593867192000005 0.0105
5 126 63.593867192000005 0.0105
5 127 63.593867192000005 0.0105
6 0 67.07834594600001 0.1365
6 1 67.07834594600001 0.1365
6 2 67.07834594600001 0.1365
6 3 67.07834594600001 0.1365
6 4 67.07834594600001 0.1365
6 5 67.07834594600001 0.1365
6 6 67.07834594600001 0.1365
6 7 67.07834594600001 0.1365
6 8 67.07834594600001 0.1365
6 9 67.07834594600001 0.1365
6 10 67.07834594600001 0.1365
6 11 67.07834594600001 0.1365
6 12 67.07834594600001 0.1365
6 13 67.07834594600001 0.1365
6 14 67.07834594600001 0.1365
6 15 67.07834594600001 0.1365
6 16 67.07834594600001 0.1365
6 17 67.07834594600001 0.1365
6 18 67.07834594600001 0.1365
6 19 67.07834594600001 0.1365
6 20 67.07834594600001 0.1365
6 21 67.07834594600001 0.1365
6 22 67.07834594600001 0.1365
6 23 67.07834594600001 0.1365
6 24 67.07834594600001 0.1365
6 25 67.07834594600001 0.1365
6 26 67.07834594600001 0.1365
6 27 67.07834594600001 0.1365
6 28 67.07834594600001 0.1365
6 29 67.07834594600001 0.1365
6 30 67.07834594600001 0.1365
6 31 67.07834594600001 0.1365
6 32 68.84280518 0.258
6 33 68.84280518 0.258
6 34 68.84280518 0.258
6 35 68.84280518 0.258
6 36 68.84280518 0.258
6 37 68.84280518 0.258
6 38 68.84280518 0.258
6 39 68.84280518 0.258
6 40 68.84280518 0.258
6 41 68.84280518 0.258
6 42 68.84280518 0.258
6 43 68.84280518 0.258
6 44 68.84280518 0.258
6 45 68.84280518 0.258
6 46 68.84280518 0.258
6 47 68.84280518 0.258
6 48 68.84280518 0.258
6 49 68.84280518 0.258
6 50 68.84280518 0.258
6 51 68.84280518 0.258
6 52 68.84280518 0.258
6 53 68.84280518 0.258
6 54 68.84280518 0.258
6 55 68.84280518 0.258
6 56 68.84280518 0.258
6 57 68.84280518 0.258
6 58 68.84280518 0.258
6 59 68.84280518 0.258
6 60 68.84280518 0.258
6 61 68.84280518 0.258
6 62 68.84280518 0.258
6 63 68.84280518 0.258
6 64 64.174165034 0.0645
6 65 64.174165034 0.0645
6 66 64.174165034 0.0645
6 67 64.174165034 0.0645
6 68 64.174165034 0.0645
6 69 64.174165034 0.0645
6 70 64.174165034 0.0645
6 71 64.174165034 0.0645
6 72 64.174165034 0.0645
6 73 64.174165034 0.0645
6 74 64.174165034 0.0645
6 75 64.174165034 0.0645
6 76 64.174165034 0.0645
6 77 64.174165034 0.0645
6 78 64.174165034 0.0645
6 79 64.174165034 0.0645
6 80 64.174165034 0.0645
6 81 64.174165034 0.0645
6 82 64.174165034 0.0645
6 83 64.174165034 0.0645
6 84 64.174165034 0.0645
6 85 64.174165034 0.0645
6 86 64.174165034 0.0645
6 87 64.174165034 0.0645
6 88 64.174165034 0.0645
6 89 64.174165034 0.0645
6 90 64.174165034 0.0645
6 91 64.174165034 0.0645
6 92 64.174165034 0.0645
6 93 64.174165034 0.0645
6 94 64.174165034 0.0645
6 95 64.174165034 0.0645
6 96 65.729334722 0.1545
6 97 65.729334722 0.1545
6 98 65.729334722 0.1545
6 99 65.729334722 0.1545
6 100 65.729334722 0.1545
6 101 65.729334722 0.1545
6 102 65.729334722 0.1545
6 103 65.729334722 0.1545
6 104 65.729334722 0.1545
6 105 65.729334722 0.1545
6 106 65.729334722 0.1545
6 107 65.729334722 0.1545
6 108 65.729334722 0.1545
6 109 65.729334722 0.1545
6 110 65.729334722 0.1545
6 111 65.729334722 0.1545
6 112 65.729334722 0.1545
6 113 65.729334722 0.1545
6 114 65.729334722 0.1545
6 115 65.729334722 0.1545
6 116 65.729334722 0.1545
6 117 65.729334722 0.1545
6 118 65.729334722 0.1545
6 119 65.729334722 0.1545
6 120 65.729334722 0.1545
6 121 65.729334722 0.1545
6 122 65.729334722 0.1545
6 123 65.729334722 0.1545
6 124 65.729334722 0.1545
6 125 65.729334722 0.1545
6 126 65.729334722 0.1545
6 127 65.729334722 0.1545
7 0 70.64423339000001 0.321
7 1 70.64423339000001 0.321
7 2 70.64423339000001 0.321
7 3 70.64423339000001 0.321
7 4 70.64423339000001 0.321
7 5 70.64423339000001 0.321
7 6 70.64423339000001 0.321
7 7 70.64423339000001 0.321
7 8 70.64423339000001 0.321
7 9 70.64423339000001 0.321
7 10 70.64423339000001 0.321
7 11 70.64423339000001 0.321
7 12 70.64423339000001 0.321
7 13 70.64423339000001 0.321
7 14 70.64423339000001 0.321
7 15 70.64423339000001 0.321
7 16 70.64423339000001 0.321
7 17 70.64423339000001 0.321
7 18 70.64423339000001 0.321
7 19 70.64423339000001 0.321
7 20 70.64423339000001 0.321
7 21 70.64423339000001 0.321
7 22 70.64423339000001 0.321
7 23 70.64423339000001 0.321
7 24 70.64423339000001 0.321
7 25 70.64423339000001 0.321
7 26 70.64423339000001 0.321
7 27 70.64423339000001 0.321
7 28 70.64423339000001 0.321
7 29 70.64423339000001 0.321
7 30 70.64423339000001 0.321
7 31 70.64423339000001 0.321
7 32 73.431959234 0.48
7 33 73.431959234 0.48
7 34 73.431959234 0.48
7 35 73.431959234 0.48
7 36 73.431959234 0.48
7 37 73.431959234 0.48
7 38 73.431959234 0.48
7 39 73.431959234 0.48
7 40 73.431959234 0.48
7 41 73.431959234 0.48
7 42 73.431959234 0.48
7 43 73.431959234 0.48
7 44 73.431959234 0.48
7 45 73.431959234 0.48
7 46 73.431959234 0.48
7 47 73.431959234 0.48
7 48 73.431959234 0.48
7 49 73.431959234 0.48
7 50 73.431959234 0.48
7 51 73.431959234 0.48
7 52 73.431959234 0.48
7 53 73.431959234 0.48
7 54 73.431959234 0.48
7 55 73.431959234 0.48
7 56 73.431959234 0.48
7 57 73.431959234 0.48
7 58 73.431959234 0.48
7 59 73.431959234 0.48
7 60 73.431959234 0.48
7 61 73.431959234 0.48
7 62 73.431959234 0.48
7 63 73.431959234 0.48
7 64 64.763966066 0.1515
7 65 64.763966066 0.1515
7 66 64.763966066 0.1515
7 67 64.763966066 0.1515
7 68 64.763966066 0.1515
7 69 64.763966066 0.1515
7 70 64.763966066 0.1515
7 71 64.763966066 0.1515
7 72 64.763966066 0.1515
7 73 64.763966066 0.1515
7 74 64.763966066 0.1515
7 75 64.763966066 0.1515
7 76 64.763966066 0.1515
7 77 64.763966066 0.1515
7 78 64.763966066 0.1515
7 79 64.763966066 0.1515
7 80 64.763966066 0.1515
7 81 64.763966066 0.1515
7 82 64.763966066 0.1515
7 83 64.763966066 0.1515
7 84 64.763966066 0.1515
7 85 64.763966066 0.1515
7 86 64.763966066 0.1515
7 87 64.763966066 0.1515
7 88 64.763966066 0.1515
7 89 64.763966066 0.1515
7 90 64.763966066 0.1515
7 91 64.763966066 0.1515
7 92 64.763966066 0.1515
7 93 64.763966066 0.1515
7 94 64.763966066 0.1515
7 95 64.763966066 0.1515
7 96 69.817292474 0.411
7 97 69.817292474 0.411
7 98 69.817292474 0.411
7 99 69.817292474 0.411
7 100 69.817292474 0.411
7 101 69.817292474 0.411
7 102 69.817292474 0.411
7 103 69.817292474 0.411
7 104 69.817292474 0.411
7 105 69.817292474 0.411
7 106 69.817292474 0.411
7 107 69.817292474 0.411
7 108 69.817292474 0.411
7 109 69.817292474 0.411
7 110 69.817292474 0.411
7 111 69.817292474 0.411
7 112 69.817292474 0.411
7 113 69.817292474 0.411
7 114 69.817292474 0.411
7 115 69.817292474 0.411
7 116 69.817292474 0.411
7 117 69.817292474 0.411
7 118 69.817292474 0.411
7 119 69.817292474 0.411
7 120 69.817292474 0.411
7 121 69.817292474 0.411
7 122 69.817292474 0.411
7 123 69.817292474 0.411
7 124 69.817292474 0.411
7 125 69.817292474 0.411
7 126 69.817292474 0.411
7 127 69.817292474 0.411
8 0 74.277137444 0.564
8 1 74.277137444 0.564
8 2 74.277137444 0.564
8 3 74.277137444 0.564
8 4 74.277137444 0.564
8 5 74.277137444 0.564
8 6 74.277137444 0.564
8 7 74.277137444 0.564
8 8 74.277137444 0.564
8 9 74.277137444 0.564
8 10 74.277137444 0.564
8 11 74.277137444 0.564
8 12 74.277137444 0.564
8 13 74.277137444 0.564
8 14 74.277137444 0.564
8 15 74.277137444 0.564
8 16 74.277137444 0.564
8 17 74.277137444 0.564
8 18 74.277137444 0.564
8 19 74.277137444 0.564
8 20 74.277137444 0.564
8 21 74.277137444 0.564
8 22 74.277137444 0.564
8 23 74.277137444 0.564
8 24 74.277137444 0.564
8 25 74.277137444 0.564
8 26 74.277137444 0.564
8 27 74.277137444 0.564
8 28 74.277137444 0.564
8 29 74.277137444 0.564
8 30 74.277137444 0.564
8 31 74.277137444 0.564
8 32 77.13116576600001 0.531
8 33 77.13116576600001 0.531
8 34 77.13116576600001 0.531
8 35 77.13116576600001 0.531
8 36 77.13116576600001 0.531
8 37 77.13116576600001 0.531
8 38 77.13116576600001 0.531
8 39 77.13116576600001 0.531
8 40 77.13116576600001 0.531
8 41 77.13116576600001 0.531
8 42 77.13116576600001 0.531
8 43 77.13116576600001 0.531
8 44 77.13116576600001 0.531
8 45 77.13116576600001 0.531
8 46 77.13116576600001 0.531
8 47 77.13116576600001 0.531
8 48 77.13116576600001 0.531
8 49 77.13116576600001 0.531
8 50 77.13116576600001 0.531
8 51 77.13116576600001 0.531
8 52 77.13116576600001 0.531
8 53 77.13116576600001 0.531
8 54 77.13116576600001 0.531
8 55 77.13116576600001 0.531
8 56 77.13116576600001 0.531
8 57 77.13116576600001 0.531
8 58 77.13116576600001 0.531
8 59 77.13116576600001 0.531
8 60 77.13116576600001 0.531
8 61 77.13116576600001 0.531
8 62 77.13116576600001 0.531
8 63 77.13116576600001 0.531
8 64 65.2300061 0.1485
8 65 65.2300061 0.1485
8 66 65.2300061 0.1485
8 67 65.2300061 0.1485
8 68 65.2300061 0.1485
8 69 65.2300061 0.1485
8 70 65.2300061 0.1485
8 71 65.2300061 0.1485
8 72 65.2300061 0.1485
8 73 65.2300061 0.1485
8 74 65.2300061 0.1485
8 75 65.2300061 0.1485
8 76 65.2300061 0.1485
8 77 65.2300061 0.1485
8 78 65.2300061 0.1485
8 79 65.2300061 0.1485
8 80 65.2300061 0.1485
8 81 65.2300061 0.1485
8 82 65.2300061 0.1485
8 83 65.2300061 0.1485
8 84 65.2300061 0.1485
8 85 65.2300061 0.1485
8 86 65.2300061 0.1485
8 87 65.2300061 0.1485
8 88 65.2300061 0.1485
8 89 65.2300061 0.1485
8 90 65.2300061 0.1485
8 91 65.2300061 0.1485
8 92 65.2300061 0.1485
8 93 65.2300061 0.1485
8 94 65.2300061 0.1485
8 95 65.2300061 0.1485
8 96 74.402711186 0.636
8 97 74.402711186 0.636
8 98 74.402711186 0.636
8 99 74.402711186 0.636
8 100 74.402711186 0.636
8 101 74.402711186 0.636
8 102 74.402711186 0.636
8 103 74.402711186 0.636
8 104 74.402711186 0.636
8 105 74.402711186 0.636
8 106 74.402711186 0.636
8 107 74.402711186 0.636
8 108 74.402711186 0.636
8 109 74.402711186 0.636
8 110 74.402711186 0.636
8 111 74.402711186 0.636
8 112 74.402711186 0.636
8 113 74.402711186 0.636
8 114 74.402711186 0.636
8 115 74.402711186 0.636
8 116 74.402711186 0.636
8 117 74.402711186 0.636
8 118 74.402711186 0.636
8 119 74.402711186 0.636
8 120 74.402711186 0.636
8 121 74.402711186 0.636
8 122 74.402711186 0.636
8 123 74.402711186 0.636
8 124 74.402711186 0.636
8 125 74.402711186 0.636
8 126 74.402711186 0.636
8 127 74.402711186 0.636
9 0 76.585419914 0.726
9 1 76.585419914 0.726
9 2 76.585419914 0.726
9 3 76.585419914 0.726
9 4 76.585419914 0.726
9 5 76.585419914 0.726
9 6 76.585419914 0.726
9 7 76.585419914 0.726
9 8 76.585419914 0.726
9 9 76.585419914 0.726
9 10 76.585419914 0.726
9 11 76.585419914 0.726
9 12 76.585419914 0.726
9 13 76.585419914 0.726
9 14 76.585419914 0.726
9 15 76.585419914 0.726
9 16 78.17717408 0.8489999999999999
9 17 78.17717408 0.8489999999999999
9 18 78.17717408 0.8489999999999999
9 19 78.17717408 0.8489999999999999
9 20 78.17717408 0.8489999999999999
9 21 78.17717408 0.8489999999999999
9 22 78.17717408 0.8489999999999999
9 23 78.17717408 0.8489999999999999
9 24 78.17717408 0.8489999999999999
9 25 78.17717408 0.8489999999999999
9 26 78.17717408 0.8489999999999999
9 27 78.17717408 0.8489999999999999
9 28 78.17717408 0.8489999999999999
9 29 78.17717408 0.8489999999999999
9 30 78.17717408 0.8489999999999999
9 31 78.17717408 0.8489999999999999
9 32 79.95437744 0.9255
9 33 79.95437744 0.9255
9 34 79.95437744 0.9255
9 35 79.95437744 0.9255
9 36 79.95437744 0.9255
9 37 79.95437744 0.9255
9 38 79.95437744 0.9255
9 39 79.95437744 0.9255
9 40 79.95437744 0.9255
9 41 79.95437744 0.9255
9 42 79.95437744 0.9255
9 43 79.95437744 0.9255
9 44 79.95437744 0.9255
9 45 79.95437744 0.9255
9 46 79.95437744 0.9255
9 47 79.95437744 0.9255
9 48 78.85623902 0.35699999999999993
9 49 78.85623902 0.35699999999999993
9 50 78.85623902 0.35699999999999993
9 51 78.85623902 0.35699999999999993
9 52 78.85623902 0.35699999999999993
9 53 78.85623902 0.35699999999999993
9 54 78.85623902 0.35699999999999993
9 55 78.85623902 0.35699999999999993
9 56 78.85623902 0.35699999999999993
9 57 78.85623902 0.35699999999999993
9 58 78.85623902 0.35699999999999993
9 59 78.85623902 0.35699999999999993
9 60 78.85623902 0.35699999999999993
9 61 78.85623902 0.35699999999999993
9 62 78.85623902 0.35699999999999993
9 63 78.85623902 0.35699999999999993
9 64 66.721674812 0.15
9 65 66.721674812 0.15
9 66 66.721674812 0.15
9 67 66.721674812 0.15
9 68 66.721674812 0.15
9 69 66.721674812 0.15
9 70 66.721674812 0.15
9 71 66.721674812 0.15
9 72 66.721674812 0.15
9 73 66.721674812 0.15
9 74 66.721674812 0.15
9 75 66.721674812 0.15
9 76 66.721674812 0.15
9 77 66.721674812 0.15
9 78 66.721674812 0.15
9 79 66.721674812 0.15
9 80 68.694709478 0.8489999999999999
9 81 68.694709478 0.8489999999999999
9 82 68.694709478 0.8489999999999999
9 83 68.694709478 0.8489999999999999
9 84 68.694709478 0.8489999999999999
9 85 68.694709478 0.8489999999999999
9 86 68.694709478 0.8489999999999999
9 87 68.694709478 0.8489999999999999
9 88 68.694709478 0.8489999999999999
9 89 68.694709478 0.8489999999999999
9 90 68.694709478 0.8489999999999999
9 91 68.694709478 0.8489999999999999
9 92 68.694709478 0.8489999999999999
9 93 68.694709478 0.8489999999999999
9 94 68.694709478 0.8489999999999999
9 95 68.694709478 0.8489999999999999
9 96 78.17717408 0.8489999999999999
9 97 78.17717408 0.8489999999999999
9 98 78.17717408 0.8489999999999999
9 99 78.17717408 0.8489999999999999
9 100 78.17717408 0.8489999999999999
9 101 78.17717408 0.8489999999999999
9 102 78.17717408 0.8489999999999999
9 103 78.17717408 0.8489999999999999
9 104 78.17717408 0.8489999999999999
9 105 78.17717408 0.8489999999999999
9 106 78.17717408 0.8489999999999999
9 107 78.17717408 0.8489999999999999
9 108 78.17717408 0.8489999999999999
9 109 78.17717408 0.8489999999999999
9 110 78.17717408 0.8489999999999999
9 111 78.17717408 0.8489999999999999
9 112 76.585419914 0.726
9 113 76.585419914 0.726
9 114 76.585419914 0.726
9 115 76.585419914 0.726
9 116 76.585419914 0.726
9 117 76.585419914 0.726
9 118 76.585419914 0.726
9 119 76.585419914 0.726
9 120 76.585419914 0.726
9 121 76.585419914 0.726
9 122 76.585419914 0.726
9 123 76.585419914 0.726
9 124 76.585419914 0.726
9 125 76.585419914 0.726
9 126 76.585419914 0.726
9 127 76.585419914 0.726
10 0 78.01919067200001 1.0139999999999998
10 1 78.01919067200001 1.0139999999999998
10 2 78.01919067200001 1.0139999999999998
10 3 78.01919067200001 1.0139999999999998
10 4 78.01919067200001 1.0139999999999998
10 5 78.01919067200001 1.0139999999999998
10 6 78.01919067200001 1.0139999999999998
10 7 78.01919067200001 1.0139999999999998
10 8 78.01919067200001 1.0139999999999998
10 9 78.01919067200001 1.0139999999999998
10 10 78.01919067200001 1.0139999999999998
10 11 78.01919067200001 1.0139999999999998
10 12 78.01919067200001 1.0139999999999998
10 13 78.01919067200001 1.0139999999999998
10 14 78.01919067200001 1.0139999999999998
10 15 78.01919067200001 1.0139999999999998
10 16 81.16281860000001 1.0275
10 17 81.16281860000001 1.0275
10 18 81.16281860000001 1.0275
10 19 81.16281860000001 1.0275
10 20 81.16281860000001 1.0275
10 21 81.16281860000001 1.0275
10 22 81.16281860000001 1.0275
10 23 81.16281860000001 1.0275
10 24 81.16281860000001 1.0275
10 25 81.16281860000001 1.0275
10 26 81.16281860000001 1.0275
10 27 81.16281860000001 1.0275
10 28 81.16281860000001 1.0275
10 29 81.16281860000001 1.0275
10 30 81.16281860000001 1.0275
10 31 81.16281860000001 1.0275
10 32 82.242609872 1.107
10 33 82.242609872 1.107
10 34 82.242609872 1.107
10 35 82.242609872 1.107
10 36 82.242609872 1.107
10 37 82.242609872 1.107
10 38 82.242609872 1.107
10 39 82.242609872 1.107
10 40 82.242609872 1.107
10 41 82.242609872 1.107
10 42 82.242609872 1.107
10 43 82.242609872 1.107
10 44 82.242609872 1.107
10 45 82.242609872 1.107
10 46 82.242609872 1.107
10 47 82.242609872 1.107
10 48 79.566999512 0.4305
10 49 79.566999512 0.4305
10 50 79.566999512 0.4305
10 51 79.566999512 0.4305
10 52 79.566999512 0.4305
10 53 79.566999512 0.4305
10 54 79.566999512 0.4305
10 55 79.566999512 0.4305
10 56 79.566999512 0.4305
10 57 79.566999512 0.4305
10 58 79.566999512 0.4305
10 59 79.566999512 0.4305
10 60 79.566999512 0.4305
10 61 79.566999512 0.4305
10 62 79.566999512 0.4305
10 63 79.566999512 0.4305
10 64 68.185712894 0.1995
10 65 68.185712894 0.1995
10 66 68.185712894 0.1995
10 67 68.185712894 0.1995
10 68 68.185712894 0.1995
10 69 68.185712894 0.1995
10 70 68.185712894 0.1995
10 71 68.185712894 0.1995
10 72 68.185712894 0.1995
10 73 68.185712894 0.1995
10 74 68.185712894 0.1995
10 75 68.185712894 0.1995
10 76 68.185712894 0.1995
10 77 68.185712894 0.1995
10 78 68.185712894 0.1995
10 79 68.185712894 0.1995
10 80 71.49792603200001 1.032
10 81 71.49792603200001 1.032
10 82 71.49792603200001 1.032
10 83 71.49792603200001 1.032
10 84 71.49792603200001 1.032
10 85 71.49792603200001 1.032
10 86 71.49792603200001 1.032
10 87 71.49792603200001 1.032
10 88 71.49792603200001 1.032
10 89 71.49792603200001 1.032
10 90 71.49792603200001 1.032
10 91 71.49792603200001 1.032
10 92 71.49792603200001 1.032
10 93 71.49792603200001 1.032
10 94 71.49792603200001 1.032
10 95 71.49792603200001 1.032
10 96 81.16281860000001 1.0275
10 97 81.16281860000001 1.0275
10 98 81.16281860000001 1.0275
10 99 81.16281860000001 1.0275
10 100 81.16281860000001 1.0275
10 101 81.16281860000001 1.0275
10 102 81.16281860000001 1.0275
10 103 81.16281860000001 1.0275
10 104 81.16281860000001 1.0275
10 105 81.16281860000001 1.0275
10 106 81.16281860000001 1.0275
10 107 81.16281860000001 1.0275
10 108 81.16281860000001 1.0275
10 109 81.16281860000001 1.0275
10 110 81.16281860000001 1.0275
10 111 81.16281860000001 1.0275
10 112 78.01919067200001 1.0139999999999998
10 113 78.01919067200001 1.0139999999999998
10 114 78.01919067200001 1.0139999999999998
10 115 78.01919067200001 1.0139999999999998
10 116 78.01919067200001 1.0139999999999998
10 117 78.01919067200001 1.0139999999999998
10 118 78.01919067200001 1.0139999999999998
10 119 78.01919067200001 1.0139999999999998
10 120 78.01919067200001 1.0139999999999998
10 121 78.01919067200001 1.0139999999999998
10 122 78.01919067200001 1.0139999999999998
10 123 78.01919067200001 1.0139999999999998
10 124 78.01919067200001 1.0139999999999998
10 125 78.01919067200001 1.0139999999999998
10 126 78.01919067200001 1.0139999999999998
10 127 78.01919067200001 1.0139999999999998
11 0 79.073933108 0.9389999999999998
11 1 79.073933108 0.9389999999999998
11 2 79.073933108 0.9389999999999998
11 3 79.073933108 0.9389999999999998
11 4 79.073933108 0.9389999999999998
11 5 79.073933108 0.9389999999999998
11 6 79.073933108 0.9389999999999998
11 7 79.073933108 0.9389999999999998
11 8 79.073933108 0.9389999999999998
11 9 79.073933108 0.9389999999999998
11 10 79.073933108 0.9389999999999998
11 11 79.073933108 0.9389999999999998
11 12 79.073933108 0.9389999999999998
11 13 79.073933108 0.9389999999999998
11 14 79.073933108 0.9389999999999998
11 15 79.073933108 0.9389999999999998
11 16 82.856525882 1.047
11 17 82.856525882 1.047
11 18 82.856525882 1.047
11 19 82.856525882 1.047
11 20 82.856525882 1.047
11 21 82.856525882 1.047
11 22 82.856525882 1.047
11 23 82.856525882 1.047
11 24 82.856525882 1.047
11 25 82.856525882 1.047
11 26 82.856525882 1.047
11 27 82.856525882 1.047
11 28 82.856525882 1.047
11 29 82.856525882 1.047
11 30 82.856525882 1.047
11 31 82.856525882 1.047
11 32 84.128028566 1.2375
11 33 84.128028566 1.2375
11 34 84.128028566 1.2375
11 35 84.128028566 1.2375
11 36 84.128028566 1.2375
11 37 84.128028566 1.2375
11 38 84.128028566 1.2375
11 39 84.128028566 1.2375
11 40 84.128028566 1.2375
11 41 84.128028566 1.2375
11 42 84.128028566 1.2375
11 43 84.128028566 1.2375
11 44 84.128028566 1.2375
11 45 84.128028566 1.2375
11 46 84.128028566 1.2375
11 47 84.128028566 1.2375
11 48 79.605341798 0.1185
11 49 79.605341798 0.1185
11 50 79.605341798 0.1185
11 51 79.605341798 0.1185
11 52 79.605341798 0.1185
11 53 79.605341798 0.1185
11 54 79.605341798 0.1185
11 55 79.605341798 0.1185
11 56 79.605341798 0.1185
11 57 79.605341798 0.1185
11 58 79.605341798 0.1185
11 59 79.605341798 0.1185
11 60 79.605341798 0.1185
11 61 79.605341798 0.1185
11 62 79.605341798 0.1185
11 63 79.605341798 0.1185
11 64 68.957777102 0.3494999999999999
11 65 68.957777102 0.3494999999999999
11 66 68.957777102 0.3494999999999999
11 67 68.957777102 0.3494999999999999
11 68 68.957777102 0.3494999999999999
11 69 68.957777102 0.3494999999999999
11 70 68.957777102 0.3494999999999999
11 71 68.957777102 0.3494999999999999
11 72 68.957777102 0.3494999999999999
11 73 68.957777102 0.3494999999999999
11 74 68.957777102 0.3494999999999999
11 75 68.957777102 0.3494999999999999
11 76 68.957777102 0.3494999999999999
11 77 68.957777102 0.3494999999999999
11 78 68.957777102 0.3494999999999999
11 79 68.957777102 0.3494999999999999
11 80 73.342310792 1.164
11 81 73.342310792 1.164
11 82 73.342310792 1.164
11 83 73.342310792 1.164
11 84 73.342310792 1.164
11 85 73.342310792 1.164
11 86 73.342310792 1.164
11 87 73.342310792 1.164
11 88 73.342310792 1.164
11 89 73.342310792 1.164
11 90 73.342310792 1.164
11 91 73.342310792 1.164
11 92 73.342310792 1.164
11 93 73.342310792 1.164
11 94 73.342310792 1.164
11 95 73.342310792 1.164
11 96 82.856525882 1.047
11 97 82.856525882 1.047
11 98 82.856525882 1.047
11 99 82.856525882 1.047
11 100 82.856525882 1.047
11 101 82.856525882 1.047
11 102 82.856525882 1.047
11 103 82.856525882 1.047
11 104 82.856525882 1.047
11 105 82.856525882 1.047
11 106 82.856525882 1.047
11 107 82.856525882 1.047
11 108 82.856525882 1.047
11 109 82.856525882 1.047
11 110 82.856525882 1.047
11 111 82.856525882 1.047
11 112 79.073933108 0.9389999999999998
11 113 79.073933108 0.9389999999999998
11 114 79.073933108 0.9389999999999998
11 115 79.073933108 0.9389999999999998
11 116 79.073933108 0.9389999999999998
11 117 79.073933108 0.9389999999999998
11 118 79.073933108 0.9389999999999998
11 119 79.073933108 0.9389999999999998
11 120 79.073933108 0.9389999999999998
11 121 79.073933108 0.9389999999999998
11 122 79.073933108 0.9389999999999998
11 123 79.073933108 0.9389999999999998
11 124 79.073933108 0.9389999999999998
11 125 79.073933108 0.9389999999999998
11 126 79.073933108 0.9389999999999998
11 127 79.073933108 0.9389999999999998
12 0 79.92350585599999 1.191
12 1 79.92350585599999 1.191
12 2 79.92350585599999 1.191
12 3 79.92350585599999 1.191
12 4 79.92350585599999 1.191
12 5 79.92350585599999 1.191
12 6 79.92350585599999 1.191
12 7 79.92350585599999 1.191
12 8 80.06803100600001 1.314
12 9 80.06803100600001 1.314
12 10 80.06803100600001 1.314
12 11 80.06803100600001 1.314
12 12 80.06803100600001 1.314
12 13 80.06803100600001 1.314
12 14 80.06803100600001 1.314
12 15 80.06803100600001 1.314
12 16 83.143653566 1.2285
12 17 83.143653566 1.2285
12 18 83.143653566 1.2285
12 19 83.143653566 1.2285
12 20 83.143653566 1.2285
12 21 83.143653566 1.2285
12 22 83.143653566 1.2285
12 23 83.143653566 1.2285
12 24 84.62329223 1.0395
12 25 84.62329223 1.0395
12 26 84.62329223 1.0395
12 27 84.62329223 1.0395
12 28 84.62329223 1.0395
12 29 84.62329223 1.0395
12 30 84.62329223 1.0395
12 31 84.62329223 1.0395
12 32 85.683088382 1.3079999999999998
12 33 85.683088382 1.3079999999999998
12 34 85.683088382 1.3079999999999998
12 35 85.683088382 1.3079999999999998
12 36 85.683088382 1.3079999999999998
12 37 85.683088382 1.3079999999999998
12 38 85.683088382 1.3079999999999998
12 39 85.683088382 1.3079999999999998
12 40 84.62329223 1.0395
12 41 84.62329223 1.0395
12 42 84.62329223 1.0395
12 43 84.62329223 1.0395
12 44 84.62329223 1.0395
12 45 84.62329223 1.0395
12 46 84.62329223 1.0395
12 47 84.62329223 1.0395
12 48 79.28393676799999 0.438
12 49 79.28393676799999 0.438
12 50 79.28393676799999 0.438
12 51 79.28393676799999 0.438
12 52 79.28393676799999 0.438
12 53 79.28393676799999 0.438
12 54 79.28393676799999 0.438
12 55 79.28393676799999 0.438
12 56 80.93391845 1.257
12 57 80.93391845 1.257
12 58 80.93391845 1.257
12 59 80.93391845 1.257
12 60 80.93391845 1.257
12 61 80.93391845 1.257
12 62 80.93391845 1.257
12 63 80.93391845 1.257
12 64 69.30972411799999 0.3405
12 65 69.30972411799999 0.3405
12 66 69.30972411799999 0.3405
12 67 69.30972411799999 0.3405
12 68 69.30972411799999 0.3405
12 69 69.30972411799999 0.3405
12 70 69.30972411799999 0.3405
12 71 69.30972411799999 0.3405
12 72 70.667304692 1.1685
12 73 70.667304692 1.1685
12 74 70.667304692 1.1685
12 75 70.667304692 1.1685
12 76 70.667304692 1.1685
12 77 70.667304692 1.1685
12 78 70.667304692 1.1685
12 79 70.667304692 1.1685
12 80 74.538557132 1.2315
12 81 74.538557132 1.2315
12 82 74.538557132 1.2315
12 83 74.538557132 1.2315
12 84 74.538557132 1.2315
12 85 74.538557132 1.2315
12 86 74.538557132 1.2315
12 87 74.538557132 1.2315
12 88 72.67884643400001 1.002
12 89 72.67884643400001 1.002
12 90 72.67884643400001 1.002
12 91 72.67884643400001 1.002
12 92 72.67884643400001 1.002
12 93 72.67884643400001 1.002
12 94 72.67884643400001 1.002
12 95 72.67884643400001 1.002
12 96 83.143653566 1.2285
12 97 83.143653566 1.2285
12 98 83.143653566 1.2285
12 99 83.143653566 1.2285
12 100 83.143653566 1.2285
12 101 83.143653566 1.2285
12 102 83.143653566 1.2285
12 103 83.143653566 1.2285
12 104 84.62329223 1.0395
12 105 84.62329223 1.0395
12 106 84.62329223 1.0395
12 107 84.62329223 1.0395
12 108 84.62329223 1.0395
12 109 84.62329223 1.0395
12 110 84.62329223 1.0395
12 111 84.62329223 1.0395
12 112 79.92350585599999 1.191
12 113 79.92350585599999 1.191
12 114 79.92350585599999 1.191
12 115 79.92350585599999 1.191
12 116 79.92350585599999 1.191
12 117 79.92350585599999 1.191
12 118 79.92350585599999 1.191
12 119 79.92350585599999 1.191
12 120 80.06803100600001 1.314
12 121 80.06803100600001 1.314
12 122 80.06803100600001 1.314
12 123 80.06803100600001 1.314
12 124 80.06803100600001 1.314
12 125 80.06803100600001 1.314
12 126 80.06803100600001 1.314
12 127 80.06803100600001 1.314
13 0 80.713093262 0.645
13 1 80.713093262 0.645
13 2 80.713093262 0.645
13 3 80.713093262 0.645
13 4 80.713093262 0.645
13 5 80.713093262 0.645
13 6 80.713093262 0.645
13 7 80.713093262 0.645
13 8 80.27951783 0.8955
13 9 80.27951783 0.8955
13 10 80.27951783 0.8955
13 11 80.27951783 0.8955
13 12 80.27951783 0.8955
13 13 80.27951783 0.8955
13 14 80.27951783 0.8955
13 15 80.27951783 0.8955
13 16 83.22467774 1.2315
13 17 83.22467774 1.2315
13 18 83.22467774 1.2315
13 19 83.22467774 1.2315
13 20 83.22467774 1.2315
13 21 83.22467774 1.2315
13 22 83.22467774 1.2315
13 23 83.22467774 1.2315
13 24 85.180573724 1.017
13 25 85.180573724 1.017
13 26 85.180573724 1.017
13 27 85.180573724 1.017
13 28 85.180573724 1.017
13 29 85.180573724 1.017
13 30 85.180573724 1.017
13 31 85.180573724 1.017
13 32 86.79419067200001 1.3125
13 33 86.79419067200001 1.3125
13 34 86.79419067200001 1.3125
13 35 86.79419067200001 1.3125
13 36 86.79419067200001 1.3125
13 37 86.79419067200001 1.3125
13 38 86.79419067200001 1.3125
13 39 86.79419067200001 1.3125
13 40 85.180573724 1.017
13 41 85.180573724 1.017
13 42 85.180573724 1.017
13 43 85.180573724 1.017
13 44 85.180573724 1.017
13 45 85.180573724 1.017
13 46 85.180573724 1.017
13 47 85.180573724 1.017
13 48 78.7971875 0.456
13 49 78.7971875 0.456
13 50 78.7971875 0.456
13 51 78.7971875 0.456
13 52 78.7971875 0.456
13 53 78.7971875 0.456
13 54 78.7971875 0.456
13 55 78.7971875 0.456
13 56 82.29951905 1.263
13 57 82.29951905 1.263
13 58 82.29951905 1.263
13 59 82.29951905 1.263
13 60 82.29951905 1.263
13 61 82.29951905 1.263
13 62 82.29951905 1.263
13 63 82.29951905 1.263
13 64 69.21837280400001 0.4215
13 65 69.21837280400001 0.4215
13 66 69.21837280400001 0.4215
13 67 69.21837280400001 0.4215
13 68 69.21837280400001 0.4215
13 69 69.21837280400001 0.4215
13 70 69.21837280400001 0.4215
13 71 69.21837280400001 0.4215
13 72 72.285810548 0.8325
13 73 72.285810548 0.8325
13 74 72.285810548 0.8325
13 75 72.285810548 0.8325
13 76 72.285810548 0.8325
13 77 72.285810548 0.8325
13 78 72.285810548 0.8325
13 79 72.285810548 0.8325
13 80 75.191694332 1.23
13 81 75.191694332 1.23
13 82 75.191694332 1.23
13 83 75.191694332 1.23
13 84 75.191694332 1.23
13 85 75.191694332 1.23
13 86 75.191694332 1.23
13 87 75.191694332 1.23
13 88 72.837434084 0.8264999999999999
13 89 72.837434084 0.8264999999999999
13 90 72.837434084 0.8264999999999999
13 91 72.837434084 0.8264999999999999
13 92 72.837434084 0.8264999999999999
13 93 72.837434084 0.8264999999999999
13 94 72.837434084 0.8264999999999999
13 95 72.837434084 0.8264999999999999
13 96 83.22467774 1.2315
13 97 83.22467774 1.2315
13 98 83.22467774 1.2315
13 99 83.22467774 1.2315
13 100 83.22467774 1.2315
13 101 83.22467774 1.2315
13 102 83.22467774 1.2315
13 103 83.22467774 1.2315
13 104 85.180573724 1.017
13 105 85.180573724 1.017
13 106 85.180573724 1.017
13 107 85.180573724 1.017
13 108 85.180573724 1.017
13 109 85.180573724 1.017
13 110 85.180573724 1.017
13 111 85.180573724 1.017
13 112 80.713093262 0.645
13 113 80.713093262 0.645
13 114 80.713093262 0.645
13 115 80.713093262 0.645
13 116 80.713093262 0.645
13 117 80.713093262 0.645
13 118 80.713093262 0.645
13 119 80.713093262 0.645
13 120 80.27951783 0.8955
13 121 80.27951783 0.8955
13 122 80.27951783 0.8955
13 123 80.27951783 0.8955
13 124 80.27951783 0.8955
13 125 80.27951783 0.8955
13 126 80.27951783 0.8955
13 127 80.27951783 0.8955
14 0 81.374635004 1.1955
14 1 81.374635004 1.1955
14 2 81.374635004 1.1955
14 3 81.374635004 1.1955
14 4 81.374635004 1.1955
14 5 81.374635004 1.1955
14 6 81.374635004 1.1955
14 7 81.374635004 1.1955
14 8 79.03147094600001 1.0905
14 9 79.03147094600001 1.0905
14 10 79.03147094600001 1.0905
14 11 79.03147094600001 1.0905
14 12 79.03147094600001 1.0905
14 13 79.03147094600001 1.0905
14 14 79.03147094600001 1.0905
14 15 79.03147094600001 1.0905
14 16 83.37140015 1.0455
14 17 83.37140015 1.0455
14 18 83.37140015 1.0455
14 19 83.37140015 1.0455
14 20 83.37140015 1.0455
14 21 83.37140015 1.0455
14 22 83.37140015 1.0455
14 23 83.37140015 1.0455
14 24 85.363551032 0.951
14 25 85.363551032 0.951
14 26 85.363551032 0.951
14 27 85.363551032 0.951
14 28 85.363551032 0.951
14 29 85.363551032 0.951
14 30 85.363551032 0.951
14 31 85.363551032 0.951
14 32 87.1784375 1.2495
14 33 87.1784375 1.2495
14 34 87.1784375 1.2495
14 35 87.1784375 1.2495
14 36 87.1784375 1.2495
14 37 87.1784375 1.2495
14 38 87.1784375 1.2495
14 39 87.1784375 1.2495
14 40 85.363551032 0.951
14 41 85.363551032 0.951
14 42 85.363551032 0.951
14 43 85.363551032 0.951
14 44 85.363551032 0.951
14 45 85.363551032 0.951
14 46 85.363551032 0.951
14 47 85.363551032 0.951
14 48 78.074396978 0.6614999999999999
14 49 78.074396978 0.6614999999999999
14 50 78.074396978 0.6614999999999999
14 51 78.074396978 0.6614999999999999
14 52 78.074396978 0.6614999999999999
14 53 78.074396978 0.6614999999999999
14 54 78.074396978 0.6614999999999999
14 55 78.074396978 0.6614999999999999
14 56 83.01297119 0.867
14 57 83.01297119 0.867
14 58 83.01297119 0.867
14 59 83.01297119 0.867
14 60 83.01297119 0.867
14 61 83.01297119 0.867
14 62 83.01297119 0.867
14 63 83.01297119 0.867
14 64 68.91811646 0.42
14 65 68.91811646 0.42
14 66 68.91811646 0.42
14 67 68.91811646 0.42
14 68 68.91811646 0.42
14 69 68.91811646 0.42
14 70 68.91811646 0.42
14 71 68.91811646 0.42
14 72 73.321766366 1.2285
14 73 73.321766366 1.2285
14 74 73.321766366 1.2285
14 75 73.321766366 1.2285
14 76 73.321766366 1.2285
14 77 73.321766366 1.2285
14 78 73.321766366 1.2285
14 79 73.321766366 1.2285
14 80 75.311390372 1.1595
14 81 75.311390372 1.1595
14 82 75.311390372 1.1595
14 83 75.311390372 1.1595
14 84 75.311390372 1.1595
14 85 75.311390372 1.1595
14 86 75.311390372 1.1595
14 87 75.311390372 1.1595
14 88 72.67884643400001 0.1545
14 89 72.67884643400001 0.1545
14 90 72.67884643400001 0.1545
14 91 72.67884643400001 0.1545
14 92 72.67884643400001 0.1545
14 93 72.67884643400001 0.1545
14 94 72.67884643400001 0.1545
14 95 72.67884643400001 0.1545
14 96 83.37140015 1.0455
14 97 83.37140015 1.0455
14 98 83.37140015 1.0455
14 99 83.37140015 1.0455
14 100 83.37140015 1.0455
14 101 83.37140015 1.0455
14 102 83.37140015 1.0455
14 103 83.37140015 1.0455
14 104 85.363551032 0.951
14 105 85.363551032 0.951
14 106 85.363551032 0.951
14 107 85.363551032 0.951
14 108 85.363551032 0.951
14 109 85.363551032 0.951
14 110 85.363551032 0.951
14 111 85.363551032 0.951
14 112 81.374635004 1.1955
14 113 81.374635004 1.1955
14 114 81.374635004 1.1955
14 115 81.374635004 1.1955
14 116 81.374635004 1.1955
14 117 81.374635004 1.1955
14 118 81.374635004 1.1955
14 119 81.374635004 1.1955
14 120 79.03147094600001 1.0905
14 121 79.03147094600001 1.0905
14 122 79.03147094600001 1.0905
14 123 79.03147094600001 1.0905
14 124 79.03147094600001 1.0905
14 125 79.03147094600001 1.0905
14 126 79.03147094600001 1.0905
14 127 79.03147094600001 1.0905
15 0 81.484663082 1.0695
15 1 81.484663082 1.0695
15 2 81.484663082 1.0695
15 3 81.484663082 1.0695
15 4 80.304621584 1.0305
15 5 80.304621584 1.0305
15 6 80.304621584 1.0305
15 7 80.304621584 1.0305
15 8 76.462482902 0.7514999999999998
15 9 76.462482902 0.7514999999999998
15 10 76.462482902 0.7514999999999998
15 11 76.462482902 0.7514999999999998
15 12 78.680897222 1.131
15 13 78.680897222 1.131
15 14 78.680897222 1.131
15 15 78.680897222 1.131
15 16 83.06208008600001 0.927
15 17 83.06208008600001 0.927
15 18 83.06208008600001 0.927
15 19 83.06208008600001 0.927
15 20 83.95378539800001 0.8835
15 21 83.95378539800001 0.8835
15 22 83.95378539800001 0.8835
15 23 83.95378539800001 0.8835
15 24 84.769904786 0.8805
15 25 84.769904786 0.8805
15 26 84.769904786 0.8805
15 27 84.769904786 0.8805
15 28 85.50390137 1.053
15 29 85.50390137 1.053
15 30 85.50390137 1.053
15 31 85.50390137 1.053
15 32 86.78238036799999 1.122
15 33 86.78238036799999 1.122
15 34 86.78238036799999 1.122
15 35 86.78238036799999 1.122
15 36 85.50390137 1.053
15 37 85.50390137 1.053
15 38 85.50390137 1.053
15 39 85.50390137 1.053
15 40 84.769904786 0.8805
15 41 84.769904786 0.8805
15 42 84.769904786 0.8805
15 43 84.769904786 0.8805
15 44 85.50390137 1.053
15 45 85.50390137 1.053
15 46 85.50390137 1.053
15 47 85.50390137 1.053
15 48 77.04827393 0.768
15 49 77.04827393 0.768
15 50 77.04827393 0.768
15 51 77.04827393 0.768
15 52 77.442792962 1.14
15 53 77.442792962 1.14
15 54 77.442792962 1.14
15 55 77.442792962 1.14
15 56 82.586207282 0.9239999999999999
15 57 82.586207282 0.9239999999999999
15 58 82.586207282 0.9239999999999999
15 59 82.586207282 0.9239999999999999
15 60 83.06208008600001 0.927
15 61 83.06208008600001 0.927
15 62 83.06208008600001 0.927
15 63 83.06208008600001 0.927
15 64 67.768726802 0.858
15 65 67.768726802 0.858
15 66 67.768726802 0.858
15 67 67.768726802 0.858
15 68 70.40039185399999 1.0905
15 69 70.40039185399999 1.0905
15 70 70.40039185399999 1.0905
15 71 70.40039185399999 1.0905
15 72 73.383344726 1.0965
15 73 73.383344726 1.0965
15 74 73.383344726 1.0965
15 75 73.383344726 1.0965
15 76 72.987727046 0.6225
15 77 72.987727046 0.6225
15 78 72.987727046 0.6225
15 79 72.987727046 0.6225
15 80 74.875068356 1.026
15 81 74.875068356 1.026
15 82 74.875068356 1.026
15 83 74.875068356 1.026
15 84 75.38208740600001 0.501
15 85 75.38208740600001 0.501
15 86 75.38208740600001 0.501
15 87 75.38208740600001 0.501
15 88 71.74770018800001 0.4605
15 89 71.74770018800001 0.4605
15 90 71.74770018800001 0.4605
15 91 71.74770018800001 0.4605
15 92 72.870338138 1.0455
15 93 72.870338138 1.0455
15 94 72.870338138 1.0455
15 95 72.870338138 1.0455
15 96 83.06208008600001 0.927
15 97 83.06208008600001 0.927
15 98 83.06208008600001 0.927
15 99 83.06208008600001 0.927
15 100 83.95378539800001 0.8835
15 101 83.95378539800001 0.8835
15 102 83.95378539800001 0.8835
15 103 83.95378539800001 0.8835
15 104 84.769904786 0.8805
15 105 84.769904786 0.8805
15 106 84.769904786 0.8805
15 107 84.769904786 0.8805
15 108 85.50390137 1.053
15 109 85.50390137 1.053
15 110 85.50390137 1.053
15 111 85.50390137 1.053
15 112 81.484663082 1.0695
15 113 81.484663082 1.0695
15 114 81.484663082 1.0695
15 115 81.484663082 1.0695
15 116 80.304621584 1.0305
15 117 80.304621584 1.0305
15 118 80.304621584 1.0305
15 119 80.304621584 1.0305
15 120 76.462482902 0.7514999999999998
15 121 76.462482902 0.7514999999999998
15 122 76.462482902 0.7514999999999998
15 123 76.462482902 0.7514999999999998
15 124 78.680897222 1.131
15 125 78.680897222 1.131
15 126 78.680897222 1.131
15 127 78.680897222 1.131
16 0 80.806037594 0.891
16 1 80.806037594 0.891
16 2 80.806037594 0.891
16 3 80.806037594 0.891
16 4 79.320686036 0.7905
16 5 79.320686036 0.7905
16 6 79.320686036 0.7905
16 7 79.320686036 0.7905
16 8 73.444044182 0.801
16 9 73.444044182 0.801
16 10 73.444044182 0.801
16 11 73.444044182 0.801
16 12 77.971125488 0.9464999999999999
16 13 77.971125488 0.9464999999999999
16 14 77.971125488 0.9464999999999999
16 15 77.971125488 0.9464999999999999
16 16 82.373841554 0.792
16 17 82.373841554 0.792
16 18 82.373841554 0.792
16 19 82.373841554 0.792
16 20 83.602552496 0.7935
16 21 83.602552496 0.7935
16 22 83.602552496 0.7935
16 23 83.602552496 0.7935
16 24 83.433198236 0.732
16 25 83.433198236 0.732
16 26 83.433198236 0.732
16 27 83.433198236 0.732
16 28 84.04436768 0.8714999999999999
16 29 84.04436768 0.8714999999999999
16 30 84.04436768 0.8714999999999999
16 31 84.04436768 0.8714999999999999
16 32 85.67968262 0.9405
16 33 85.67968262 0.9405
16 34 85.67968262 0.9405
16 35 85.67968262 0.9405
16 36 84.04436768 0.8714999999999999
16 37 84.04436768 0.8714999999999999
16 38 84.04436768 0.8714999999999999
16 39 84.04436768 0.8714999999999999
16 40 83.433198236 0.732
16 41 83.433198236 0.732
16 42 83.433198236 0.732
16 43 83.433198236 0.732
16 44 84.04436768 0.8714999999999999
16 45 84.04436768 0.8714999999999999
16 46 84.04436768 0.8714999999999999
16 47 84.04436768 0.8714999999999999
16 48 75.824451896 0.7425
16 49 75.824451896 0.7425
16 50 75.824451896 0.7425
16 51 75.824451896 0.7425
16 52 76.261488044 0.9539999999999998
16 53 76.261488044 0.9539999999999998
16 54 76.261488044 0.9539999999999998
16 55 76.261488044 0.9539999999999998
16 56 81.228461918 0.888
16 57 81.228461918 0.888
16 58 81.228461918 0.888
16 59 81.228461918 0.888
16 60 82.373841554 0.792
16 61 82.373841554 0.792
16 62 82.373841554 0.792
16 63 82.373841554 0.792
16 64 66.445368656 0.72
16 65 66.445368656 0.72
16 66 66.445368656 0.72
16 67 66.445368656 0.72
16 68 71.35603759400001 0.921
16 69 71.35603759400001 0.921
16 70 71.35603759400001 0.921
16 71 71.35603759400001 0.921
16 72 72.508887932 0.912
16 73 72.508887932 0.912
16 74 72.508887932 0.912
16 75 72.508887932 0.912
16 76 72.501142586 0.6885
16 77 72.501142586 0.6885
16 78 72.501142586 0.6885
16 79 72.501142586 0.6885
16 80 73.952875976 0.8414999999999999
16 81 73.952875976 0.8414999999999999
16 82 73.952875976 0.8414999999999999
16 83 73.952875976 0.8414999999999999
16 84 74.797559816 0.4005
16 85 74.797559816 0.4005
16 86 74.797559816 0.4005
16 87 74.797559816 0.4005
16 88 70.162592774 0.5295
16 89 70.162592774 0.5295
16 90 70.162592774 0.5295
16 91 70.162592774 0.5295
16 92 72.26944091600001 0.861
16 93 72.26944091600001 0.861
16 94 72.26944091600001 0.861
16 95 72.26944091600001 0.861
16 96 82.373841554 0.792
16 97 82.373841554 0.792
16 98 82.373841554 0.792
16 99 82.373841554 0.792
16 100 83.602552496 0.7935
16 101 83.602552496 0.7935
16 102 83.602552496 0.7935
16 103 83.602552496 0.7935
16 104 83.433198236 0.732
16 105 83.433198236 0.732
16 106 83.433198236 0.732
16 107 83.433198236 0.732
16 108 84.04436768 0.8714999999999999
16 109 84.04436768 0.8714999999999999
16 110 84.04436768 0.8714999999999999
16 111 84.04436768 0.8714999999999999
16 112 80.806037594 0.891
16 113 80.806037594 0.891
16 114 80.806037594 0.891
16 115 80.806037594 0.891
16 116 79.320686036 0.7905
16 117 79.320686036 0.7905
16 118 79.320686036 0.7905
16 119 79.320686036 0.7905
16 120 73.444044182 0.801
16 121 73.444044182 0.801
16 122 73.444044182 0.801
16 123 73.444044182 0.801
16 124 77.971125488 0.9464999999999999
16 125 77.971125488 0.9464999999999999
16 126 77.971125488 0.9464999999999999
16 127 77.971125488 0.9464999999999999
17 0 79.495093994 0.672
17 1 79.495093994 0.672
17 2 79.495093994 0.672
17 3 79.495093994 0.672
17 4 78.350098874 0.312
17 5 78.350098874 0.312
17 6 78.350098874 0.312
17 7 78.350098874 0.312
17 8 70.49564331799999 0.336
17 9 70.49564331799999 0.336
17 10 70.49564331799999 0.336
17 11 70.49564331799999 0.336
17 12 76.54109009 0.7245
17 13 76.54109009 0.7245
17 14 76.54109009 0.7245
17 15 76.54109009 0.7245
17 16 81.11469848 0.5775
17 17 81.11469848 0.5775
17 18 81.11469848 0.5775
17 19 81.11469848 0.5775
17 20 82.247114264 0.6614999999999999
17 21 82.247114264 0.6614999999999999
17 22 82.247114264 0.6614999999999999
17 23 82.247114264 0.6614999999999999
17 24 81.7284497 0.573
17 25 81.7284497 0.573
17 26 81.7284497 0.573
17 27 81.7284497 0.573
17 28 82.03820923399999 0.6525
17 29 82.03820923399999 0.6525
17 30 82.03820923399999 0.6525
17 31 82.03820923399999 0.6525
17 32 83.968397222 0.7214999999999999
17 33 83.968397222 0.7214999999999999
17 34 83.968397222 0.7214999999999999
17 35 83.968397222 0.7214999999999999
17 36 82.03820923399999 0.6525
17 37 82.03820923399999 0.6525
17 38 82.03820923399999 0.6525
17 39 82.03820923399999 0.6525
17 40 81.7284497 0.573
17 41 81.7284497 0.573
17 42 81.7284497 0.573
17 43 81.7284497 0.573
17 44 82.03820923399999 0.6525
17 45 82.03820923399999 0.6525
17 46 82.03820923399999 0.6525
17 47 82.03820923399999 0.6525
17 48 74.474946284 0.585
17 49 74.474946284 0.585
17 50 74.474946284 0.585
17 51 74.474946284 0.585
17 52 74.417158202 0.7305
17 53 74.417158202 0.7305
17 54 74.417158202 0.7305
17 55 74.417158202 0.7305
17 56 79.231586918 0.6675
17 57 79.231586918 0.6675
17 58 79.231586918 0.6675
17 59 79.231586918 0.6675
17 60 81.11469848 0.5775
17 61 81.11469848 0.5775
17 62 81.11469848 0.5775
17 63 81.11469848 0.5775
17 64 65.27235839 0.1485
17 65 65.27235839 0.1485
17 66 65.27235839 0.1485
17 67 65.27235839 0.1485
17 68 70.94421509 0.711
17 69 70.94421509 0.711
17 70 70.94421509 0.711
17 71 70.94421509 0.711
17 72 71.34290893400001 0.6914999999999999
17 73 71.34290893400001 0.6914999999999999
17 74 71.34290893400001 0.6914999999999999
17 75 71.34290893400001 0.6914999999999999
17 76 72.07657592000001 0.6105
17 77 72.07657592000001 0.6105
17 78 72.07657592000001 0.6105
17 79 72.07657592000001 0.6105
17 80 72.54942749599999 0.6225
17 81 72.54942749599999 0.6225
17 82 72.54942749599999 0.6225
17 83 72.54942749599999 0.6225
17 84 74.318500976 0.37949999999999995
17 85 74.318500976 0.37949999999999995
17 86 74.318500976 0.37949999999999995
17 87 74.318500976 0.37949999999999995
17 88 68.17110107 0.504
17 89 68.17110107 0.504
17 90 68.17110107 0.504
17 91 68.17110107 0.504
17 92 71.07182128400001 0.639
17 93 71.07182128400001 0.639
17 94 71.07182128400001 0.639
17 95 71.07182128400001 0.639
17 96 81.11469848 0.5775
17 97 81.11469848 0.5775
17 98 81.11469848 0.5775
17 99 81.11469848 0.5775
17 100 82.247114264 0.6614999999999999
17 101 82.247114264 0.6614999999999999
17 102 82.247114264 0.6614999999999999
17 103 82.247114264 0.6614999999999999
17 104 81.7284497 0.573
17 105 81.7284497 0.573
17 106 81.7284497 0.573
17 107 81.7284497 0.573
17 108 82.03820923399999 0.6525
17 109 82.03820923399999 0.6525
17 110 82.03820923399999 0.6525
17 111 82.03820923399999 0.6525
17 112 79.495093994 0.672
17 113 79.495093994 0.672
17 114 79.495093994 0.672
17 115 79.495093994 0.672
17 116 78.350098874 0.312
17 117 78.350098874 0.312
17 118 78.350098874 0.312
17 119 78.350098874 0.312
17 120 70.49564331799999 0.336
17 121 70.49564331799999 0.336
17 122 70.49564331799999 0.336
17 123 70.49564331799999 0.336
17 124 76.54109009 0.7245
17 125 76.54109009 0.7245
17 126 76.54109009 0.7245
17 127 76.54109009 0.7245
18 0 77.552326652 0.4425
18 1 77.552326652 0.4425
18 2 76.48280762 0.4305
18 3 76.48280762 0.4305
18 4 76.924567868 0.363
18 5 76.924567868 0.363
18 6 76.48280762 0.4305
18 7 76.48280762 0.4305
18 8 67.896772466 0.38699999999999996
18 9 67.896772466 0.38699999999999996
18 10 69.523627928 0.48
18 11 69.523627928 0.48
18 12 74.186665034 0.486
18 13 74.186665034 0.486
18 14 76.924567868 0.363
18 15 76.924567868 0.363
18 16 79.24592408000001 0.021
18 17 79.24592408000001 0.021
18 18 79.549146734 0.3465
18 19 79.549146734 0.3465
18 20 79.653956306 0.429
18 21 79.653956306 0.429
18 22 79.270972898 0.4185
18 23 79.270972898 0.4185
18 24 79.549146734 0.3465
18 25 79.549146734 0.3465
18 26 79.270972898 0.4185
18 27 79.270972898 0.4185
18 28 79.270972898 0.4185
18 29 79.270972898 0.4185
18 30 79.653956306 0.429
18 31 79.653956306 0.429
18 32 81.716639396 0.486
18 33 81.716639396 0.486
18 34 81.98811158000001 0.2805
18 35 81.98811158000001 0.2805
18 36 79.270972898 0.4185
18 37 79.270972898 0.4185
18 38 79.653956306 0.429
18 39 79.653956306 0.429
18 40 79.549146734 0.3465
18 41 79.549146734 0.3465
18 42 79.270972898 0.4185
18 43 79.270972898 0.4185
18 44 79.270972898 0.4185
18 45 79.270972898 0.4185
18 46 79.653956306 0.429
18 47 79.653956306 0.429
18 48 73.09385497400001 0.2925
18 49 73.09385497400001 0.2925
18 50 71.90843018000001 0.49199999999999994
18 51 71.90843018000001 0.49199999999999994
18 52 71.90843018000001 0.49199999999999994
18 53 71.90843018000001 0.49199999999999994
18 54 73.09385497400001 0.2925
18 55 73.09385497400001 0.2925
18 56 76.48280762 0.4305
18 57 76.48280762 0.4305
18 58 77.552326652 0.4425
18 59 77.552326652 0.4425
18 60 79.24592408000001 0.021
18 61 79.24592408000001 0.021
18 62 79.549146734 0.3465
18 63 79.549146734 0.3465
18 64 63.9393872 0.06
18 65 63.9393872 0.06
18 66 65.989930424 0.48
18 67 65.989930424 0.48
18 68 69.523627928 0.48
18 69 69.523627928 0.48
18 70 68.913172616 0.4035
18 71 68.913172616 0.4035
18 72 69.970057376 0.45449999999999996
18 73 69.970057376 0.45449999999999996
18 74 68.913172616 0.4035
18 75 68.913172616 0.4035
18 76 71.472602534 0.441
18 77 71.472602534 0.441
18 78 70.618800056 0.3555
18 79 70.618800056 0.3555
18 80 70.428681644 0.363
18 81 70.428681644 0.363
18 82 70.618800056 0.3555
18 83 70.618800056 0.3555
18 84 72.874512932 0.0345
18 85 72.874512932 0.0345
18 86 71.90843018000001 0.49199999999999994
18 87 71.90843018000001 0.49199999999999994
18 88 65.989930424 0.48
18 89 65.989930424 0.48
18 90 67.69061402 0.441
18 91 67.69061402 0.441
18 92 68.913172616 0.4035
18 93 68.913172616 0.4035
18 94 69.523627928 0.48
18 95 69.523627928 0.48
18 96 79.24592408000001 0.021
18 97 79.24592408000001 0.021
18 98 79.549146734 0.3465
18 99 79.549146734 0.3465
18 100 79.653956306 0.429
18 101 79.653956306 0.429
18 102 79.270972898 0.4185
18 103 79.270972898 0.4185
18 104 79.549146734 0.3465
18 105 79.549146734 0.3465
18 106 79.270972898 0.4185
18 107 79.270972898 0.4185
18 108 79.270972898 0.4185
18 109 79.270972898 0.4185
18 110 79.653956306 0.429
18 111 79.653956306 0.429
18 112 77.552326652 0.4425
18 113 77.552326652 0.4425
18 114 76.48280762 0.4305
18 115 76.48280762 0.4305
18 116 76.924567868 0.363
18 117 76.924567868 0.363
18 118 76.48280762 0.4305
18 119 76.48280762 0.4305
18 120 67.896772466 0.38699999999999996
18 121 67.896772466 0.38699999999999996
18 122 69.523627928 0.48
18 123 69.523627928 0.48
18 124 74.186665034 0.486
18 125 74.186665034 0.486
18 126 76.924567868 0.363
18 127 76.924567868 0.363
19 0 75.033491216 0.17849999999999996
19 1 75.033491216 0.17849999999999996
19 2 73.189875488 0.2055
19 3 73.189875488 0.2055
19 4 74.91148804400001 0.012
19 5 74.91148804400001 0.012
19 6 73.189875488 0.2055
19 7 73.189875488 0.2055
19 8 65.109046622 0.2205
19 9 65.109046622 0.2205
19 10 67.320374756 0.2565
19 11 67.320374756 0.2565
19 12 70.7034497 0.2565
19 13 70.7034497 0.2565
19 14 74.91148804400001 0.012
19 15 74.91148804400001 0.012
19 16 76.79663207600001 0.159
19 17 76.79663207600001 0.159
19 18 76.34108399 0.2445
19 19 76.34108399 0.2445
19 20 75.927558596 0.20849999999999996
19 21 75.927558596 0.20849999999999996
19 22 75.352424324 0.1965
19 23 75.352424324 0.1965
19 24 76.34108399 0.2445
19 25 76.34108399 0.2445
19 26 75.352424324 0.1965
19 27 75.352424324 0.1965
19 28 75.352424324 0.1965
19 29 75.352424324 0.1965
19 30 75.927558596 0.20849999999999996
19 31 75.927558596 0.20849999999999996
19 32 78.14075439199999 0.2595
19 33 78.14075439199999 0.2595
19 34 79.45889405 0.0285
19 35 79.45889405 0.0285
19 36 75.352424324 0.1965
19 37 75.352424324 0.1965
19 38 75.927558596 0.20849999999999996
19 39 75.927558596 0.20849999999999996
19 40 76.34108399 0.2445
19 41 76.34108399 0.2445
19 42 75.352424324 0.1965
19 43 75.352424324 0.1965
19 44 75.352424324 0.1965
19 45 75.352424324 0.1965
19 46 75.927558596 0.20849999999999996
19 47 75.927558596 0.20849999999999996
19 48 71.638166498 0.213
19 49 71.638166498 0.213
19 50 68.583802496 0.261
19 51 68.583802496 0.261
19 52 68.583802496 0.261
19 53 68.583802496 0.261
19 54 71.638166498 0.213
19 55 71.638166498 0.213
19 56 73.189875488 0.2055
19 57 73.189875488 0.2055
19 58 75.033491216 0.17849999999999996
19 59 75.033491216 0.17849999999999996
19 60 76.79663207600001 0.159
19 61 76.79663207600001 0.159
19 62 76.34108399 0.2445
19 63 76.34108399 0.2445
19 64 62.495948479999996 0.1515
19 65 62.495948479999996 0.1515
19 66 63.441376952 0.213
19 67 63.441376952 0.213
19 68 67.320374756 0.2565
19 69 67.320374756 0.2565
19 70 65.84820679399999 0.18
19 71 65.84820679399999 0.18
19 72 69.368555912 0.066
19 73 69.368555912 0.066
19 74 65.84820679399999 0.18
19 75 65.84820679399999 0.18
19 76 70.297944332 0.225
19 77 70.297944332 0.225
19 78 67.870844726 0.0705
19 79 67.870844726 0.0705
19 80 67.77932862200001 0.17099999999999999
19 81 67.77932862200001 0.17099999999999999
19 82 67.870844726 0.0705
19 83 67.870844726 0.0705
19 84 69.83080566800001 0.192
19 85 69.83080566800001 0.192
19 86 68.583802496 0.261
19 87 68.583802496 0.261
19 88 63.441376952 0.213
19 89 63.441376952 0.213
19 90 65.111848142 0.219
19 91 65.111848142 0.219
19 92 65.84820679399999 0.18
19 93 65.84820679399999 0.18
19 94 67.320374756 0.2565
19 95 67.320374756 0.2565
19 96 76.79663207600001 0.159
19 97 76.79663207600001 0.159
19 98 76.34108399 0.2445
19 99 76.34108399 0.2445
19 100 75.927558596 0.20849999999999996
19 101 75.927558596 0.20849999999999996
19 102 75.352424324 0.1965
19 103 75.352424324 0.1965
19 104 76.34108399 0.2445
19 105 76.34108399 0.2445
19 106 75.352424324 0.1965
19 107 75.352424324 0.1965
19 108 75.352424324 0.1965
19 109 75.352424324 0.1965
19 110 75.927558596 0.20849999999999996
19 111 75.927558596 0.20849999999999996
19 112 75.033491216 0.17849999999999996
19 113 75.033491216 0.17849999999999996
19 114 73.189875488 0.2055
19 115 73.189875488 0.2055
19 116 74.91148804400001 0.012
19 117 74.91148804400001 0.012
19 118 73.189875488 0.2055
19 119 73.189875488 0.2055
19 120 65.109046622 0.2205
19 121 65.109046622 0.2205
19 122 67.320374756 0.2565
19 123 67.320374756 0.2565
19 124 70.7034497 0.2565
19 125 70.7034497 0.2565
19 126 74.91148804400001 0.012
19 127 74.91148804400001 0.012
20 0 72.733063964 0.0525
20 1 72.733063964 0.0525
20 2 71.021778566 0.0345
20 3 71.021778566 0.0345
20 4 73.002943112 0.003
20 5 73.002943112 0.003
20 6 71.021778566 0.0345
20 7 71.021778566 0.0345
20 8 62.08484009 0.0705
20 9 62.08484009 0.0705
20 10 65.756745608 0.072
20 11 65.756745608 0.072
20 12 67.732307132 0.069
20 13 67.732307132 0.069
20 14 73.002943112 0.003
20 15 73.002943112 0.003
20 16 74.446931156 0.0285
20 17 74.446931156 0.0285
20 18 73.065675056 0.0705
20 19 73.065675056 0.0705
20 20 72.47938964 0.039
20 21 72.47938964 0.039
20 22 71.734022222 0.0285
20 23 71.734022222 0.0285
20 24 73.065675056 0.0705
20 25 73.065675056 0.0705
20 26 71.734022222 0.0285
20 27 71.734022222 0.0285
20 28 71.734022222 0.0285
20 29 71.734022222 0.0285
20 30 72.47938964 0.039
20 31 72.47938964 0.039
20 32 74.8175 0.075
20 33 74.8175 0.075
20 34 77.01207396800001 0.006
20 35 77.01207396800001 0.006
20 36 71.734022222 0.0285
20 37 71.734022222 0.0285
20 38 72.47938964 0.039
20 39 72.47938964 0.039
20 40 73.065675056 0.0705
20 41 73.065675056 0.0705
20 42 71.734022222 0.0285
20 43 71.734022222 0.0285
20 44 71.734022222 0.0285
20 45 71.734022222 0.0285
20 46 72.47938964 0.039
20 47 72.47938964 0.039
20 48 70.22807128400001 0.0525
20 49 70.22807128400001 0.0525
20 50 65.693244632 0.0735
20 51 65.693244632 0.0735
20 52 65.693244632 0.0735
20 53 65.693244632 0.0735
20 54 70.22807128400001 0.0525
20 55 70.22807128400001 0.0525
20 56 71.021778566 0.0345
20 57 71.021778566 0.0345
20 58 72.733063964 0.0525
20 59 72.733063964 0.0525
20 60 74.446931156 0.0285
20 61 74.446931156 0.0285
20 62 73.065675056 0.0705
20 63 73.065675056 0.0705
20 64 61.28025634400001 0.0195
20 65 61.28025634400001 0.0195
20 66 60.646564940000005 0.06
20 67 60.646564940000005 0.06
20 68 65.756745608 0.072
20 69 65.756745608 0.072
20 70 63.201820064 0.0195
20 71 63.201820064 0.0195
20 72 68.531013176 0.013499999999999998
20 73 68.531013176 0.013499999999999998
20 74 63.201820064 0.0195
20 75 63.201820064 0.0195
20 76 69.15382813400001 0.05399999999999999
20 77 69.15382813400001 0.05399999999999999
20 78 65.774158934 0.0075
20 79 65.774158934 0.0075
20 80 65.908796378 0.0165
20 81 65.908796378 0.0165
20 82 65.774158934 0.0075
20 83 65.774158934 0.0075
20 84 67.273353266 0.033
20 85 67.273353266 0.033
20 86 65.693244632 0.0735
20 87 65.693244632 0.0735
20 88 60.646564940000005 0.06
20 89 60.646564940000005 0.06
20 90 62.506440428000005 0.045
20 91 62.506440428000005 0.045
20 92 63.201820064 0.0195
20 93 63.201820064 0.0195
20 94 65.756745608 0.072
20 95 65.756745608 0.072
20 96 74.446931156 0.0285
20 97 74.446931156 0.0285
20 98 73.065675056 0.0705
20 99 73.065675056 0.0705
20 100 72.47938964 0.039
20 101 72.47938964 0.039
20 102 71.734022222 0.0285
20 103 71.734022222 0.0285
20 104 73.065675056 0.0705
20 105 73.065675056 0.0705
20 106 71.734022222 0.0285
20 107 71.734022222 0.0285
20 108 71.734022222 0.0285
20 109 71.734022222 0.0285
20 110 72.47938964 0.039
20 111 72.47938964 0.039
20 112 72.733063964 0.0525
20 113 72.733063964 0.0525
20 114 71.021778566 0.0345
20 115 71.021778566 0.0345
20 116 73.002943112 0.003
20 117 73.002943112 0.003
20 118 71.021778566 0.0345
20 119 71.021778566 0.0345
20 120 62.08484009 0.0705
20 121 62.08484009 0.0705
20 122 65.756745608 0.072
20 123 65.756745608 0.072
20 124 67.732307132 0.069
20 125 67.732307132 0.069
20 126 73.002943112 0.003
20 127 73.002943112 0.003
21 0 70.97843750000001 0.0
21 1 70.27750976 0.0
21 2 70.106068112 0.0
21 3 69.507368168 0.0
21 4 71.224256588 0.0
21 5 70.99244506400001 0.0
21 6 70.106068112 0.0
21 7 69.507368168 0.0
21 8 59.81264771 0.0
21 9 60.689741216 0.0
21 10 64.954084478 0.0
21 11 64.642292474 0.0
21 12 66.2753003 0.0
21 13 65.881495364 0.0
21 14 71.224256588 0.0
21 15 70.99244506400001 0.0
21 16 72.930378416 0.0
21 17 73.350660398 0.0
21 18 70.99244506400001 0.0
21 19 71.224256588 0.0
21 20 70.27750976 0.0
21 21 70.97843750000001 0.0
21 22 69.507368168 0.0
21 23 70.106068112 0.0
21 24 70.99244506400001 0.0
21 25 71.224256588 0.0
21 26 69.507368168 0.0
21 27 70.106068112 0.0
21 28 69.507368168 0.0
21 29 70.106068112 0.0
21 30 70.27750976 0.0
21 31 70.97843750000001 0.0
21 32 73.350660398 0.0
21 33 72.930378416 0.0
21 34 75.119953622 0.0
21 35 74.14343384 0.0
21 36 69.507368168 0.0
21 37 70.106068112 0.0
21 38 70.27750976 0.0
21 39 70.97843750000001 0.0
21 40 70.99244506400001 0.0
21 41 71.224256588 0.0
21 42 69.507368168 0.0
21 43 70.106068112 0.0
21 44 69.507368168 0.0
21 45 70.106068112 0.0
21 46 70.27750976 0.0
21 47 70.97843750000001 0.0
21 48 69.103620608 0.0
21 49 68.67103393400001 0.0
21 50 63.750037838 0.0
21 51 64.954084478 0.0
21 52 63.750037838 0.0
21 53 64.954084478 0.0
21 54 69.103620608 0.0
21 55 68.67103393400001 0.0
21 56 70.106068112 0.0
21 57 69.507368168 0.0
21 58 70.97843750000001 0.0
21 59 70.27750976 0.0
21 60 72.930378416 0.0
21 61 73.350660398 0.0
21 62 70.99244506400001 0.0
21 63 71.224256588 0.0
21 64 60.356361092 0.0
21 65 58.551856682 0.0
21 66 58.551856682 0.0
21 67 60.356361092 0.0
21 68 64.954084478 0.0
21 69 64.642292474 0.0
21 70 61.492292474 0.0
21 71 60.689741216 0.0
21 72 65.702088626 0.0
21 73 68.448560792 0.0
21 74 61.492292474 0.0
21 75 60.689741216 0.0
21 76 68.448560792 0.0
21 77 68.67103393400001 0.0
21 78 64.642292474 0.0
21 79 64.954084478 0.0
21 80 64.895856926 0.0
21 81 64.642292474 0.0
21 82 64.642292474 0.0
21 83 64.954084478 0.0
21 84 65.881495364 0.0
21 85 66.2753003 0.0
21 86 63.750037838 0.0
21 87 64.954084478 0.0
21 88 58.551856682 0.0
21 89 60.356361092 0.0
21 90 60.689741216 0.0
21 91 59.81264771 0.0
21 92 61.492292474 0.0
21 93 60.689741216 0.0
21 94 64.954084478 0.0
21 95 64.642292474 0.0
21 96 72.930378416 0.0
21 97 73.350660398 0.0
21 98 70.99244506400001 0.0
21 99 71.224256588 0.0
21 100 70.27750976 0.0
21 101 70.97843750000001 0.0
21 102 69.507368168 0.0
21 103 70.106068112 0.0
21 104 70.99244506400001 0.0
21 105 71.224256588 0.0
21 106 69.507368168 0.0
21 107 70.106068112 0.0
21 108 69.507368168 0.0
21 109 70.106068112 0.0
21 110 70.27750976 0.0
21 111 70.97843750000001 0.0
21 112 70.97843750000001 0.0
21 113 70.27750976 0.0
21 114 70.106068112 0.0
21 115 69.507368168 0.0
21 116 71.224256588 0.0
21 117 70.99244506400001 0.0
21 118 70.106068112 0.0
21 119 69.507368168 0.0
21 120 59.81264771 0.0
21 121 60.689741216 0.0
21 122 64.954084478 0.0
21 123 64.642292474 0.0
21 124 66.2753003 0.0
21 125 65.881495364 0.0
21 126 71.224256588 0.0
21 127 70.99244506400001 0.0
22 0 69.537745364 0.0
22 1 68.661311036 0.0
22 2 68.955744632 0.0
22 3 67.80608033 0.0
22 4 69.21342896 0.0
22 5 69.58998536000001 0.0
22 6 68.955744632 0.0
22 7 67.80608033 0.0
22 8 58.241273198 0.0
22 9 59.427906494 0.0
22 10 64.00426146800001 0.0
22 11 63.45296753 0.0
22 12 65.269117436 0.0
22 13 64.720515128 0.0
22 14 69.21342896 0.0
22 15 69.58998536000001 0.0
22 16 71.67535521799999 0.0
22 17 72.161005856 0.0
22 18 69.58998536000001 0.0
22 19 69.21342896 0.0
22 20 68.661311036 0.0
22 21 69.537745364 0.0
22 22 67.80608033 0.0
22 23 68.955744632 0.0
22 24 69.58998536000001 0.0
22 25 69.21342896 0.0
22 26 67.80608033 0.0
22 27 68.955744632 0.0
22 28 67.80608033 0.0
22 29 68.955744632 0.0
22 30 68.661311036 0.0
22 31 69.537745364 0.0
22 32 72.161005856 0.0
22 33 71.67535521799999 0.0
22 34 73.606367192 0.0
22 35 72.457142342 0.0
22 36 67.80608033 0.0
22 37 68.955744632 0.0
22 38 68.661311036 0.0
22 39 69.537745364 0.0
22 40 69.58998536000001 0.0
22 41 69.21342896 0.0
22 42 67.80608033 0.0
22 43 68.955744632 0.0
22 44 67.80608033 0.0
22 45 68.955744632 0.0
22 46 68.661311036 0.0
22 47 69.537745364 0.0
22 48 68.189503172 0.0
22 49 67.89655274 0.0
22 50 61.91977051400001 0.0
22 51 64.00426146800001 0.0
22 52 61.91977051400001 0.0
22 53 64.00426146800001 0.0
22 54 68.189503172 0.0
22 55 67.89655274 0.0
22 56 68.955744632 0.0
22 57 67.80608033 0.0
22 58 69.537745364 0.0
22 59 68.661311036 0.0
22 60 71.67535521799999 0.0
22 61 72.161005856 0.0
22 62 69.58998536000001 0.0
22 63 69.21342896 0.0
22 64 59.593250732 0.0
22 65 57.261622316 0.0
22 66 57.261622316 0.0
22 67 59.593250732 0.0
22 68 64.00426146800001 0.0
22 69 63.45296753 0.0
22 70 60.047645270000004 0.0
22 71 59.427906494 0.0
22 72 62.823341066 0.0
22 73 67.70819213600001 0.0
22 74 60.047645270000004 0.0
22 75 59.427906494 0.0
22 76 67.70819213600001 0.0
22 77 67.89655274 0.0
22 78 63.45296753 0.0
22 79 64.00426146800001 0.0
22 80 63.792719726 0.0
22 81 63.45296753 0.0
22 82 63.45296753 0.0
22 83 64.00426146800001 0.0
22 84 64.720515128 0.0
22 85 65.269117436 0.0
22 86 61.91977051400001 0.0
22 87 64.00426146800001 0.0
22 88 57.261622316 0.0
22 89 59.593250732 0.0
22 90 59.427906494 0.0
22 91 58.241273198 0.0
22 92 60.047645270000004 0.0
22 93 59.427906494 0.0
22 94 64.00426146800001 0.0
22 95 63.45296753 0.0
22 96 71.67535521799999 0.0
22 97 72.161005856 0.0
22 98 69.58998536000001 0.0
22 99 69.21342896 0.0
22 100 68.661311036 0.0
22 101 69.537745364 0.0
22 102 67.80608033 0.0
22 103 68.955744632 0.0
22 104 69.58998536000001 0.0
22 105 69.21342896 0.0
22 106 67.80608033 0.0
22 107 68.955744632 0.0
22 108 67.80608033 0.0
22 109 68.955744632 0.0
22 110 68.661311036 0.0
22 111 69.537745364 0.0
22 112 69.537745364 0.0
22 113 68.661311036 0.0
22 114 68.955744632 0.0
22 115 67.80608033 0.0
22 116 69.21342896 0.0
22 117 69.58998536000001 0.0
22 118 68.955744632 0.0
22 119 67.80608033 0.0
22 120 58.241273198 0.0
22 121 59.427906494 0.0
22 122 64.00426146800001 0.0
22 123 63.45296753 0.0
22 124 65.269117436 0.0
22 125 64.720515128 0.0
22 126 69.21342896 0.0
22 127 69.58998536000001 0.0
23 0 68.362318112 0.0
23 1 67.27747314199999 0.0
23 2 67.439466554 0.0
23 3 66.29364746600001 0.0
23 4 67.00874756 0.0
23 5 68.27997558199999 0.0
23 6 67.439466554 0.0
23 7 66.29364746600001 0.0
23 8 56.695661618 0.0
23 9 58.363056644 0.0
23 10 63.104591066 0.0
23 11 62.048640128 0.0
23 12 64.24376342 0.0
23 13 63.665662838 0.0
23 14 67.00874756 0.0
23 15 68.27997558199999 0.0
23 16 70.39967774 0.0
23 17 70.688343506 0.0
23 18 68.27997558199999 0.0
23 19 67.00874756 0.0
23 20 67.27747314199999 0.0
23 21 68.362318112 0.0
23 22 66.29364746600001 0.0
23 23 67.439466554 0.0
23 24 68.27997558199999 0.0
23 25 67.00874756 0.0
23 26 66.29364746600001 0.0
23 27 67.439466554 0.0
23 28 66.29364746600001 0.0
23 29 67.439466554 0.0
23 30 67.27747314199999 0.0
23 31 68.362318112 0.0
23 32 70.688343506 0.0
23 33 70.39967774 0.0
23 34 72.238349606 0.0
23 35 71.095881344 0.0
23 36 66.29364746600001 0.0
23 37 67.439466554 0.0
23 38 67.27747314199999 0.0
23 39 68.362318112 0.0
23 40 68.27997558199999 0.0
23 41 67.00874756 0.0
23 42 66.29364746600001 0.0
23 43 67.439466554 0.0
23 44 66.29364746600001 0.0
23 45 67.439466554 0.0
23 46 67.27747314199999 0.0
23 47 68.362318112 0.0
23 48 67.42809570200001 0.0
23 49 67.039509272 0.0
23 50 60.426398930000005 0.0
23 51 63.104591066 0.0
23 52 60.426398930000005 0.0
23 53 63.104591066 0.0
23 54 67.42809570200001 0.0
23 55 67.039509272 0.0
23 56 67.439466554 0.0
23 57 66.29364746600001 0.0
23 58 68.362318112 0.0
23 59 67.27747314199999 0.0
23 60 70.39967774 0.0
23 61 70.688343506 0.0
23 62 68.27997558199999 0.0
23 63 67.00874756 0.0
23 64 59.023664546 0.0
23 65 56.22313964 0.0
23 66 56.22313964 0.0
23 67 59.023664546 0.0
23 68 63.104591066 0.0
23 69 62.048640128 0.0
23 70 58.677430424 0.0
23 71 58.363056644 0.0
23 72 61.0565747 0.0
23 73 66.87125366000001 0.0
23 74 58.677430424 0.0
23 75 58.363056644 0.0
23 76 66.87125366000001 0.0
23 77 67.039509272 0.0
23 78 62.048640128 0.0
23 79 63.104591066 0.0
23 80 62.58773926400001 0.0
23 81 62.048640128 0.0
23 82 62.048640128 0.0
23 83 63.104591066 0.0
23 84 63.665662838 0.0
23 85 64.24376342 0.0
23 86 60.426398930000005 0.0
23 87 63.104591066 0.0
23 88 56.22313964 0.0
23 89 59.023664546 0.0
23 90 58.363056644 0.0
23 91 56.695661618 0.0
23 92 58.677430424 0.0
23 93 58.363056644 0.0
23 94 63.104591066 0.0
23 95 62.048640128 0.0
23 96 70.39967774 0.0
23 97 70.688343506 0.0
23 98 68.27997558199999 0.0
23 99 67.00874756 0.0
23 100 67.27747314199999 0.0
23 101 68.362318112 0.0
23 102 66.29364746600001 0.0
23 103 67.439466554 0.0
23 104 68.27997558199999 0.0
23 105 67.00874756 0.0
23 106 66.29364746600001 0.0
23 107 67.439466554 0.0
23 108 66.29364746600001 0.0
23 109 67.439466554 0.0
23 110 67.27747314199999 0.0
23 111 68.362318112 0.0
23 112 68.362318112 0.0
23 113 67.27747314199999 0.0
23 114 67.439466554 0.0
23 115 66.29364746600001 0.0
23 116 67.00874756 0.0
23 117 68.27997558199999 0.0
23 118 67.439466554 0.0
23 119 66.29364746600001 0.0
23 120 56.695661618 0.0
23 121 58.363056644 0.0
23 122 63.104591066 0.0
23 123 62.048640128 0.0
23 124 64.24376342 0.0
23 125 63.665662838 0.0
23 126 67.00874756 0.0
23 127 68.27997558199999 0.0
