time period scenario temperature renewable energy
0 0 69.291926276 0.0
0 1 69.291926276 0.0
0 2 69.291926276 0.0
0 3 69.291926276 0.0
0 4 69.291926276 0.0
0 5 69.291926276 0.0
0 6 69.291926276 0.0
0 7 69.291926276 0.0
0 8 69.291926276 0.0
0 9 69.291926276 0.0
0 10 69.291926276 0.0
0 11 69.291926276 0.0
0 12 69.291926276 0.0
0 13 69.291926276 0.0
0 14 69.291926276 0.0
0 15 69.291926276 0.0
0 16 69.291926276 0.0
0 17 69.291926276 0.0
0 18 69.291926276 0.0
0 19 69.291926276 0.0
0 20 69.291926276 0.0
0 21 69.291926276 0.0
0 22 69.291926276 0.0
0 23 69.291926276 0.0
0 24 69.291926276 0.0
0 25 69.291926276 0.0
0 26 69.291926276 0.0
0 27 69.291926276 0.0
0 28 69.291926276 0.0
0 29 69.291926276 0.0
0 30 69.291926276 0.0
0 31 69.291926276 0.0
0 32 69.291926276 0.0
0 33 69.291926276 0.0
0 34 69.291926276 0.0
0 35 69.291926276 0.0
0 36 69.291926276 0.0
0 37 69.291926276 0.0
0 38 69.291926276 0.0
0 39 69.291926276 0.0
0 40 69.291926276 0.0
0 41 69.291926276 0.0
0 42 69.291926276 0.0
0 43 69.291926276 0.0
0 44 69.291926276 0.0
0 45 69.291926276 0.0
0 46 69.291926276 0.0
0 47 69.291926276 0.0
0 48 69.291926276 0.0
0 49 69.291926276 0.0
0 50 69.291926276 0.0
0 51 69.291926276 0.0
0 52 69.291926276 0.0
0 53 69.291926276 0.0
0 54 69.291926276 0.0
0 55 69.291926276 0.0
0 56 69.291926276 0.0
0 57 69.291926276 0.0
0 58 69.291926276 0.0
0 59 69.291926276 0.0
0 60 69.291926276 0.0
0 61 69.291926276 0.0
0 62 69.291926276 0.0
0 63 69.291926276 0.0
0 64 69.291926276 0.0
0 65 69.291926276 0.0
0 66 69.291926276 0.0
0 67 69.291926276 0.0
0 68 69.291926276 0.0
0 69 69.291926276 0.0
0 70 69.291926276 0.0
0 71 69.291926276 0.0
0 72 69.291926276 0.0
0 73 69.291926276 0.0
0 74 69.291926276 0.0
0 75 69.291926276 0.0
0 76 69.291926276 0.0
0 77 69.291926276 0.0
0 78 69.291926276 0.0
0 79 69.291926276 0.0
0 80 69.291926276 0.0
0 81 69.291926276 0.0
0 82 69.291926276 0.0
0 83 69.291926276 0.0
0 84 69.291926276 0.0
0 85 69.291926276 0.0
0 86 69.291926276 0.0
0 87 69.291926276 0.0
0 88 69.291926276 0.0
0 89 69.291926276 0.0
0 90 69.291926276 0.0
0 91 69.291926276 0.0
0 92 69.291926276 0.0
0 93 69.291926276 0.0
0 94 69.291926276 0.0
0 95 69.291926276 0.0
0 96 69.291926276 0.0
0 97 69.291926276 0.0
0 98 69.291926276 0.0
0 99 69.291926276 0.0
0 100 69.291926276 0.0
0 101 69.291926276 0.0
0 102 69.291926276 0.0
0 103 69.291926276 0.0
0 104 69.291926276 0.0
0 105 69.291926276 0.0
0 106 69.291926276 0.0
0 107 69.291926276 0.0
0 108 69.291926276 0.0
0 109 69.291926276 0.0
0 110 69.291926276 0.0
0 111 69.291926276 0.0
0 112 69.291926276 0.0
0 113 69.291926276 0.0
0 114 69.291926276 0.0
0 115 69.291926276 0.0
0 116 69.291926276 0.0
0 117 69.291926276 0.0
0 118 69.291926276 0.0
0 119 69.291926276 0.0
0 120 69.291926276 0.0
0 121 69.291926276 0.0
0 122 69.291926276 0.0
0 123 69.291926276 0.0
0 124 69.291926276 0.0
0 125 69.291926276 0.0
0 126 69.291926276 0.0
0 127 69.291926276 0.0
1 0 68.17906615999999 0.0
1 1 68.17906615999999 0.0
1 2 68.17906615999999 0.0
1 3 68.17906615999999 0.0
1 4 68.17906615999999 0.0
1 5 68.17906615999999 0.0
1 6 68.17906615999999 0.0
1 7 68.17906615999999 0.0
1 8 68.17906615999999 0.0
1 9 68.17906615999999 0.0
1 10 68.17906615999999 0.0
1 11 68.17906615999999 0.0
1 12 68.17906615999999 0.0
1 13 68.17906615999999 0.0
1 14 68.17906615999999 0.0
1 15 68.17906615999999 0.0
1 16 68.17906615999999 0.0
1 17 68.17906615999999 0.0
1 18 68.17906615999999 0.0
1 19 68.17906615999999 0.0
1 20 68.17906615999999 0.0
1 21 68.17906615999999 0.0
1 22 68.17906615999999 0.0
1 23 68.17906615999999 0.0
1 24 68.17906615999999 0.0
1 25 68.17906615999999 0.0
1 26 68.17906615999999 0.0
1 27 68.17906615999999 0.0
1 28 68.17906615999999 0.0
1 29 68.17906615999999 0.0
1 30 68.17906615999999 0.0
1 31 68.17906615999999 0.0
1 32 68.17906615999999 0.0
1 33 68.17906615999999 0.0
1 34 68.17906615999999 0.0
1 35 68.17906615999999 0.0
1 36 68.17906615999999 0.0
1 37 68.17906615999999 0.0
1 38 68.17906615999999 0.0
1 39 68.17906615999999 0.0
1 40 68.17906615999999 0.0
1 41 68.17906615999999 0.0
1 42 68.17906615999999 0.0
1 43 68.17906615999999 0.0
1 44 68.17906615999999 0.0
1 45 68.17906615999999 0.0
1 46 68.17906615999999 0.0
1 47 68.17906615999999 0.0
1 48 68.17906615999999 0.0
1 49 68.17906615999999 0.0
1 50 68.17906615999999 0.0
1 51 68.17906615999999 0.0
1 52 68.17906615999999 0.0
1 53 68.17906615999999 0.0
1 54 68.17906615999999 0.0
1 55 68.17906615999999 0.0
1 56 68.17906615999999 0.0
1 57 68.17906615999999 0.0
1 58 68.17906615999999 0.0
1 59 68.17906615999999 0.0
1 60 68.17906615999999 0.0
1 61 68.17906615999999 0.0
1 62 68.17906615999999 0.0
1 63 68.17906615999999 0.0
1 64 68.17906615999999 0.0
1 65 68.17906615999999 0.0
1 66 68.17906615999999 0.0
1 67 68.17906615999999 0.0
1 68 68.17906615999999 0.0
1 69 68.17906615999999 0.0
1 70 68.17906615999999 0.0
1 71 68.17906615999999 0.0
1 72 68.17906615999999 0.0
1 73 68.17906615999999 0.0
1 74 68.17906615999999 0.0
1 75 68.17906615999999 0.0
1 76 68.17906615999999 0.0
1 77 68.17906615999999 0.0
1 78 68.17906615999999 0.0
1 79 68.17906615999999 0.0
1 80 68.17906615999999 0.0
1 81 68.17906615999999 0.0
1 82 68.17906615999999 0.0
1 83 68.17906615999999 0.0
1 84 68.17906615999999 0.0
1 85 68.17906615999999 0.0
1 86 68.17906615999999 0.0
1 87 68.17906615999999 0.0
1 88 68.17906615999999 0.0
1 89 68.17906615999999 0.0
1 90 68.17906615999999 0.0
1 91 68.17906615999999 0.0
1 92 68.17906615999999 0.0
1 93 68.17906615999999 0.0
1 94 68.17906615999999 0.0
1 95 68.17906615999999 0.0
1 96 68.17906615999999 0.0
1 97 68.17906615999999 0.0
1 98 68.17906615999999 0.0
1 99 68.17906615999999 0.0
1 100 68.17906615999999 0.0
1 101 68.17906615999999 0.0
1 102 68.17906615999999 0.0
1 103 68.17906615999999 0.0
1 104 68.17906615999999 0.0
1 105 68.17906615999999 0.0
1 106 68.17906615999999 0.0
1 107 68.17906615999999 0.0
1 108 68.17906615999999 0.0
1 109 68.17906615999999 0.0
1 110 68.17906615999999 0.0
1 111 68.17906615999999 0.0
1 112 68.17906615999999 0.0
1 113 68.17906615999999 0.0
1 114 68.17906615999999 0.0
1 115 68.17906615999999 0.0
1 116 68.17906615999999 0.0
1 117 68.17906615999999 0.0
1 118 68.17906615999999 0.0
1 119 68.17906615999999 0.0
1 120 68.17906615999999 0.0
1 121 68.17906615999999 0.0
1 122 68.17906615999999 0.0
1 123 68.17906615999999 0.0
1 124 68.17906615999999 0.0
1 125 68.17906615999999 0.0
1 126 68.17906615999999 0.0
1 127 68.17906615999999 0.0
2 0 66.667951652 0.0
2 1 66.667951652 0.0
2 2 66.667951652 0.0
2 3 66.667951652 0.0
2 4 66.667951652 0.0
2 5 66.667951652 0.0
2 6 66.667951652 0.0
2 7 66.667951652 0.0
2 8 66.667951652 0.0
2 9 66.667951652 0.0
2 10 66.667951652 0.0
2 11 66.667951652 0.0
2 12 66.667951652 0.0
2 13 66.667951652 0.0
2 14 66.667951652 0.0
2 15 66.667951652 0.0
2 16 66.667951652 0.0
2 17 66.667951652 0.0
2 18 66.667951652 0.0
2 19 66.667951652 0.0
2 20 66.667951652 0.0
2 21 66.667951652 0.0
2 22 66.667951652 0.0
2 23 66.667951652 0.0
2 24 66.667951652 0.0
2 25 66.667951652 0.0
2 26 66.667951652 0.0
2 27 66.667951652 0.0
2 28 66.667951652 0.0
2 29 66.667951652 0.0
2 30 66.667951652 0.0
2 31 66.667951652 0.0
2 32 66.667951652 0.0
2 33 66.667951652 0.0
2 34 66.667951652 0.0
2 35 66.667951652 0.0
2 36 66.667951652 0.0
2 37 66.667951652 0.0
2 38 66.667951652 0.0
2 39 66.667951652 0.0
2 40 66.667951652 0.0
2 41 66.667951652 0.0
2 42 66.667951652 0.0
2 43 66.667951652 0.0
2 44 66.667951652 0.0
2 45 66.667951652 0.0
2 46 66.667951652 0.0
2 47 66.667951652 0.0
2 48 66.667951652 0.0
2 49 66.667951652 0.0
2 50 66.667951652 0.0
2 51 66.667951652 0.0
2 52 66.667951652 0.0
2 53 66.667951652 0.0
2 54 66.667951652 0.0
2 55 66.667951652 0.0
2 56 66.667951652 0.0
2 57 66.667951652 0.0
2 58 66.667951652 0.0
2 59 66.667951652 0.0
2 60 66.667951652 0.0
2 61 66.667951652 0.0
2 62 66.667951652 0.0
2 63 66.667951652 0.0
2 64 66.667951652 0.0
2 65 66.667951652 0.0
2 66 66.667951652 0.0
2 67 66.667951652 0.0
2 68 66.667951652 0.0
2 69 66.667951652 0.0
2 70 66.667951652 0.0
2 71 66.667951652 0.0
2 72 66.667951652 0.0
2 73 66.667951652 0.0
2 74 66.667951652 0.0
2 75 66.667951652 0.0
2 76 66.667951652 0.0
2 77 66.667951652 0.0
2 78 66.667951652 0.0
2 79 66.667951652 0.0
2 80 66.667951652 0.0
2 81 66.667951652 0.0
2 82 66.667951652 0.0
2 83 66.667951652 0.0
2 84 66.667951652 0.0
2 85 66.667951652 0.0
2 86 66.667951652 0.0
2 87 66.667951652 0.0
2 88 66.667951652 0.0
2 89 66.667951652 0.0
2 90 66.667951652 0.0
2 91 66.667951652 0.0
2 92 66.667951652 0.0
2 93 66.667951652 0.0
2 94 66.667951652 0.0
2 95 66.667951652 0.0
2 96 66.667951652 0.0
2 97 66.667951652 0.0
2 98 66.667951652 0.0
2 99 66.667951652 0.0
2 100 66.667951652 0.0
2 101 66.667951652 0.0
2 102 66.667951652 0.0
2 103 66.667951652 0.0
2 104 66.667951652 0.0
2 105 66.667951652 0.0
2 106 66.667951652 0.0
2 107 66.667951652 0.0
2 108 66.667951652 0.0
2 109 66.667951652 0.0
2 110 66.667951652 0.0
2 111 66.667951652 0.0
2 112 66.667951652 0.0
2 113 66.667951652 0.0
2 114 66.667951652 0.0
2 115 66.667951652 0.0
2 116 66.667951652 0.0
2 117 66.667951652 0.0
2 118 66.667951652 0.0
2 119 66.667951652 0.0
2 120 66.667951652 0.0
2 121 66.667951652 0.0
2 122 66.667951652 0.0
2 123 66.667951652 0.0
2 124 66.667951652 0.0
2 125 66.667951652 0.0
2 126 66.667951652 0.0
2 127 66.667951652 0.0
3 0 64.724964602 0.0
3 1 64.724964602 0.0
3 2 64.724964602 0.0
3 3 64.724964602 0.0
3 4 64.724964602 0.0
3 5 64.724964602 0.0
3 6 64.724964602 0.0
3 7 64.724964602 0.0
3 8 64.724964602 0.0
3 9 64.724964602 0.0
3 10 64.724964602 0.0
3 11 64.724964602 0.0
3 12 64.724964602 0.0
3 13 64.724964602 0.0
3 14 64.724964602 0.0
3 15 64.724964602 0.0
3 16 64.724964602 0.0
3 17 64.724964602 0.0
3 18 64.724964602 0.0
3 19 64.724964602 0.0
3 20 64.724964602 0.0
3 21 64.724964602 0.0
3 22 64.724964602 0.0
3 23 64.724964602 0.0
3 24 64.724964602 0.0
3 25 64.724964602 0.0
3 26 64.724964602 0.0
3 27 64.724964602 0.0
3 28 64.724964602 0.0
3 29 64.724964602 0.0
3 30 64.724964602 0.0
3 31 64.724964602 0.0
3 32 64.724964602 0.0
3 33 64.724964602 0.0
3 34 64.724964602 0.0
3 35 64.724964602 0.0
3 36 64.724964602 0.0
3 37 64.724964602 0.0
3 38 64.724964602 0.0
3 39 64.724964602 0.0
3 40 64.724964602 0.0
3 41 64.724964602 0.0
3 42 64.724964602 0.0
3 43 64.724964602 0.0
3 44 64.724964602 0.0
3 45 64.724964602 0.0
3 46 64.724964602 0.0
3 47 64.724964602 0.0
3 48 64.724964602 0.0
3 49 64.724964602 0.0
3 50 64.724964602 0.0
3 51 64.724964602 0.0
3 52 64.724964602 0.0
3 53 64.724964602 0.0
3 54 64.724964602 0.0
3 55 64.724964602 0.0
3 56 64.724964602 0.0
3 57 64.724964602 0.0
3 58 64.724964602 0.0
3 59 64.724964602 0.0
3 60 64.724964602 0.0
3 61 64.724964602 0.0
3 62 64.724964602 0.0
3 63 64.724964602 0.0
3 64 65.948951408 0.0
3 65 65.948951408 0.0
3 66 65.948951408 0.0
3 67 65.948951408 0.0
3 68 65.948951408 0.0
3 69 65.948951408 0.0
3 70 65.948951408 0.0
3 71 65.948951408 0.0
3 72 65.948951408 0.0
3 73 65.948951408 0.0
3 74 65.948951408 0.0
3 75 65.948951408 0.0
3 76 65.948951408 0.0
3 77 65.948951408 0.0
3 78 65.948951408 0.0
3 79 65.948951408 0.0
3 80 65.948951408 0.0
3 81 65.948951408 0.0
3 82 65.948951408 0.0
3 83 65.948951408 0.0
3 84 65.948951408 0.0
3 85 65.948951408 0.0
3 86 65.948951408 0.0
3 87 65.948951408 0.0
3 88 65.948951408 0.0
3 89 65.948951408 0.0
3 90 65.948951408 0.0
3 91 65.948951408 0.0
3 92 65.948951408 0.0
3 93 65.948951408 0.0
3 94 65.948951408 0.0
3 95 65.948951408 0.0
3 96 65.948951408 0.0
3 97 65.948951408 0.0
3 98 65.948951408 0.0
3 99 65.948951408 0.0
3 100 65.948951408 0.0
3 101 65.948951408 0.0
3 102 65.948951408 0.0
3 103 65.948951408 0.0
3 104 65.948951408 0.0
3 105 65.948951408 0.0
3 106 65.948951408 0.0
3 107 65.948951408 0.0
3 108 65.948951408 0.0
3 109 65.948951408 0.0
3 110 65.948951408 0.0
3 111 65.948951408 0.0
3 112 65.948951408 0.0
3 113 65.948951408 0.0
3 114 65.948951408 0.0
3 115 65.948951408 0.0
3 116 65.948951408 0.0
3 117 65.948951408 0.0
3 118 65.948951408 0.0
3 119 65.948951408 0.0
3 120 65.948951408 0.0
3 121 65.948951408 0.0
3 122 65.948951408 0.0
3 123 65.948951408 0.0
3 124 65.948951408 0.0
3 125 65.948951408 0.0
3 126 65.948951408 0.0
3 127 65.948951408 0.0
4 0 63.291688232 0.0
4 1 63.291688232 0.0
4 2 63.291688232 0.0
4 3 63.291688232 0.0
4 4 63.291688232 0.0
4 5 63.291688232 0.0
4 6 63.291688232 0.0
4 7 63.291688232 0.0
4 8 63.291688232 0.0
4 9 63.291688232 0.0
4 10 63.291688232 0.0
4 11 63.291688232 0.0
4 12 63.291688232 0.0
4 13 63.291688232 0.0
4 14 63.291688232 0.0
4 15 63.291688232 0.0
4 16 63.291688232 0.0
4 17 63.291688232 0.0
4 18 63.291688232 0.0
4 19 63.291688232 0.0
4 20 63.291688232 0.0
4 21 63.291688232 0.0
4 22 63.291688232 0.0
4 23 63.291688232 0.0
4 24 63.291688232 0.0
4 25 63.291688232 0.0
4 26 63.291688232 0.0
4 27 63.291688232 0.0
4 28 63.291688232 0.0
4 29 63.291688232 0.0
4 30 63.291688232 0.0
4 31 63.291688232 0.0
4 32 63.291688232 0.0
4 33 63.291688232 0.0
4 34 63.291688232 0.0
4 35 63.291688232 0.0
4 36 63.291688232 0.0
4 37 63.291688232 0.0
4 38 63.291688232 0.0
4 39 63.291688232 0.0
4 40 63.291688232 0.0
4 41 63.291688232 0.0
4 42 63.291688232 0.0
4 43 63.291688232 0.0
4 44 63.291688232 0.0
4 45 63.291688232 0.0
4 46 63.291688232 0.0
4 47 63.291688232 0.0
4 48 63.291688232 0.0
4 49 63.291688232 0.0
4 50 63.291688232 0.0
4 51 63.291688232 0.0
4 52 63.291688232 0.0
4 53 63.291688232 0.0
4 54 63.291688232 0.0
4 55 63.291688232 0.0
4 56 63.291688232 0.0
4 57 63.291688232 0.0
4 58 63.291688232 0.0
4 59 63.291688232 0.0
4 60 63.291688232 0.0
4 61 63.291688232 0.0
4 62 63.291688232 0.0
4 63 63.291688232 0.0
4 64 65.64787109599999 0.0
4 65 65.64787109599999 0.0
4 66 65.64787109599999 0.0
4 67 65.64787109599999 0.0
4 68 65.64787109599999 0.0
4 69 65.64787109599999 0.0
4 70 65.64787109599999 0.0
4 71 65.64787109599999 0.0
4 72 65.64787109599999 0.0
4 73 65.64787109599999 0.0
4 74 65.64787109599999 0.0
4 75 65.64787109599999 0.0
4 76 65.64787109599999 0.0
4 77 65.64787109599999 0.0
4 78 65.64787109599999 0.0
4 79 65.64787109599999 0.0
4 80 65.64787109599999 0.0
4 81 65.64787109599999 0.0
4 82 65.64787109599999 0.0
4 83 65.64787109599999 0.0
4 84 65.64787109599999 0.0
4 85 65.64787109599999 0.0
4 86 65.64787109599999 0.0
4 87 65.64787109599999 0.0
4 88 65.64787109599999 0.0
4 89 65.64787109599999 0.0
4 90 65.64787109599999 0.0
4 91 65.64787109599999 0.0
4 92 65.64787109599999 0.0
4 93 65.64787109599999 0.0
4 94 65.64787109599999 0.0
4 95 65.64787109599999 0.0
4 96 65.64787109599999 0.0
4 97 65.64787109599999 0.0
4 98 65.64787109599999 0.0
4 99 65.64787109599999 0.0
4 100 65.64787109599999 0.0
4 101 65.64787109599999 0.0
4 102 65.64787109599999 0.0
4 103 65.64787109599999 0.0
4 104 65.64787109599999 0.0
4 105 65.64787109599999 0.0
4 106 65.64787109599999 0.0
4 107 65.64787109599999 0.0
4 108 65.64787109599999 0.0
4 109 65.64787109599999 0.0
4 110 65.64787109599999 0.0
4 111 65.64787109599999 0.0
4 112 65.64787109599999 0.0
4 113 65.64787109599999 0.0
4 114 65.64787109599999 0.0
4 115 65.64787109599999 0.0
4 116 65.64787109599999 0.0
4 117 65.64787109599999 0.0
4 118 65.64787109599999 0.0
4 119 65.64787109599999 0.0
4 120 65.64787109599999 0.0
4 121 65.64787109599999 0.0
4 122 65.64787109599999 0.0
4 123 65.64787109599999 0.0
4 124 65.64787109599999 0.0
4 125 65.64787109599999 0.0
4 126 65.64787109599999 0.0
4 127 65.64787109599999 0.0
5 0 63.140351558 0.026999999999999996
5 1 63.140351558 0.026999999999999996
5 2 63.140351558 0.026999999999999996
5 3 63.140351558 0.026999999999999996
5 4 63.140351558 0.026999999999999996
5 5 63.140351558 0.026999999999999996
5 6 63.140351558 0.026999999999999996
5 7 63.140351558 0.026999999999999996
5 8 63.140351558 0.026999999999999996
5 9 63.140351558 0.026999999999999996
5 10 63.140351558 0.026999999999999996
5 11 63.140351558 0.026999999999999996
5 12 63.140351558 0.026999999999999996
5 13 63.140351558 0.026999999999999996
5 14 63.140351558 0.026999999999999996
5 15 63.140351558 0.026999999999999996
5 16 63.140351558 0.026999999999999996
5 17 63.140351558 0.026999999999999996
5 18 63.140351558 0.026999999999999996
5 19 63.140351558 0.026999999999999996
5 20 63.140351558 0.026999999999999996
5 21 63.140351558 0.026999999999999996
5 22 63.140351558 0.026999999999999996
5 23 63.140351558 0.026999999999999996
5 24 63.140351558 0.026999999999999996
5 25 63.140351558 0.026999999999999996
5 26 63.140351558 0.026999999999999996
5 27 63.140351558 0.026999999999999996
5 28 63.140351558 0.026999999999999996
5 29 63.140351558 0.026999999999999996
5 30 63.140351558 0.026999999999999996
5 31 63.140351558 0.026999999999999996
5 32 63.140351558 0.026999999999999996
5 33 63.140351558 0.026999999999999996
5 34 63.140351558 0.026999999999999996
5 35 63.140351558 0.026999999999999996
5 36 63.140351558 0.026999999999999996
5 37 63.140351558 0.026999999999999996
5 38 63.140351558 0.026999999999999996
5 39 63.140351558 0.026999999999999996
5 40 63.140351558 0.026999999999999996
5 41 63.140351558 0.026999999999999996
5 42 63.140351558 0.026999999999999996
5 43 63.140351558 0.026999999999999996
5 44 63.140351558 0.026999999999999996
5 45 63.140351558 0.026999999999999996
5 46 63.140351558 0.026999999999999996
5 47 63.140351558 0.026999999999999996
5 48 63.140351558 0.026999999999999996
5 49 63.140351558 0.026999999999999996
5 50 63.140351558 0.026999999999999996
5 51 63.140351558 0.026999999999999996
5 52 63.140351558 0.026999999999999996
5 53 63.140351558 0.026999999999999996
5 54 63.140351558 0.026999999999999996
5 55 63.140351558 0.026999999999999996
5 56 63.140351558 0.026999999999999996
5 57 63.140351558 0.026999999999999996
5 58 63.140351558 0.026999999999999996
5 59 63.140351558 0.026999999999999996
5 60 63.140351558 0.026999999999999996
5 61 63.140351558 0.026999999999999996
5 62 63.140351558 0.026999999999999996
5 63 63.140351558 0.026999999999999996
5 64 67.52483033 0.0795
5 65 67.52483033 0.0795
5 66 67.52483033 0.0795
5 67 67.52483033 0.0795
5 68 67.52483033 0.0795
5 69 67.52483033 0.0795
5 70 67.52483033 0.0795
5 71 67.52483033 0.0795
5 72 67.52483033 0.0795
5 73 67.52483033 0.0795
5 74 67.52483033 0.0795
5 75 67.52483033 0.0795
5 76 67.52483033 0.0795
5 77 67.52483033 0.0795
5 78 67.52483033 0.0795
5 79 67.52483033 0.0795
5 80 67.52483033 0.0795
5 81 67.52483033 0.0795
5 82 67.52483033 0.0795
5 83 67.52483033 0.0795
5 84 67.52483033 0.0795
5 85 67.52483033 0.0795
5 86 67.52483033 0.0795
5 87 67.52483033 0.0795
5 88 67.52483033 0.0795
5 89 67.52483033 0.0795
5 90 67.52483033 0.0795
5 91 67.52483033 0.0795
5 92 67.52483033 0.0795
5 93 67.52483033 0.0795
5 94 67.52483033 0.0795
5 95 67.52483033 0.0795
5 96 67.52483033 0.0795
5 97 67.52483033 0.0795
5 98 67.52483033 0.0795
5 99 67.52483033 0.0795
5 100 67.52483033 0.0795
5 101 67.52483033 0.0795
5 102 67.52483033 0.0795
5 103 67.52483033 0.0795
5 104 67.52483033 0.0795
5 105 67.52483033 0.0795
5 106 67.52483033 0.0795
5 107 67.52483033 0.0795
5 108 67.52483033 0.0795
5 109 67.52483033 0.0795
5 110 67.52483033 0.0795
5 111 67.52483033 0.0795
5 112 67.52483033 0.0795
5 113 67.52483033 0.0795
5 114 67.52483033 0.0795
5 115 67.52483033 0.0795
5 116 67.52483033 0.0795
5 117 67.52483033 0.0795
5 118 67.52483033 0.0795
5 119 67.52483033 0.0795
5 120 67.52483033 0.0795
5 121 67.52483033 0.0795
5 122 67.52483033 0.0795
5 123 67.52483033 0.0795
5 124 67.52483033 0.0795
5 125 67.52483033 0.0795
5 126 67.52483033 0.0795
5 127 67.52483033 0.0795
6 0 64.165650638 0.1665
6 1 64.165650638 0.1665
6 2 64.165650638 0.1665
6 3 64.165650638 0.1665
6 4 64.165650638 0.1665
6 5 64.165650638 0.1665
6 6 64.165650638 0.1665
6 7 64.165650638 0.1665
6 8 64.165650638 0.1665
6 9 64.165650638 0.1665
6 10 64.165650638 0.1665
6 11 64.165650638 0.1665
6 12 64.165650638 0.1665
6 13 64.165650638 0.1665
6 14 64.165650638 0.1665
6 15 64.165650638 0.1665
6 16 64.165650638 0.1665
6 17 64.165650638 0.1665
6 18 64.165650638 0.1665
6 19 64.165650638 0.1665
6 20 64.165650638 0.1665
6 21 64.165650638 0.1665
6 22 64.165650638 0.1665
6 23 64.165650638 0.1665
6 24 64.165650638 0.1665
6 25 64.165650638 0.1665
6 26 64.165650638 0.1665
6 27 64.165650638 0.1665
6 28 64.165650638 0.1665
6 29 64.165650638 0.1665
6 30 64.165650638 0.1665
6 31 64.165650638 0.1665
6 32 65.729334722 0.1545
6 33 65.729334722 0.1545
6 34 65.729334722 0.1545
6 35 65.729334722 0.1545
6 36 65.729334722 0.1545
6 37 65.729334722 0.1545
6 38 65.729334722 0.1545
6 39 65.729334722 0.1545
6 40 65.729334722 0.1545
6 41 65.729334722 0.1545
6 42 65.729334722 0.1545
6 43 65.729334722 0.1545
6 44 65.729334722 0.1545
6 45 65.729334722 0.1545
6 46 65.729334722 0.1545
6 47 65.729334722 0.1545
6 48 65.729334722 0.1545
6 49 65.729334722 0.1545
6 50 65.729334722 0.1545
6 51 65.729334722 0.1545
6 52 65.729334722 0.1545
6 53 65.729334722 0.1545
6 54 65.729334722 0.1545
6 55 65.729334722 0.1545
6 56 65.729334722 0.1545
6 57 65.729334722 0.1545
6 58 65.729334722 0.1545
6 59 65.729334722 0.1545
6 60 65.729334722 0.1545
6 61 65.729334722 0.1545
6 62 65.729334722 0.1545
6 63 65.729334722 0.1545
6 64 71.234913326 0.264
6 65 71.234913326 0.264
6 66 71.234913326 0.264
6 67 71.234913326 0.264
6 68 71.234913326 0.264
6 69 71.234913326 0.264
6 70 71.234913326 0.264
6 71 71.234913326 0.264
6 72 71.234913326 0.264
6 73 71.234913326 0.264
6 74 71.234913326 0.264
6 75 71.234913326 0.264
6 76 71.234913326 0.264
6 77 71.234913326 0.264
6 78 71.234913326 0.264
6 79 71.234913326 0.264
6 80 71.234913326 0.264
6 81 71.234913326 0.264
6 82 71.234913326 0.264
6 83 71.234913326 0.264
6 84 71.234913326 0.264
6 85 71.234913326 0.264
6 86 71.234913326 0.264
6 87 71.234913326 0.264
6 88 71.234913326 0.264
6 89 71.234913326 0.264
6 90 71.234913326 0.264
6 91 71.234913326 0.264
6 92 71.234913326 0.264
6 93 71.234913326 0.264
6 94 71.234913326 0.264
6 95 71.234913326 0.264
6 96 69.869093018 0.1125
6 97 69.869093018 0.1125
6 98 69.869093018 0.1125
6 99 69.869093018 0.1125
6 100 69.869093018 0.1125
6 101 69.869093018 0.1125
6 102 69.869093018 0.1125
6 103 69.869093018 0.1125
6 104 69.869093018 0.1125
6 105 69.869093018 0.1125
6 106 69.869093018 0.1125
6 107 69.869093018 0.1125
6 108 69.869093018 0.1125
6 109 69.869093018 0.1125
6 110 69.869093018 0.1125
6 111 69.869093018 0.1125
6 112 69.869093018 0.1125
6 113 69.869093018 0.1125
6 114 69.869093018 0.1125
6 115 69.869093018 0.1125
6 116 69.869093018 0.1125
6 117 69.869093018 0.1125
6 118 69.869093018 0.1125
6 119 69.869093018 0.1125
6 120 69.869093018 0.1125
6 121 69.869093018 0.1125
6 122 69.869093018 0.1125
6 123 69.869093018 0.1125
6 124 69.869093018 0.1125
6 125 69.869093018 0.1125
6 126 69.869093018 0.1125
6 127 69.869093018 0.1125
7 0 66.437403566 0.37949999999999995
7 1 66.437403566 0.37949999999999995
7 2 66.437403566 0.37949999999999995
7 3 66.437403566 0.37949999999999995
7 4 66.437403566 0.37949999999999995
7 5 66.437403566 0.37949999999999995
7 6 66.437403566 0.37949999999999995
7 7 66.437403566 0.37949999999999995
7 8 66.437403566 0.37949999999999995
7 9 66.437403566 0.37949999999999995
7 10 66.437403566 0.37949999999999995
7 11 66.437403566 0.37949999999999995
7 12 66.437403566 0.37949999999999995
7 13 66.437403566 0.37949999999999995
7 14 66.437403566 0.37949999999999995
7 15 66.437403566 0.37949999999999995
7 16 66.437403566 0.37949999999999995
7 17 66.437403566 0.37949999999999995
7 18 66.437403566 0.37949999999999995
7 19 66.437403566 0.37949999999999995
7 20 66.437403566 0.37949999999999995
7 21 66.437403566 0.37949999999999995
7 22 66.437403566 0.37949999999999995
7 23 66.437403566 0.37949999999999995
7 24 66.437403566 0.37949999999999995
7 25 66.437403566 0.37949999999999995
7 26 66.437403566 0.37949999999999995
7 27 66.437403566 0.37949999999999995
7 28 66.437403566 0.37949999999999995
7 29 66.437403566 0.37949999999999995
7 30 66.437403566 0.37949999999999995
7 31 66.437403566 0.37949999999999995
7 32 69.817292474 0.411
7 33 69.817292474 0.411
7 34 69.817292474 0.411
7 35 69.817292474 0.411
7 36 69.817292474 0.411
7 37 69.817292474 0.411
7 38 69.817292474 0.411
7 39 69.817292474 0.411
7 40 69.817292474 0.411
7 41 69.817292474 0.411
7 42 69.817292474 0.411
7 43 69.817292474 0.411
7 44 69.817292474 0.411
7 45 69.817292474 0.411
7 46 69.817292474 0.411
7 47 69.817292474 0.411
7 48 69.817292474 0.411
7 49 69.817292474 0.411
7 50 69.817292474 0.411
7 51 69.817292474 0.411
7 52 69.817292474 0.411
7 53 69.817292474 0.411
7 54 69.817292474 0.411
7 55 69.817292474 0.411
7 56 69.817292474 0.411
7 57 69.817292474 0.411
7 58 69.817292474 0.411
7 59 69.817292474 0.411
7 60 69.817292474 0.411
7 61 69.817292474 0.411
7 62 69.817292474 0.411
7 63 69.817292474 0.411
7 64 76.792622072 0.4905
7 65 76.792622072 0.4905
7 66 76.792622072 0.4905
7 67 76.792622072 0.4905
7 68 76.792622072 0.4905
7 69 76.792622072 0.4905
7 70 76.792622072 0.4905
7 71 76.792622072 0.4905
7 72 76.792622072 0.4905
7 73 76.792622072 0.4905
7 74 76.792622072 0.4905
7 75 76.792622072 0.4905
7 76 76.792622072 0.4905
7 77 76.792622072 0.4905
7 78 76.792622072 0.4905
7 79 76.792622072 0.4905
7 80 76.792622072 0.4905
7 81 76.792622072 0.4905
7 82 76.792622072 0.4905
7 83 76.792622072 0.4905
7 84 76.792622072 0.4905
7 85 76.792622072 0.4905
7 86 76.792622072 0.4905
7 87 76.792622072 0.4905
7 88 76.792622072 0.4905
7 89 76.792622072 0.4905
7 90 76.792622072 0.4905
7 91 76.792622072 0.4905
7 92 76.792622072 0.4905
7 93 76.792622072 0.4905
7 94 76.792622072 0.4905
7 95 76.792622072 0.4905
7 96 74.34585692600001 0.228
7 97 74.34585692600001 0.228
7 98 74.34585692600001 0.228
7 99 74.34585692600001 0.228
7 100 74.34585692600001 0.228
7 101 74.34585692600001 0.228
7 102 74.34585692600001 0.228
7 103 74.34585692600001 0.228
7 104 74.34585692600001 0.228
7 105 74.34585692600001 0.228
7 106 74.34585692600001 0.228
7 107 74.34585692600001 0.228
7 108 74.34585692600001 0.228
7 109 74.34585692600001 0.228
7 110 74.34585692600001 0.228
7 111 74.34585692600001 0.228
7 112 74.34585692600001 0.228
7 113 74.34585692600001 0.228
7 114 74.34585692600001 0.228
7 115 74.34585692600001 0.228
7 116 74.34585692600001 0.228
7 117 74.34585692600001 0.228
7 118 74.34585692600001 0.228
7 119 74.34585692600001 0.228
7 120 74.34585692600001 0.228
7 121 74.34585692600001 0.228
7 122 74.34585692600001 0.228
7 123 74.34585692600001 0.228
7 124 74.34585692600001 0.228
7 125 74.34585692600001 0.228
7 126 74.34585692600001 0.228
7 127 74.34585692600001 0.228
8 0 69.431782226 0.4815
8 1 69.431782226 0.4815
8 2 69.431782226 0.4815
8 3 69.431782226 0.4815
8 4 69.431782226 0.4815
8 5 69.431782226 0.4815
8 6 69.431782226 0.4815
8 7 69.431782226 0.4815
8 8 69.431782226 0.4815
8 9 69.431782226 0.4815
8 10 69.431782226 0.4815
8 11 69.431782226 0.4815
8 12 69.431782226 0.4815
8 13 69.431782226 0.4815
8 14 69.431782226 0.4815
8 15 69.431782226 0.4815
8 16 69.431782226 0.4815
8 17 69.431782226 0.4815
8 18 69.431782226 0.4815
8 19 69.431782226 0.4815
8 20 69.431782226 0.4815
8 21 69.431782226 0.4815
8 22 69.431782226 0.4815
8 23 69.431782226 0.4815
8 24 69.431782226 0.4815
8 25 69.431782226 0.4815
8 26 69.431782226 0.4815
8 27 69.431782226 0.4815
8 28 69.431782226 0.4815
8 29 69.431782226 0.4815
8 30 69.431782226 0.4815
8 31 69.431782226 0.4815
8 32 74.402711186 0.636
8 33 74.402711186 0.636
8 34 74.402711186 0.636
8 35 74.402711186 0.636
8 36 74.402711186 0.636
8 37 74.402711186 0.636
8 38 74.402711186 0.636
8 39 74.402711186 0.636
8 40 74.402711186 0.636
8 41 74.402711186 0.636
8 42 74.402711186 0.636
8 43 74.402711186 0.636
8 44 74.402711186 0.636
8 45 74.402711186 0.636
8 46 74.402711186 0.636
8 47 74.402711186 0.636
8 48 74.402711186 0.636
8 49 74.402711186 0.636
8 50 74.402711186 0.636
8 51 74.402711186 0.636
8 52 74.402711186 0.636
8 53 74.402711186 0.636
8 54 74.402711186 0.636
8 55 74.402711186 0.636
8 56 74.402711186 0.636
8 57 74.402711186 0.636
8 58 74.402711186 0.636
8 59 74.402711186 0.636
8 60 74.402711186 0.636
8 61 74.402711186 0.636
8 62 74.402711186 0.636
8 63 74.402711186 0.636
8 64 82.349946284 0.7245
8 65 82.349946284 0.7245
8 66 82.349946284 0.7245
8 67 82.349946284 0.7245
8 68 82.349946284 0.7245
8 69 82.349946284 0.7245
8 70 82.349946284 0.7245
8 71 82.349946284 0.7245
8 72 82.349946284 0.7245
8 73 82.349946284 0.7245
8 74 82.349946284 0.7245
8 75 82.349946284 0.7245
8 76 82.349946284 0.7245
8 77 82.349946284 0.7245
8 78 82.349946284 0.7245
8 79 82.349946284 0.7245
8 80 82.349946284 0.7245
8 81 82.349946284 0.7245
8 82 82.349946284 0.7245
8 83 82.349946284 0.7245
8 84 82.349946284 0.7245
8 85 82.349946284 0.7245
8 86 82.349946284 0.7245
8 87 82.349946284 0.7245
8 88 82.349946284 0.7245
8 89 82.349946284 0.7245
8 90 82.349946284 0.7245
8 91 82.349946284 0.7245
8 92 82.349946284 0.7245
8 93 82.349946284 0.7245
8 94 82.349946284 0.7245
8 95 82.349946284 0.7245
8 96 78.655189208 0.3825
8 97 78.655189208 0.3825
8 98 78.655189208 0.3825
8 99 78.655189208 0.3825
8 100 78.655189208 0.3825
8 101 78.655189208 0.3825
8 102 78.655189208 0.3825
8 103 78.655189208 0.3825
8 104 78.655189208 0.3825
8 105 78.655189208 0.3825
8 106 78.655189208 0.3825
8 107 78.655189208 0.3825
8 108 78.655189208 0.3825
8 109 78.655189208 0.3825
8 110 78.655189208 0.3825
8 111 78.655189208 0.3825
8 112 78.655189208 0.3825
8 113 78.655189208 0.3825
8 114 78.655189208 0.3825
8 115 78.655189208 0.3825
8 116 78.655189208 0.3825
8 117 78.655189208 0.3825
8 118 78.655189208 0.3825
8 119 78.655189208 0.3825
8 120 78.655189208 0.3825
8 121 78.655189208 0.3825
8 122 78.655189208 0.3825
8 123 78.655189208 0.3825
8 124 78.655189208 0.3825
8 125 78.655189208 0.3825
8 126 78.655189208 0.3825
8 127 78.655189208 0.3825
9 0 71.837073968 0.7064999999999999
9 1 71.837073968 0.7064999999999999
9 2 71.837073968 0.7064999999999999
9 3 71.837073968 0.7064999999999999
9 4 71.837073968 0.7064999999999999
9 5 71.837073968 0.7064999999999999
9 6 71.837073968 0.7064999999999999
9 7 71.837073968 0.7064999999999999
9 8 71.837073968 0.7064999999999999
9 9 71.837073968 0.7064999999999999
9 10 71.837073968 0.7064999999999999
9 11 71.837073968 0.7064999999999999
9 12 71.837073968 0.7064999999999999
9 13 71.837073968 0.7064999999999999
9 14 71.837073968 0.7064999999999999
9 15 71.837073968 0.7064999999999999
9 16 73.37982911 0.8685
9 17 73.37982911 0.8685
9 18 73.37982911 0.8685
9 19 73.37982911 0.8685
9 20 73.37982911 0.8685
9 21 73.37982911 0.8685
9 22 73.37982911 0.8685
9 23 73.37982911 0.8685
9 24 73.37982911 0.8685
9 25 73.37982911 0.8685
9 26 73.37982911 0.8685
9 27 73.37982911 0.8685
9 28 73.37982911 0.8685
9 29 73.37982911 0.8685
9 30 73.37982911 0.8685
9 31 73.37982911 0.8685
9 32 78.17717408 0.8489999999999999
9 33 78.17717408 0.8489999999999999
9 34 78.17717408 0.8489999999999999
9 35 78.17717408 0.8489999999999999
9 36 78.17717408 0.8489999999999999
9 37 78.17717408 0.8489999999999999
9 38 78.17717408 0.8489999999999999
9 39 78.17717408 0.8489999999999999
9 40 78.17717408 0.8489999999999999
9 41 78.17717408 0.8489999999999999
9 42 78.17717408 0.8489999999999999
9 43 78.17717408 0.8489999999999999
9 44 78.17717408 0.8489999999999999
9 45 78.17717408 0.8489999999999999
9 46 78.17717408 0.8489999999999999
9 47 78.17717408 0.8489999999999999
9 48 76.585419914 0.726
9 49 76.585419914 0.726
9 50 76.585419914 0.726
9 51 76.585419914 0.726
9 52 76.585419914 0.726
9 53 76.585419914 0.726
9 54 76.585419914 0.726
9 55 76.585419914 0.726
9 56 76.585419914 0.726
9 57 76.585419914 0.726
9 58 76.585419914 0.726
9 59 76.585419914 0.726
9 60 76.585419914 0.726
9 61 76.585419914 0.726
9 62 76.585419914 0.726
9 63 76.585419914 0.726
9 64 85.987684328 0.855
9 65 85.987684328 0.855
9 66 85.987684328 0.855
9 67 85.987684328 0.855
9 68 85.987684328 0.855
9 69 85.987684328 0.855
9 70 85.987684328 0.855
9 71 85.987684328 0.855
9 72 85.987684328 0.855
9 73 85.987684328 0.855
9 74 85.987684328 0.855
9 75 85.987684328 0.855
9 76 85.987684328 0.855
9 77 85.987684328 0.855
9 78 85.987684328 0.855
9 79 85.987684328 0.855
9 80 88.142158202 0.8939999999999999
9 81 88.142158202 0.8939999999999999
9 82 88.142158202 0.8939999999999999
9 83 88.142158202 0.8939999999999999
9 84 88.142158202 0.8939999999999999
9 85 88.142158202 0.8939999999999999
9 86 88.142158202 0.8939999999999999
9 87 88.142158202 0.8939999999999999
9 88 88.142158202 0.8939999999999999
9 89 88.142158202 0.8939999999999999
9 90 88.142158202 0.8939999999999999
9 91 88.142158202 0.8939999999999999
9 92 88.142158202 0.8939999999999999
9 93 88.142158202 0.8939999999999999
9 94 88.142158202 0.8939999999999999
9 95 88.142158202 0.8939999999999999
9 96 81.442091066 0.3165
9 97 81.442091066 0.3165
9 98 81.442091066 0.3165
9 99 81.442091066 0.3165
9 100 81.442091066 0.3165
9 101 81.442091066 0.3165
9 102 81.442091066 0.3165
9 103 81.442091066 0.3165
9 104 81.442091066 0.3165
9 105 81.442091066 0.3165
9 106 81.442091066 0.3165
9 107 81.442091066 0.3165
9 108 81.442091066 0.3165
9 109 81.442091066 0.3165
9 110 81.442091066 0.3165
9 111 81.442091066 0.3165
9 112 79.25894286799999 0.43199999999999994
9 113 79.25894286799999 0.43199999999999994
9 114 79.25894286799999 0.43199999999999994
9 115 79.25894286799999 0.43199999999999994
9 116 79.25894286799999 0.43199999999999994
9 117 79.25894286799999 0.43199999999999994
9 118 79.25894286799999 0.43199999999999994
9 119 79.25894286799999 0.43199999999999994
9 120 79.25894286799999 0.43199999999999994
9 121 79.25894286799999 0.43199999999999994
9 122 79.25894286799999 0.43199999999999994
9 123 79.25894286799999 0.43199999999999994
9 124 79.25894286799999 0.43199999999999994
9 125 79.25894286799999 0.43199999999999994
9 126 79.25894286799999 0.43199999999999994
9 127 79.25894286799999 0.43199999999999994
10 0 73.129615484 0.9839999999999999
10 1 73.129615484 0.9839999999999999
10 2 73.129615484 0.9839999999999999
10 3 73.129615484 0.9839999999999999
10 4 73.129615484 0.9839999999999999
10 5 73.129615484 0.9839999999999999
10 6 73.129615484 0.9839999999999999
10 7 73.129615484 0.9839999999999999
10 8 73.129615484 0.9839999999999999
10 9 73.129615484 0.9839999999999999
10 10 73.129615484 0.9839999999999999
10 11 73.129615484 0.9839999999999999
10 12 73.129615484 0.9839999999999999
10 13 73.129615484 0.9839999999999999
10 14 73.129615484 0.9839999999999999
10 15 73.129615484 0.9839999999999999
10 16 76.120039058 1.05
10 17 76.120039058 1.05
10 18 76.120039058 1.05
10 19 76.120039058 1.05
10 20 76.120039058 1.05
10 21 76.120039058 1.05
10 22 76.120039058 1.05
10 23 76.120039058 1.05
10 24 76.120039058 1.05
10 25 76.120039058 1.05
10 26 76.120039058 1.05
10 27 76.120039058 1.05
10 28 76.120039058 1.05
10 29 76.120039058 1.05
10 30 76.120039058 1.05
10 31 76.120039058 1.05
10 32 81.16281860000001 1.0275
10 33 81.16281860000001 1.0275
10 34 81.16281860000001 1.0275
10 35 81.16281860000001 1.0275
10 36 81.16281860000001 1.0275
10 37 81.16281860000001 1.0275
10 38 81.16281860000001 1.0275
10 39 81.16281860000001 1.0275
10 40 81.16281860000001 1.0275
10 41 81.16281860000001 1.0275
10 42 81.16281860000001 1.0275
10 43 81.16281860000001 1.0275
10 44 81.16281860000001 1.0275
10 45 81.16281860000001 1.0275
10 46 81.16281860000001 1.0275
10 47 81.16281860000001 1.0275
10 48 78.01919067200001 1.0139999999999998
10 49 78.01919067200001 1.0139999999999998
10 50 78.01919067200001 1.0139999999999998
10 51 78.01919067200001 1.0139999999999998
10 52 78.01919067200001 1.0139999999999998
10 53 78.01919067200001 1.0139999999999998
10 54 78.01919067200001 1.0139999999999998
10 55 78.01919067200001 1.0139999999999998
10 56 78.01919067200001 1.0139999999999998
10 57 78.01919067200001 1.0139999999999998
10 58 78.01919067200001 1.0139999999999998
10 59 78.01919067200001 1.0139999999999998
10 60 78.01919067200001 1.0139999999999998
10 61 78.01919067200001 1.0139999999999998
10 62 78.01919067200001 1.0139999999999998
10 63 78.01919067200001 1.0139999999999998
10 64 88.527943112 1.002
10 65 88.527943112 1.002
10 66 88.527943112 1.002
10 67 88.527943112 1.002
10 68 88.527943112 1.002
10 69 88.527943112 1.002
10 70 88.527943112 1.002
10 71 88.527943112 1.002
10 72 88.527943112 1.002
10 73 88.527943112 1.002
10 74 88.527943112 1.002
10 75 88.527943112 1.002
10 76 88.527943112 1.002
10 77 88.527943112 1.002
10 78 88.527943112 1.002
10 79 88.527943112 1.002
10 80 90.1206311 1.0725
10 81 90.1206311 1.0725
10 82 90.1206311 1.0725
10 83 90.1206311 1.0725
10 84 90.1206311 1.0725
10 85 90.1206311 1.0725
10 86 90.1206311 1.0725
10 87 90.1206311 1.0725
10 88 90.1206311 1.0725
10 89 90.1206311 1.0725
10 90 90.1206311 1.0725
10 91 90.1206311 1.0725
10 92 90.1206311 1.0725
10 93 90.1206311 1.0725
10 94 90.1206311 1.0725
10 95 90.1206311 1.0725
10 96 83.317237556 0.678
10 97 83.317237556 0.678
10 98 83.317237556 0.678
10 99 83.317237556 0.678
10 100 83.317237556 0.678
10 101 83.317237556 0.678
10 102 83.317237556 0.678
10 103 83.317237556 0.678
10 104 83.317237556 0.678
10 105 83.317237556 0.678
10 106 83.317237556 0.678
10 107 83.317237556 0.678
10 108 83.317237556 0.678
10 109 83.317237556 0.678
10 110 83.317237556 0.678
10 111 83.317237556 0.678
10 112 76.74439209799999 0.2835
10 113 76.74439209799999 0.2835
10 114 76.74439209799999 0.2835
10 115 76.74439209799999 0.2835
10 116 76.74439209799999 0.2835
10 117 76.74439209799999 0.2835
10 118 76.74439209799999 0.2835
10 119 76.74439209799999 0.2835
10 120 76.74439209799999 0.2835
10 121 76.74439209799999 0.2835
10 122 76.74439209799999 0.2835
10 123 76.74439209799999 0.2835
10 124 76.74439209799999 0.2835
10 125 76.74439209799999 0.2835
10 126 76.74439209799999 0.2835
10 127 76.74439209799999 0.2835
11 0 74.059718018 0.993
11 1 74.059718018 0.993
11 2 74.059718018 0.993
11 3 74.059718018 0.993
11 4 74.059718018 0.993
11 5 74.059718018 0.993
11 6 74.059718018 0.993
11 7 74.059718018 0.993
11 8 74.059718018 0.993
11 9 74.059718018 0.993
11 10 74.059718018 0.993
11 11 74.059718018 0.993
11 12 74.059718018 0.993
11 13 74.059718018 0.993
11 14 74.059718018 0.993
11 15 74.059718018 0.993
11 16 78.759119876 1.182
11 17 78.759119876 1.182
11 18 78.759119876 1.182
11 19 78.759119876 1.182
11 20 78.759119876 1.182
11 21 78.759119876 1.182
11 22 78.759119876 1.182
11 23 78.759119876 1.182
11 24 78.759119876 1.182
11 25 78.759119876 1.182
11 26 78.759119876 1.182
11 27 78.759119876 1.182
11 28 78.759119876 1.182
11 29 78.759119876 1.182
11 30 78.759119876 1.182
11 31 78.759119876 1.182
11 32 82.856525882 1.047
11 33 82.856525882 1.047
11 34 82.856525882 1.047
11 35 82.856525882 1.047
11 36 82.856525882 1.047
11 37 82.856525882 1.047
11 38 82.856525882 1.047
11 39 82.856525882 1.047
11 40 82.856525882 1.047
11 41 82.856525882 1.047
11 42 82.856525882 1.047
11 43 82.856525882 1.047
11 44 82.856525882 1.047
11 45 82.856525882 1.047
11 46 82.856525882 1.047
11 47 82.856525882 1.047
11 48 79.073933108 0.9389999999999998
11 49 79.073933108 0.9389999999999998
11 50 79.073933108 0.9389999999999998
11 51 79.073933108 0.9389999999999998
11 52 79.073933108 0.9389999999999998
11 53 79.073933108 0.9389999999999998
11 54 79.073933108 0.9389999999999998
11 55 79.073933108 0.9389999999999998
11 56 79.073933108 0.9389999999999998
11 57 79.073933108 0.9389999999999998
11 58 79.073933108 0.9389999999999998
11 59 79.073933108 0.9389999999999998
11 60 79.073933108 0.9389999999999998
11 61 79.073933108 0.9389999999999998
11 62 79.073933108 0.9389999999999998
11 63 79.073933108 0.9389999999999998
11 64 90.40578125 1.122
11 65 90.40578125 1.122
11 66 90.40578125 1.122
11 67 90.40578125 1.122
11 68 90.40578125 1.122
11 69 90.40578125 1.122
11 70 90.40578125 1.122
11 71 90.40578125 1.122
11 72 90.40578125 1.122
11 73 90.40578125 1.122
11 74 90.40578125 1.122
11 75 90.40578125 1.122
11 76 90.40578125 1.122
11 77 90.40578125 1.122
11 78 90.40578125 1.122
11 79 90.40578125 1.122
11 80 90.63226439600001 1.2015
11 81 90.63226439600001 1.2015
11 82 90.63226439600001 1.2015
11 83 90.63226439600001 1.2015
11 84 90.63226439600001 1.2015
11 85 90.63226439600001 1.2015
11 86 90.63226439600001 1.2015
11 87 90.63226439600001 1.2015
11 88 90.63226439600001 1.2015
11 89 90.63226439600001 1.2015
11 90 90.63226439600001 1.2015
11 91 90.63226439600001 1.2015
11 92 90.63226439600001 1.2015
11 93 90.63226439600001 1.2015
11 94 90.63226439600001 1.2015
11 95 90.63226439600001 1.2015
11 96 84.80989502599999 1.176
11 97 84.80989502599999 1.176
11 98 84.80989502599999 1.176
11 99 84.80989502599999 1.176
11 100 84.80989502599999 1.176
11 101 84.80989502599999 1.176
11 102 84.80989502599999 1.176
11 103 84.80989502599999 1.176
11 104 84.80989502599999 1.176
11 105 84.80989502599999 1.176
11 106 84.80989502599999 1.176
11 107 84.80989502599999 1.176
11 108 84.80989502599999 1.176
11 109 84.80989502599999 1.176
11 110 84.80989502599999 1.176
11 111 84.80989502599999 1.176
11 112 72.64907348 0.525
11 113 72.64907348 0.525
11 114 72.64907348 0.525
11 115 72.64907348 0.525
11 116 72.64907348 0.525
11 117 72.64907348 0.525
11 118 72.64907348 0.525
11 119 72.64907348 0.525
11 120 72.64907348 0.525
11 121 72.64907348 0.525
11 122 72.64907348 0.525
11 123 72.64907348 0.525
11 124 72.64907348 0.525
11 125 72.64907348 0.525
11 126 72.64907348 0.525
11 127 72.64907348 0.525
12 0 75.093311768 0.963
12 1 75.093311768 0.963
12 2 75.093311768 0.963
12 3 75.093311768 0.963
12 4 75.093311768 0.963
12 5 75.093311768 0.963
12 6 75.093311768 0.963
12 7 75.093311768 0.963
12 8 76.18875854 1.341
12 9 76.18875854 1.341
12 10 76.18875854 1.341
12 11 76.18875854 1.341
12 12 76.18875854 1.341
12 13 76.18875854 1.341
12 14 76.18875854 1.341
12 15 76.18875854 1.341
12 16 80.92996338200001 1.251
12 17 80.92996338200001 1.251
12 18 80.92996338200001 1.251
12 19 80.92996338200001 1.251
12 20 80.92996338200001 1.251
12 21 80.92996338200001 1.251
12 22 80.92996338200001 1.251
12 23 80.92996338200001 1.251
12 24 79.92350585599999 1.191
12 25 79.92350585599999 1.191
12 26 79.92350585599999 1.191
12 27 79.92350585599999 1.191
12 28 79.92350585599999 1.191
12 29 79.92350585599999 1.191
12 30 79.92350585599999 1.191
12 31 79.92350585599999 1.191
12 32 83.143653566 1.2285
12 33 83.143653566 1.2285
12 34 83.143653566 1.2285
12 35 83.143653566 1.2285
12 36 83.143653566 1.2285
12 37 83.143653566 1.2285
12 38 83.143653566 1.2285
12 39 83.143653566 1.2285
12 40 84.62329223 1.0395
12 41 84.62329223 1.0395
12 42 84.62329223 1.0395
12 43 84.62329223 1.0395
12 44 84.62329223 1.0395
12 45 84.62329223 1.0395
12 46 84.62329223 1.0395
12 47 84.62329223 1.0395
12 48 79.92350585599999 1.191
12 49 79.92350585599999 1.191
12 50 79.92350585599999 1.191
12 51 79.92350585599999 1.191
12 52 79.92350585599999 1.191
12 53 79.92350585599999 1.191
12 54 79.92350585599999 1.191
12 55 79.92350585599999 1.191
12 56 80.06803100600001 1.314
12 57 80.06803100600001 1.314
12 58 80.06803100600001 1.314
12 59 80.06803100600001 1.314
12 60 80.06803100600001 1.314
12 61 80.06803100600001 1.314
12 62 80.06803100600001 1.314
12 63 80.06803100600001 1.314
12 64 91.75836304399999 1.206
12 65 91.75836304399999 1.206
12 66 91.75836304399999 1.206
12 67 91.75836304399999 1.206
12 68 91.75836304399999 1.206
12 69 91.75836304399999 1.206
12 70 91.75836304399999 1.206
12 71 91.75836304399999 1.206
12 72 90.40078247 1.269
12 73 90.40078247 1.269
12 74 90.40078247 1.269
12 75 90.40078247 1.269
12 76 90.40078247 1.269
12 77 90.40078247 1.269
12 78 90.40078247 1.269
12 79 90.40078247 1.269
12 80 90.40078247 1.269
12 81 90.40078247 1.269
12 82 90.40078247 1.269
12 83 90.40078247 1.269
12 84 90.40078247 1.269
12 85 90.40078247 1.269
12 86 90.40078247 1.269
12 87 90.40078247 1.269
12 88 91.75836304399999 1.206
12 89 91.75836304399999 1.206
12 90 91.75836304399999 1.206
12 91 91.75836304399999 1.206
12 92 91.75836304399999 1.206
12 93 91.75836304399999 1.206
12 94 91.75836304399999 1.206
12 95 91.75836304399999 1.206
12 96 85.91912963600001 1.2465
12 97 85.91912963600001 1.2465
12 98 85.91912963600001 1.2465
12 99 85.91912963600001 1.2465
12 100 85.91912963600001 1.2465
12 101 85.91912963600001 1.2465
12 102 85.91912963600001 1.2465
12 103 85.91912963600001 1.2465
12 104 85.683088382 1.3079999999999998
12 105 85.683088382 1.3079999999999998
12 106 85.683088382 1.3079999999999998
12 107 85.683088382 1.3079999999999998
12 108 85.683088382 1.3079999999999998
12 109 85.683088382 1.3079999999999998
12 110 85.683088382 1.3079999999999998
12 111 85.683088382 1.3079999999999998
12 112 69.731818844 0.6645
12 113 69.731818844 0.6645
12 114 69.731818844 0.6645
12 115 69.731818844 0.6645
12 116 69.731818844 0.6645
12 117 69.731818844 0.6645
12 118 69.731818844 0.6645
12 119 69.731818844 0.6645
12 120 72.67884643400001 1.002
12 121 72.67884643400001 1.002
12 122 72.67884643400001 1.002
12 123 72.67884643400001 1.002
12 124 72.67884643400001 1.002
12 125 72.67884643400001 1.002
12 126 72.67884643400001 1.002
12 127 72.67884643400001 1.002
13 0 75.747108146 1.1115
13 1 75.747108146 1.1115
13 2 75.747108146 1.1115
13 3 75.747108146 1.1115
13 4 75.747108146 1.1115
13 5 75.747108146 1.1115
13 6 75.747108146 1.1115
13 7 75.747108146 1.1115
13 8 77.44070557399999 1.341
13 9 77.44070557399999 1.341
13 10 77.44070557399999 1.341
13 11 77.44070557399999 1.341
13 12 77.44070557399999 1.341
13 13 77.44070557399999 1.341
13 14 77.44070557399999 1.341
13 15 77.44070557399999 1.341
13 16 82.49381225600001 0.828
13 17 82.49381225600001 0.828
13 18 82.49381225600001 0.828
13 19 82.49381225600001 0.828
13 20 82.49381225600001 0.828
13 21 82.49381225600001 0.828
13 22 82.49381225600001 0.828
13 23 82.49381225600001 0.828
13 24 80.713093262 0.645
13 25 80.713093262 0.645
13 26 80.713093262 0.645
13 27 80.713093262 0.645
13 28 80.713093262 0.645
13 29 80.713093262 0.645
13 30 80.713093262 0.645
13 31 80.713093262 0.645
13 32 83.22467774 1.2315
13 33 83.22467774 1.2315
13 34 83.22467774 1.2315
13 35 83.22467774 1.2315
13 36 83.22467774 1.2315
13 37 83.22467774 1.2315
13 38 83.22467774 1.2315
13 39 83.22467774 1.2315
13 40 85.180573724 1.017
13 41 85.180573724 1.017
13 42 85.180573724 1.017
13 43 85.180573724 1.017
13 44 85.180573724 1.017
13 45 85.180573724 1.017
13 46 85.180573724 1.017
13 47 85.180573724 1.017
13 48 80.713093262 0.645
13 49 80.713093262 0.645
13 50 80.713093262 0.645
13 51 80.713093262 0.645
13 52 80.713093262 0.645
13 53 80.713093262 0.645
13 54 80.713093262 0.645
13 55 80.713093262 0.645
13 56 80.27951783 0.8955
13 57 80.27951783 0.8955
13 58 80.27951783 0.8955
13 59 80.27951783 0.8955
13 60 80.27951783 0.8955
13 61 80.27951783 0.8955
13 62 80.27951783 0.8955
13 63 80.27951783 0.8955
13 64 92.632545158 1.1535
13 65 92.632545158 1.1535
13 66 92.632545158 1.1535
13 67 92.632545158 1.1535
13 68 92.632545158 1.1535
13 69 92.632545158 1.1535
13 70 92.632545158 1.1535
13 71 92.632545158 1.1535
13 72 89.805103754 1.2705
13 73 89.805103754 1.2705
13 74 89.805103754 1.2705
13 75 89.805103754 1.2705
13 76 89.805103754 1.2705
13 77 89.805103754 1.2705
13 78 89.805103754 1.2705
13 79 89.805103754 1.2705
13 80 89.805103754 1.2705
13 81 89.805103754 1.2705
13 82 89.805103754 1.2705
13 83 89.805103754 1.2705
13 84 89.805103754 1.2705
13 85 89.805103754 1.2705
13 86 89.805103754 1.2705
13 87 89.805103754 1.2705
13 88 92.632545158 1.1535
13 89 92.632545158 1.1535
13 90 92.632545158 1.1535
13 91 92.632545158 1.1535
13 92 92.632545158 1.1535
13 93 92.632545158 1.1535
13 94 92.632545158 1.1535
13 95 92.632545158 1.1535
13 96 86.474103998 1.2495
13 97 86.474103998 1.2495
13 98 86.474103998 1.2495
13 99 86.474103998 1.2495
13 100 86.474103998 1.2495
13 101 86.474103998 1.2495
13 102 86.474103998 1.2495
13 103 86.474103998 1.2495
13 104 86.79419067200001 1.3125
13 105 86.79419067200001 1.3125
13 106 86.79419067200001 1.3125
13 107 86.79419067200001 1.3125
13 108 86.79419067200001 1.3125
13 109 86.79419067200001 1.3125
13 110 86.79419067200001 1.3125
13 111 86.79419067200001 1.3125
13 112 68.417359628 1.0995
13 113 68.417359628 1.0995
13 114 68.417359628 1.0995
13 115 68.417359628 1.0995
13 116 68.417359628 1.0995
13 117 68.417359628 1.0995
13 118 68.417359628 1.0995
13 119 68.417359628 1.0995
13 120 72.837434084 0.8264999999999999
13 121 72.837434084 0.8264999999999999
13 122 72.837434084 0.8264999999999999
13 123 72.837434084 0.8264999999999999
13 124 72.837434084 0.8264999999999999
13 125 72.837434084 0.8264999999999999
13 126 72.837434084 0.8264999999999999
13 127 72.837434084 0.8264999999999999
14 0 75.78638427199999 0.87
14 1 75.78638427199999 0.87
14 2 75.78638427199999 0.87
14 3 75.78638427199999 0.87
14 4 75.78638427199999 0.87
14 5 75.78638427199999 0.87
14 6 75.78638427199999 0.87
14 7 75.78638427199999 0.87
14 8 77.87922485 1.272
14 9 77.87922485 1.272
14 10 77.87922485 1.272
14 11 77.87922485 1.272
14 12 77.87922485 1.272
14 13 77.87922485 1.272
14 14 77.87922485 1.272
14 15 77.87922485 1.272
14 16 83.537293694 0.34199999999999997
14 17 83.537293694 0.34199999999999997
14 18 83.537293694 0.34199999999999997
14 19 83.537293694 0.34199999999999997
14 20 83.537293694 0.34199999999999997
14 21 83.537293694 0.34199999999999997
14 22 83.537293694 0.34199999999999997
14 23 83.537293694 0.34199999999999997
14 24 81.374635004 1.1955
14 25 81.374635004 1.1955
14 26 81.374635004 1.1955
14 27 81.374635004 1.1955
14 28 81.374635004 1.1955
14 29 81.374635004 1.1955
14 30 81.374635004 1.1955
14 31 81.374635004 1.1955
14 32 83.37140015 1.0455
14 33 83.37140015 1.0455
14 34 83.37140015 1.0455
14 35 83.37140015 1.0455
14 36 83.37140015 1.0455
14 37 83.37140015 1.0455
14 38 83.37140015 1.0455
14 39 83.37140015 1.0455
14 40 85.363551032 0.951
14 41 85.363551032 0.951
14 42 85.363551032 0.951
14 43 85.363551032 0.951
14 44 85.363551032 0.951
14 45 85.363551032 0.951
14 46 85.363551032 0.951
14 47 85.363551032 0.951
14 48 81.374635004 1.1955
14 49 81.374635004 1.1955
14 50 81.374635004 1.1955
14 51 81.374635004 1.1955
14 52 81.374635004 1.1955
14 53 81.374635004 1.1955
14 54 81.374635004 1.1955
14 55 81.374635004 1.1955
14 56 79.03147094600001 1.0905
14 57 79.03147094600001 1.0905
14 58 79.03147094600001 1.0905
14 59 79.03147094600001 1.0905
14 60 79.03147094600001 1.0905
14 61 79.03147094600001 1.0905
14 62 79.03147094600001 1.0905
14 63 79.03147094600001 1.0905
14 64 92.752076408 1.1085
14 65 92.752076408 1.1085
14 66 92.752076408 1.1085
14 67 92.752076408 1.1085
14 68 92.752076408 1.1085
14 69 92.752076408 1.1085
14 70 92.752076408 1.1085
14 71 92.752076408 1.1085
14 72 89.04781616 1.203
14 73 89.04781616 1.203
14 74 89.04781616 1.203
14 75 89.04781616 1.203
14 76 89.04781616 1.203
14 77 89.04781616 1.203
14 78 89.04781616 1.203
14 79 89.04781616 1.203
14 80 89.04781616 1.203
14 81 89.04781616 1.203
14 82 89.04781616 1.203
14 83 89.04781616 1.203
14 84 89.04781616 1.203
14 85 89.04781616 1.203
14 86 89.04781616 1.203
14 87 89.04781616 1.203
14 88 92.752076408 1.1085
14 89 92.752076408 1.1085
14 90 92.752076408 1.1085
14 91 92.752076408 1.1085
14 92 92.752076408 1.1085
14 93 92.752076408 1.1085
14 94 92.752076408 1.1085
14 95 92.752076408 1.1085
14 96 86.34655273999999 1.1835
14 97 86.34655273999999 1.1835
14 98 86.34655273999999 1.1835
14 99 86.34655273999999 1.1835
14 100 86.34655273999999 1.1835
14 101 86.34655273999999 1.1835
14 102 86.34655273999999 1.1835
14 103 86.34655273999999 1.1835
14 104 87.1784375 1.2495
14 105 87.1784375 1.2495
14 106 87.1784375 1.2495
14 107 87.1784375 1.2495
14 108 87.1784375 1.2495
14 109 87.1784375 1.2495
14 110 87.1784375 1.2495
14 111 87.1784375 1.2495
14 112 68.749805912 0.192
14 113 68.749805912 0.192
14 114 68.749805912 0.192
14 115 68.749805912 0.192
14 116 68.749805912 0.192
14 117 68.749805912 0.192
14 118 68.749805912 0.192
14 119 68.749805912 0.192
14 120 72.67884643400001 0.1545
14 121 72.67884643400001 0.1545
14 122 72.67884643400001 0.1545
14 123 72.67884643400001 0.1545
14 124 72.67884643400001 0.1545
14 125 72.67884643400001 0.1545
14 126 72.67884643400001 0.1545
14 127 72.67884643400001 0.1545
15 0 75.38208740600001 0.501
15 1 75.38208740600001 0.501
15 2 75.38208740600001 0.501
15 3 75.38208740600001 0.501
15 4 75.342921134 0.7889999999999999
15 5 75.342921134 0.7889999999999999
15 6 75.342921134 0.7889999999999999
15 7 75.342921134 0.7889999999999999
15 8 77.442792962 1.14
15 9 77.442792962 1.14
15 10 77.442792962 1.14
15 11 77.442792962 1.14
15 12 77.04827393 0.768
15 13 77.04827393 0.768
15 14 77.04827393 0.768
15 15 77.04827393 0.768
15 16 83.95378539800001 0.8835
15 17 83.95378539800001 0.8835
15 18 83.95378539800001 0.8835
15 19 83.95378539800001 0.8835
15 20 83.06208008600001 0.927
15 21 83.06208008600001 0.927
15 22 83.06208008600001 0.927
15 23 83.06208008600001 0.927
15 24 81.484663082 1.0695
15 25 81.484663082 1.0695
15 26 81.484663082 1.0695
15 27 81.484663082 1.0695
15 28 80.304621584 1.0305
15 29 80.304621584 1.0305
15 30 80.304621584 1.0305
15 31 80.304621584 1.0305
15 32 83.06208008600001 0.927
15 33 83.06208008600001 0.927
15 34 83.06208008600001 0.927
15 35 83.06208008600001 0.927
15 36 83.95378539800001 0.8835
15 37 83.95378539800001 0.8835
15 38 83.95378539800001 0.8835
15 39 83.95378539800001 0.8835
15 40 84.769904786 0.8805
15 41 84.769904786 0.8805
15 42 84.769904786 0.8805
15 43 84.769904786 0.8805
15 44 85.50390137 1.053
15 45 85.50390137 1.053
15 46 85.50390137 1.053
15 47 85.50390137 1.053
15 48 81.484663082 1.0695
15 49 81.484663082 1.0695
15 50 81.484663082 1.0695
15 51 81.484663082 1.0695
15 52 80.304621584 1.0305
15 53 80.304621584 1.0305
15 54 80.304621584 1.0305
15 55 80.304621584 1.0305
15 56 76.462482902 0.7514999999999998
15 57 76.462482902 0.7514999999999998
15 58 76.462482902 0.7514999999999998
15 59 76.462482902 0.7514999999999998
15 60 78.680897222 1.131
15 61 78.680897222 1.131
15 62 78.680897222 1.131
15 63 78.680897222 1.131
15 64 91.932276614 0.9255
15 65 91.932276614 0.9255
15 66 91.932276614 0.9255
15 67 91.932276614 0.9255
15 68 92.52471435800001 1.0845
15 69 92.52471435800001 1.0845
15 70 92.52471435800001 1.0845
15 71 92.52471435800001 1.0845
15 72 87.81701783 0.9764999999999999
15 73 87.81701783 0.9764999999999999
15 74 87.81701783 0.9764999999999999
15 75 87.81701783 0.9764999999999999
15 76 89.219587406 0.9389999999999998
15 77 89.219587406 0.9389999999999998
15 78 89.219587406 0.9389999999999998
15 79 89.219587406 0.9389999999999998
15 80 87.81701783 0.9764999999999999
15 81 87.81701783 0.9764999999999999
15 82 87.81701783 0.9764999999999999
15 83 87.81701783 0.9764999999999999
15 84 89.219587406 0.9389999999999998
15 85 89.219587406 0.9389999999999998
15 86 89.219587406 0.9389999999999998
15 87 89.219587406 0.9389999999999998
15 88 91.932276614 0.9255
15 89 91.932276614 0.9255
15 90 91.932276614 0.9255
15 91 91.932276614 0.9255
15 92 92.52471435800001 1.0845
15 93 92.52471435800001 1.0845
15 94 92.52471435800001 1.0845
15 95 92.52471435800001 1.0845
15 96 85.50390137 1.053
15 97 85.50390137 1.053
15 98 85.50390137 1.053
15 99 85.50390137 1.053
15 100 86.78238036799999 1.122
15 101 86.78238036799999 1.122
15 102 86.78238036799999 1.122
15 103 86.78238036799999 1.122
15 104 86.78238036799999 1.122
15 105 86.78238036799999 1.122
15 106 86.78238036799999 1.122
15 107 86.78238036799999 1.122
15 108 85.50390137 1.053
15 109 85.50390137 1.053
15 110 85.50390137 1.053
15 111 85.50390137 1.053
15 112 70.40039185399999 1.0905
15 113 70.40039185399999 1.0905
15 114 70.40039185399999 1.0905
15 115 70.40039185399999 1.0905
15 116 67.768726802 0.858
15 117 67.768726802 0.858
15 118 67.768726802 0.858
15 119 67.768726802 0.858
15 120 71.74770018800001 0.4605
15 121 71.74770018800001 0.4605
15 122 71.74770018800001 0.4605
15 123 71.74770018800001 0.4605
15 124 72.870338138 1.0455
15 125 72.870338138 1.0455
15 126 72.870338138 1.0455
15 127 72.870338138 1.0455
16 0 74.797559816 0.4005
16 1 74.797559816 0.4005
16 2 74.797559816 0.4005
16 3 74.797559816 0.4005
16 4 74.62359131 0.8745
16 5 74.62359131 0.8745
16 6 74.62359131 0.8745
16 7 74.62359131 0.8745
16 8 76.261488044 0.9539999999999998
16 9 76.261488044 0.9539999999999998
16 10 76.261488044 0.9539999999999998
16 11 76.261488044 0.9539999999999998
16 12 75.824451896 0.7425
16 13 75.824451896 0.7425
16 14 75.824451896 0.7425
16 15 75.824451896 0.7425
16 16 83.602552496 0.7935
16 17 83.602552496 0.7935
16 18 83.602552496 0.7935
16 19 83.602552496 0.7935
16 20 82.373841554 0.792
16 21 82.373841554 0.792
16 22 82.373841554 0.792
16 23 82.373841554 0.792
16 24 80.806037594 0.891
16 25 80.806037594 0.891
16 26 80.806037594 0.891
16 27 80.806037594 0.891
16 28 79.320686036 0.7905
16 29 79.320686036 0.7905
16 30 79.320686036 0.7905
16 31 79.320686036 0.7905
16 32 82.373841554 0.792
16 33 82.373841554 0.792
16 34 82.373841554 0.792
16 35 82.373841554 0.792
16 36 83.602552496 0.7935
16 37 83.602552496 0.7935
16 38 83.602552496 0.7935
16 39 83.602552496 0.7935
16 40 83.433198236 0.732
16 41 83.433198236 0.732
16 42 83.433198236 0.732
16 43 83.433198236 0.732
16 44 84.04436768 0.8714999999999999
16 45 84.04436768 0.8714999999999999
16 46 84.04436768 0.8714999999999999
16 47 84.04436768 0.8714999999999999
16 48 80.806037594 0.891
16 49 80.806037594 0.891
16 50 80.806037594 0.891
16 51 80.806037594 0.891
16 52 79.320686036 0.7905
16 53 79.320686036 0.7905
16 54 79.320686036 0.7905
16 55 79.320686036 0.7905
16 56 73.444044182 0.801
16 57 73.444044182 0.801
16 58 73.444044182 0.801
16 59 73.444044182 0.801
16 60 77.971125488 0.9464999999999999
16 61 77.971125488 0.9464999999999999
16 62 77.971125488 0.9464999999999999
16 63 77.971125488 0.9464999999999999
16 64 90.474940184 0.8385
16 65 90.474940184 0.8385
16 66 90.474940184 0.8385
16 67 90.474940184 0.8385
16 68 91.181745608 0.9045
16 69 91.181745608 0.9045
16 70 91.181745608 0.9045
16 71 91.181745608 0.9045
16 72 86.11633423399999 0.6914999999999999
16 73 86.11633423399999 0.6914999999999999
16 74 86.11633423399999 0.6914999999999999
16 75 86.11633423399999 0.6914999999999999
16 76 88.21499756 0.7725
16 77 88.21499756 0.7725
16 78 88.21499756 0.7725
16 79 88.21499756 0.7725
16 80 86.11633423399999 0.6914999999999999
16 81 86.11633423399999 0.6914999999999999
16 82 86.11633423399999 0.6914999999999999
16 83 86.11633423399999 0.6914999999999999
16 84 88.21499756 0.7725
16 85 88.21499756 0.7725
16 86 88.21499756 0.7725
16 87 88.21499756 0.7725
16 88 90.474940184 0.8385
16 89 90.474940184 0.8385
16 90 90.474940184 0.8385
16 91 90.474940184 0.8385
16 92 91.181745608 0.9045
16 93 91.181745608 0.9045
16 94 91.181745608 0.9045
16 95 91.181745608 0.9045
16 96 84.04436768 0.8714999999999999
16 97 84.04436768 0.8714999999999999
16 98 84.04436768 0.8714999999999999
16 99 84.04436768 0.8714999999999999
16 100 85.67968262 0.9405
16 101 85.67968262 0.9405
16 102 85.67968262 0.9405
16 103 85.67968262 0.9405
16 104 85.67968262 0.9405
16 105 85.67968262 0.9405
16 106 85.67968262 0.9405
16 107 85.67968262 0.9405
16 108 84.04436768 0.8714999999999999
16 109 84.04436768 0.8714999999999999
16 110 84.04436768 0.8714999999999999
16 111 84.04436768 0.8714999999999999
16 112 71.35603759400001 0.921
16 113 71.35603759400001 0.921
16 114 71.35603759400001 0.921
16 115 71.35603759400001 0.921
16 116 66.445368656 0.72
16 117 66.445368656 0.72
16 118 66.445368656 0.72
16 119 66.445368656 0.72
16 120 70.162592774 0.5295
16 121 70.162592774 0.5295
16 122 70.162592774 0.5295
16 123 70.162592774 0.5295
16 124 72.26944091600001 0.861
16 125 72.26944091600001 0.861
16 126 72.26944091600001 0.861
16 127 72.26944091600001 0.861
17 0 74.318500976 0.37949999999999995
17 1 74.318500976 0.37949999999999995
17 2 74.318500976 0.37949999999999995
17 3 74.318500976 0.37949999999999995
17 4 73.5768689 0.5865
17 5 73.5768689 0.5865
17 6 73.5768689 0.5865
17 7 73.5768689 0.5865
17 8 74.417158202 0.7305
17 9 74.417158202 0.7305
17 10 74.417158202 0.7305
17 11 74.417158202 0.7305
17 12 74.474946284 0.585
17 13 74.474946284 0.585
17 14 74.474946284 0.585
17 15 74.474946284 0.585
17 16 82.247114264 0.6614999999999999
17 17 82.247114264 0.6614999999999999
17 18 82.247114264 0.6614999999999999
17 19 82.247114264 0.6614999999999999
17 20 81.11469848 0.5775
17 21 81.11469848 0.5775
17 22 81.11469848 0.5775
17 23 81.11469848 0.5775
17 24 79.495093994 0.672
17 25 79.495093994 0.672
17 26 79.495093994 0.672
17 27 79.495093994 0.672
17 28 78.350098874 0.312
17 29 78.350098874 0.312
17 30 78.350098874 0.312
17 31 78.350098874 0.312
17 32 81.11469848 0.5775
17 33 81.11469848 0.5775
17 34 81.11469848 0.5775
17 35 81.11469848 0.5775
17 36 82.247114264 0.6614999999999999
17 37 82.247114264 0.6614999999999999
17 38 82.247114264 0.6614999999999999
17 39 82.247114264 0.6614999999999999
17 40 81.7284497 0.573
17 41 81.7284497 0.573
17 42 81.7284497 0.573
17 43 81.7284497 0.573
17 44 82.03820923399999 0.6525
17 45 82.03820923399999 0.6525
17 46 82.03820923399999 0.6525
17 47 82.03820923399999 0.6525
17 48 79.495093994 0.672
17 49 79.495093994 0.672
17 50 79.495093994 0.672
17 51 79.495093994 0.672
17 52 78.350098874 0.312
17 53 78.350098874 0.312
17 54 78.350098874 0.312
17 55 78.350098874 0.312
17 56 70.49564331799999 0.336
17 57 70.49564331799999 0.336
17 58 70.49564331799999 0.336
17 59 70.49564331799999 0.336
17 60 76.54109009 0.7245
17 61 76.54109009 0.7245
17 62 76.54109009 0.7245
17 63 76.54109009 0.7245
17 64 88.51695679400001 0.711
17 65 88.51695679400001 0.711
17 66 88.51695679400001 0.711
17 67 88.51695679400001 0.711
17 68 88.94932372400001 0.6914999999999999
17 69 88.94932372400001 0.6914999999999999
17 70 88.94932372400001 0.6914999999999999
17 71 88.94932372400001 0.6914999999999999
17 72 84.19900024399999 0.6614999999999999
17 73 84.19900024399999 0.6614999999999999
17 74 84.19900024399999 0.6614999999999999
17 75 84.19900024399999 0.6614999999999999
17 76 86.534034422 0.5835
17 77 86.534034422 0.5835
17 78 86.534034422 0.5835
17 79 86.534034422 0.5835
17 80 84.19900024399999 0.6614999999999999
17 81 84.19900024399999 0.6614999999999999
17 82 84.19900024399999 0.6614999999999999
17 83 84.19900024399999 0.6614999999999999
17 84 86.534034422 0.5835
17 85 86.534034422 0.5835
17 86 86.534034422 0.5835
17 87 86.534034422 0.5835
17 88 88.51695679400001 0.711
17 89 88.51695679400001 0.711
17 90 88.51695679400001 0.711
17 91 88.51695679400001 0.711
17 92 88.94932372400001 0.6914999999999999
17 93 88.94932372400001 0.6914999999999999
17 94 88.94932372400001 0.6914999999999999
17 95 88.94932372400001 0.6914999999999999
17 96 82.03820923399999 0.6525
17 97 82.03820923399999 0.6525
17 98 82.03820923399999 0.6525
17 99 82.03820923399999 0.6525
17 100 83.968397222 0.7214999999999999
17 101 83.968397222 0.7214999999999999
17 102 83.968397222 0.7214999999999999
17 103 83.968397222 0.7214999999999999
17 104 83.968397222 0.7214999999999999
17 105 83.968397222 0.7214999999999999
17 106 83.968397222 0.7214999999999999
17 107 83.968397222 0.7214999999999999
17 108 82.03820923399999 0.6525
17 109 82.03820923399999 0.6525
17 110 82.03820923399999 0.6525
17 111 82.03820923399999 0.6525
17 112 70.94421509 0.711
17 113 70.94421509 0.711
17 114 70.94421509 0.711
17 115 70.94421509 0.711
17 116 65.27235839 0.1485
17 117 65.27235839 0.1485
17 118 65.27235839 0.1485
17 119 65.27235839 0.1485
17 120 68.17110107 0.504
17 121 68.17110107 0.504
17 122 68.17110107 0.504
17 123 68.17110107 0.504
17 124 71.07182128400001 0.639
17 125 71.07182128400001 0.639
17 126 71.07182128400001 0.639
17 127 71.07182128400001 0.639
18 0 72.874512932 0.0345
18 1 72.874512932 0.0345
18 2 71.90843018000001 0.49199999999999994
18 3 71.90843018000001 0.49199999999999994
18 4 72.34156616 0.408
18 5 72.34156616 0.408
18 6 71.85959594600001 0.444
18 7 71.85959594600001 0.444
18 8 71.90843018000001 0.49199999999999994
18 9 71.90843018000001 0.49199999999999994
18 10 73.09385497400001 0.2925
18 11 73.09385497400001 0.2925
18 12 73.09385497400001 0.2925
18 13 73.09385497400001 0.2925
18 14 71.90843018000001 0.49199999999999994
18 15 71.90843018000001 0.49199999999999994
18 16 79.653956306 0.429
18 17 79.653956306 0.429
18 18 79.270972898 0.4185
18 19 79.270972898 0.4185
18 20 79.24592408000001 0.021
18 21 79.24592408000001 0.021
18 22 79.549146734 0.3465
18 23 79.549146734 0.3465
18 24 77.552326652 0.4425
18 25 77.552326652 0.4425
18 26 76.48280762 0.4305
18 27 76.48280762 0.4305
18 28 76.924567868 0.363
18 29 76.924567868 0.363
18 30 76.48280762 0.4305
18 31 76.48280762 0.4305
18 32 79.24592408000001 0.021
18 33 79.24592408000001 0.021
18 34 79.549146734 0.3465
18 35 79.549146734 0.3465
18 36 79.653956306 0.429
18 37 79.653956306 0.429
18 38 79.270972898 0.4185
18 39 79.270972898 0.4185
18 40 79.549146734 0.3465
18 41 79.549146734 0.3465
18 42 79.270972898 0.4185
18 43 79.270972898 0.4185
18 44 79.270972898 0.4185
18 45 79.270972898 0.4185
18 46 79.653956306 0.429
18 47 79.653956306 0.429
18 48 77.552326652 0.4425
18 49 77.552326652 0.4425
18 50 76.48280762 0.4305
18 51 76.48280762 0.4305
18 52 76.924567868 0.363
18 53 76.924567868 0.363
18 54 76.48280762 0.4305
18 55 76.48280762 0.4305
18 56 67.896772466 0.38699999999999996
18 57 67.896772466 0.38699999999999996
18 58 69.523627928 0.48
18 59 69.523627928 0.48
18 60 74.186665034 0.486
18 61 74.186665034 0.486
18 62 76.924567868 0.363
18 63 76.924567868 0.363
18 64 85.91451537200001 0.4365
18 65 85.91451537200001 0.4365
18 66 85.956428228 0.46199999999999997
18 67 85.956428228 0.46199999999999997
18 68 85.956428228 0.46199999999999997
18 69 85.956428228 0.46199999999999997
18 70 85.91451537200001 0.4365
18 71 85.91451537200001 0.4365
18 72 81.98811158000001 0.2805
18 73 81.98811158000001 0.2805
18 74 81.716639396 0.486
18 75 81.716639396 0.486
18 76 83.81425902800001 0.3435
18 77 83.81425902800001 0.3435
18 78 85.91451537200001 0.4365
18 79 85.91451537200001 0.4365
18 80 81.98811158000001 0.2805
18 81 81.98811158000001 0.2805
18 82 81.716639396 0.486
18 83 81.716639396 0.486
18 84 83.81425902800001 0.3435
18 85 83.81425902800001 0.3435
18 86 85.91451537200001 0.4365
18 87 85.91451537200001 0.4365
18 88 85.91451537200001 0.4365
18 89 85.91451537200001 0.4365
18 90 85.956428228 0.46199999999999997
18 91 85.956428228 0.46199999999999997
18 92 85.956428228 0.46199999999999997
18 93 85.956428228 0.46199999999999997
18 94 85.91451537200001 0.4365
18 95 85.91451537200001 0.4365
18 96 79.270972898 0.4185
18 97 79.270972898 0.4185
18 98 79.653956306 0.429
18 99 79.653956306 0.429
18 100 81.716639396 0.486
18 101 81.716639396 0.486
18 102 81.98811158000001 0.2805
18 103 81.98811158000001 0.2805
18 104 81.716639396 0.486
18 105 81.716639396 0.486
18 106 81.98811158000001 0.2805
18 107 81.98811158000001 0.2805
18 108 79.270972898 0.4185
18 109 79.270972898 0.4185
18 110 79.653956306 0.429
18 111 79.653956306 0.429
18 112 69.523627928 0.48
18 113 69.523627928 0.48
18 114 68.913172616 0.4035
18 115 68.913172616 0.4035
18 116 63.9393872 0.06
18 117 63.9393872 0.06
18 118 65.989930424 0.48
18 119 65.989930424 0.48
18 120 65.989930424 0.48
18 121 65.989930424 0.48
18 122 67.69061402 0.441
18 123 67.69061402 0.441
18 124 68.913172616 0.4035
18 125 68.913172616 0.4035
18 126 69.523627928 0.48
18 127 69.523627928 0.48
19 0 69.83080566800001 0.192
19 1 69.83080566800001 0.192
19 2 68.583802496 0.261
19 3 68.583802496 0.261
19 4 70.885438232 0.21
19 5 70.885438232 0.21
19 6 68.713825676 0.219
19 7 68.713825676 0.219
19 8 68.583802496 0.261
19 9 68.583802496 0.261
19 10 71.638166498 0.213
19 11 71.638166498 0.213
19 12 71.638166498 0.213
19 13 71.638166498 0.213
19 14 68.583802496 0.261
19 15 68.583802496 0.261
19 16 75.927558596 0.20849999999999996
19 17 75.927558596 0.20849999999999996
19 18 75.352424324 0.1965
19 19 75.352424324 0.1965
19 20 76.79663207600001 0.159
19 21 76.79663207600001 0.159
19 22 76.34108399 0.2445
19 23 76.34108399 0.2445
19 24 75.033491216 0.17849999999999996
19 25 75.033491216 0.17849999999999996
19 26 73.189875488 0.2055
19 27 73.189875488 0.2055
19 28 74.91148804400001 0.012
19 29 74.91148804400001 0.012
19 30 73.189875488 0.2055
19 31 73.189875488 0.2055
19 32 76.79663207600001 0.159
19 33 76.79663207600001 0.159
19 34 76.34108399 0.2445
19 35 76.34108399 0.2445
19 36 75.927558596 0.20849999999999996
19 37 75.927558596 0.20849999999999996
19 38 75.352424324 0.1965
19 39 75.352424324 0.1965
19 40 76.34108399 0.2445
19 41 76.34108399 0.2445
19 42 75.352424324 0.1965
19 43 75.352424324 0.1965
19 44 75.352424324 0.1965
19 45 75.352424324 0.1965
19 46 75.927558596 0.20849999999999996
19 47 75.927558596 0.20849999999999996
19 48 75.033491216 0.17849999999999996
19 49 75.033491216 0.17849999999999996
19 50 73.189875488 0.2055
19 51 73.189875488 0.2055
19 52 74.91148804400001 0.012
19 53 74.91148804400001 0.012
19 54 73.189875488 0.2055
19 55 73.189875488 0.2055
19 56 65.109046622 0.2205
19 57 65.109046622 0.2205
19 58 67.320374756 0.2565
19 59 67.320374756 0.2565
19 60 70.7034497 0.2565
19 61 70.7034497 0.2565
19 62 74.91148804400001 0.012
19 63 74.91148804400001 0.012
19 64 82.172846678 0.252
19 65 82.172846678 0.252
19 66 81.563874512 0.2415
19 67 81.563874512 0.2415
19 68 81.563874512 0.2415
19 69 81.563874512 0.2415
19 70 82.172846678 0.252
19 71 82.172846678 0.252
19 72 79.45889405 0.0285
19 73 79.45889405 0.0285
19 74 78.14075439199999 0.2595
19 75 78.14075439199999 0.2595
19 76 80.311817624 0.1485
19 77 80.311817624 0.1485
19 78 82.172846678 0.252
19 79 82.172846678 0.252
19 80 79.45889405 0.0285
19 81 79.45889405 0.0285
19 82 78.14075439199999 0.2595
19 83 78.14075439199999 0.2595
19 84 80.311817624 0.1485
19 85 80.311817624 0.1485
19 86 82.172846678 0.252
19 87 82.172846678 0.252
19 88 82.172846678 0.252
19 89 82.172846678 0.252
19 90 81.563874512 0.2415
19 91 81.563874512 0.2415
19 92 81.563874512 0.2415
19 93 81.563874512 0.2415
19 94 82.172846678 0.252
19 95 82.172846678 0.252
19 96 75.352424324 0.1965
19 97 75.352424324 0.1965
19 98 75.927558596 0.20849999999999996
19 99 75.927558596 0.20849999999999996
19 100 78.14075439199999 0.2595
19 101 78.14075439199999 0.2595
19 102 79.45889405 0.0285
19 103 79.45889405 0.0285
19 104 78.14075439199999 0.2595
19 105 78.14075439199999 0.2595
19 106 79.45889405 0.0285
19 107 79.45889405 0.0285
19 108 75.352424324 0.1965
19 109 75.352424324 0.1965
19 110 75.927558596 0.20849999999999996
19 111 75.927558596 0.20849999999999996
19 112 67.320374756 0.2565
19 113 67.320374756 0.2565
19 114 65.84820679399999 0.18
19 115 65.84820679399999 0.18
19 116 62.495948479999996 0.1515
19 117 62.495948479999996 0.1515
19 118 63.441376952 0.213
19 119 63.441376952 0.213
19 120 63.441376952 0.213
19 121 63.441376952 0.213
19 122 65.111848142 0.219
19 123 65.111848142 0.219
19 124 65.84820679399999 0.18
19 125 65.84820679399999 0.18
19 126 67.320374756 0.2565
19 127 67.320374756 0.2565
20 0 67.273353266 0.033
20 1 67.273353266 0.033
20 2 65.693244632 0.0735
20 3 65.693244632 0.0735
20 4 69.563398442 0.051
20 5 69.563398442 0.051
20 6 66.505024418 0.0435
20 7 66.505024418 0.0435
20 8 65.693244632 0.0735
20 9 65.693244632 0.0735
20 10 70.22807128400001 0.0525
20 11 70.22807128400001 0.0525
20 12 70.22807128400001 0.0525
20 13 70.22807128400001 0.0525
20 14 65.693244632 0.0735
20 15 65.693244632 0.0735
20 16 72.47938964 0.039
20 17 72.47938964 0.039
20 18 71.734022222 0.0285
20 19 71.734022222 0.0285
20 20 74.446931156 0.0285
20 21 74.446931156 0.0285
20 22 73.065675056 0.0705
20 23 73.065675056 0.0705
20 24 72.733063964 0.0525
20 25 72.733063964 0.0525
20 26 71.021778566 0.0345
20 27 71.021778566 0.0345
20 28 73.002943112 0.003
20 29 73.002943112 0.003
20 30 71.021778566 0.0345
20 31 71.021778566 0.0345
20 32 74.446931156 0.0285
20 33 74.446931156 0.0285
20 34 73.065675056 0.0705
20 35 73.065675056 0.0705
20 36 72.47938964 0.039
20 37 72.47938964 0.039
20 38 71.734022222 0.0285
20 39 71.734022222 0.0285
20 40 73.065675056 0.0705
20 41 73.065675056 0.0705
20 42 71.734022222 0.0285
20 43 71.734022222 0.0285
20 44 71.734022222 0.0285
20 45 71.734022222 0.0285
20 46 72.47938964 0.039
20 47 72.47938964 0.039
20 48 72.733063964 0.0525
20 49 72.733063964 0.0525
20 50 71.021778566 0.0345
20 51 71.021778566 0.0345
20 52 73.002943112 0.003
20 53 73.002943112 0.003
20 54 71.021778566 0.0345
20 55 71.021778566 0.0345
20 56 62.08484009 0.0705
20 57 62.08484009 0.0705
20 58 65.756745608 0.072
20 59 65.756745608 0.072
20 60 67.732307132 0.069
20 61 67.732307132 0.069
20 62 73.002943112 0.003
20 63 73.002943112 0.003
20 64 78.70435302199999 0.072
20 65 78.70435302199999 0.072
20 66 76.99696777400001 0.0645
20 67 76.99696777400001 0.0645
20 68 76.99696777400001 0.0645
20 69 76.99696777400001 0.0645
20 70 78.70435302199999 0.072
20 71 78.70435302199999 0.072
20 72 77.01207396800001 0.006
20 73 77.01207396800001 0.006
20 74 74.8175 0.075
20 75 74.8175 0.075
20 76 77.64065673799999 0.0225
20 77 77.64065673799999 0.0225
20 78 78.70435302199999 0.072
20 79 78.70435302199999 0.072
20 80 77.01207396800001 0.006
20 81 77.01207396800001 0.006
20 82 74.8175 0.075
20 83 74.8175 0.075
20 84 77.64065673799999 0.0225
20 85 77.64065673799999 0.0225
20 86 78.70435302199999 0.072
20 87 78.70435302199999 0.072
20 88 78.70435302199999 0.072
20 89 78.70435302199999 0.072
20 90 76.99696777400001 0.0645
20 91 76.99696777400001 0.0645
20 92 76.99696777400001 0.0645
20 93 76.99696777400001 0.0645
20 94 78.70435302199999 0.072
20 95 78.70435302199999 0.072
20 96 71.734022222 0.0285
20 97 71.734022222 0.0285
20 98 72.47938964 0.039
20 99 72.47938964 0.039
20 100 74.8175 0.075
20 101 74.8175 0.075
20 102 77.01207396800001 0.006
20 103 77.01207396800001 0.006
20 104 74.8175 0.075
20 105 74.8175 0.075
20 106 77.01207396800001 0.006
20 107 77.01207396800001 0.006
20 108 71.734022222 0.0285
20 109 71.734022222 0.0285
20 110 72.47938964 0.039
20 111 72.47938964 0.039
20 112 65.756745608 0.072
20 113 65.756745608 0.072
20 114 63.201820064 0.0195
20 115 63.201820064 0.0195
20 116 61.28025634400001 0.0195
20 117 61.28025634400001 0.0195
20 118 60.646564940000005 0.06
20 119 60.646564940000005 0.06
20 120 60.646564940000005 0.06
20 121 60.646564940000005 0.06
20 122 62.506440428000005 0.045
20 123 62.506440428000005 0.045
20 124 63.201820064 0.0195
20 125 63.201820064 0.0195
20 126 65.756745608 0.072
20 127 65.756745608 0.072
21 0 65.881495364 0.0
21 1 66.2753003 0.0
21 2 63.750037838 0.0
21 3 64.954084478 0.0
21 4 68.67103393400001 0.0
21 5 68.448560792 0.0
21 6 65.608485116 0.0
21 7 64.895856926 0.0
21 8 63.750037838 0.0
21 9 64.954084478 0.0
21 10 69.103620608 0.0
21 11 68.67103393400001 0.0
21 12 69.103620608 0.0
21 13 68.67103393400001 0.0
21 14 63.750037838 0.0
21 15 64.954084478 0.0
21 16 70.27750976 0.0
21 17 70.97843750000001 0.0
21 18 69.507368168 0.0
21 19 70.106068112 0.0
21 20 72.930378416 0.0
21 21 73.350660398 0.0
21 22 70.99244506400001 0.0
21 23 71.224256588 0.0
21 24 70.97843750000001 0.0
21 25 70.27750976 0.0
21 26 70.106068112 0.0
21 27 69.507368168 0.0
21 28 71.224256588 0.0
21 29 70.99244506400001 0.0
21 30 70.106068112 0.0
21 31 69.507368168 0.0
21 32 72.930378416 0.0
21 33 73.350660398 0.0
21 34 70.99244506400001 0.0
21 35 71.224256588 0.0
21 36 70.27750976 0.0
21 37 70.97843750000001 0.0
21 38 69.507368168 0.0
21 39 70.106068112 0.0
21 40 70.99244506400001 0.0
21 41 71.224256588 0.0
21 42 69.507368168 0.0
21 43 70.106068112 0.0
21 44 69.507368168 0.0
21 45 70.106068112 0.0
21 46 70.27750976 0.0
21 47 70.97843750000001 0.0
21 48 70.97843750000001 0.0
21 49 70.27750976 0.0
21 50 70.106068112 0.0
21 51 69.507368168 0.0
21 52 71.224256588 0.0
21 53 70.99244506400001 0.0
21 54 70.106068112 0.0
21 55 69.507368168 0.0
21 56 59.81264771 0.0
21 57 60.689741216 0.0
21 58 64.954084478 0.0
21 59 64.642292474 0.0
21 60 66.2753003 0.0
21 61 65.881495364 0.0
21 62 71.224256588 0.0
21 63 70.99244506400001 0.0
21 64 76.970545646 0.0
21 65 75.84329345 0.0
21 66 74.14343384 0.0
21 67 75.119953622 0.0
21 68 74.14343384 0.0
21 69 75.119953622 0.0
21 70 76.970545646 0.0
21 71 75.84329345 0.0
21 72 75.119953622 0.0
21 73 74.14343384 0.0
21 74 73.350660398 0.0
21 75 72.930378416 0.0
21 76 75.84329345 0.0
21 77 75.119953622 0.0
21 78 76.970545646 0.0
21 79 75.84329345 0.0
21 80 75.119953622 0.0
21 81 74.14343384 0.0
21 82 73.350660398 0.0
21 83 72.930378416 0.0
21 84 75.84329345 0.0
21 85 75.119953622 0.0
21 86 76.970545646 0.0
21 87 75.84329345 0.0
21 88 76.970545646 0.0
21 89 75.84329345 0.0
21 90 74.14343384 0.0
21 91 75.119953622 0.0
21 92 74.14343384 0.0
21 93 75.119953622 0.0
21 94 76.970545646 0.0
21 95 75.84329345 0.0
21 96 69.507368168 0.0
21 97 70.106068112 0.0
21 98 70.27750976 0.0
21 99 70.97843750000001 0.0
21 100 73.350660398 0.0
21 101 72.930378416 0.0
21 102 75.119953622 0.0
21 103 74.14343384 0.0
21 104 73.350660398 0.0
21 105 72.930378416 0.0
21 106 75.119953622 0.0
21 107 74.14343384 0.0
21 108 69.507368168 0.0
21 109 70.106068112 0.0
21 110 70.27750976 0.0
21 111 70.97843750000001 0.0
21 112 64.954084478 0.0
21 113 64.642292474 0.0
21 114 61.492292474 0.0
21 115 60.689741216 0.0
21 116 60.356361092 0.0
21 117 58.551856682 0.0
21 118 58.551856682 0.0
21 119 60.356361092 0.0
21 120 58.551856682 0.0
21 121 60.356361092 0.0
21 122 60.689741216 0.0
21 123 59.81264771 0.0
21 124 61.492292474 0.0
21 125 60.689741216 0.0
21 126 64.954084478 0.0
21 127 64.642292474 0.0
22 0 64.720515128 0.0
22 1 65.269117436 0.0
22 2 61.91977051400001 0.0
22 3 64.00426146800001 0.0
22 4 67.89655274 0.0
22 5 67.70819213600001 0.0
22 6 64.31418579199999 0.0
22 7 63.792719726 0.0
22 8 61.91977051400001 0.0
22 9 64.00426146800001 0.0
22 10 68.189503172 0.0
22 11 67.89655274 0.0
22 12 68.189503172 0.0
22 13 67.89655274 0.0
22 14 61.91977051400001 0.0
22 15 64.00426146800001 0.0
22 16 68.661311036 0.0
22 17 69.537745364 0.0
22 18 67.80608033 0.0
22 19 68.955744632 0.0
22 20 71.67535521799999 0.0
22 21 72.161005856 0.0
22 22 69.58998536000001 0.0
22 23 69.21342896 0.0
22 24 69.537745364 0.0
22 25 68.661311036 0.0
22 26 68.955744632 0.0
22 27 67.80608033 0.0
22 28 69.21342896 0.0
22 29 69.58998536000001 0.0
22 30 68.955744632 0.0
22 31 67.80608033 0.0
22 32 71.67535521799999 0.0
22 33 72.161005856 0.0
22 34 69.58998536000001 0.0
22 35 69.21342896 0.0
22 36 68.661311036 0.0
22 37 69.537745364 0.0
22 38 67.80608033 0.0
22 39 68.955744632 0.0
22 40 69.58998536000001 0.0
22 41 69.21342896 0.0
22 42 67.80608033 0.0
22 43 68.955744632 0.0
22 44 67.80608033 0.0
22 45 68.955744632 0.0
22 46 68.661311036 0.0
22 47 69.537745364 0.0
22 48 69.537745364 0.0
22 49 68.661311036 0.0
22 50 68.955744632 0.0
22 51 67.80608033 0.0
22 52 69.21342896 0.0
22 53 69.58998536000001 0.0
22 54 68.955744632 0.0
22 55 67.80608033 0.0
22 56 58.241273198 0.0
22 57 59.427906494 0.0
22 58 64.00426146800001 0.0
22 59 63.45296753 0.0
22 60 65.269117436 0.0
22 61 64.720515128 0.0
22 62 69.21342896 0.0
22 63 69.58998536000001 0.0
22 64 75.92717408 0.0
22 65 73.980177008 0.0
22 66 72.457142342 0.0
22 67 73.606367192 0.0
22 68 72.457142342 0.0
22 69 73.606367192 0.0
22 70 75.92717408 0.0
22 71 73.980177008 0.0
22 72 73.606367192 0.0
22 73 72.457142342 0.0
22 74 72.161005856 0.0
22 75 71.67535521799999 0.0
22 76 73.980177008 0.0
22 77 73.606367192 0.0
22 78 75.92717408 0.0
22 79 73.980177008 0.0
22 80 73.606367192 0.0
22 81 72.457142342 0.0
22 82 72.161005856 0.0
22 83 71.67535521799999 0.0
22 84 73.980177008 0.0
22 85 73.606367192 0.0
22 86 75.92717408 0.0
22 87 73.980177008 0.0
22 88 75.92717408 0.0
22 89 73.980177008 0.0
22 90 72.457142342 0.0
22 91 73.606367192 0.0
22 92 72.457142342 0.0
22 93 73.606367192 0.0
22 94 75.92717408 0.0
22 95 73.980177008 0.0
22 96 67.80608033 0.0
22 97 68.955744632 0.0
22 98 68.661311036 0.0
22 99 69.537745364 0.0
22 100 72.161005856 0.0
22 101 71.67535521799999 0.0
22 102 73.606367192 0.0
22 103 72.457142342 0.0
22 104 72.161005856 0.0
22 105 71.67535521799999 0.0
22 106 73.606367192 0.0
22 107 72.457142342 0.0
22 108 67.80608033 0.0
22 109 68.955744632 0.0
22 110 68.661311036 0.0
22 111 69.537745364 0.0
22 112 64.00426146800001 0.0
22 113 63.45296753 0.0
22 114 60.047645270000004 0.0
22 115 59.427906494 0.0
22 116 59.593250732 0.0
22 117 57.261622316 0.0
22 118 57.261622316 0.0
22 119 59.593250732 0.0
22 120 57.261622316 0.0
22 121 59.593250732 0.0
22 122 59.427906494 0.0
22 123 58.241273198 0.0
22 124 60.047645270000004 0.0
22 125 59.427906494 0.0
22 126 64.00426146800001 0.0
22 127 63.45296753 0.0
23 0 63.665662838 0.0
23 1 64.24376342 0.0
23 2 60.426398930000005 0.0
23 3 63.104591066 0.0
23 4 67.039509272 0.0
23 5 66.87125366000001 0.0
23 6 62.659150394 0.0
23 7 62.58773926400001 0.0
23 8 60.426398930000005 0.0
23 9 63.104591066 0.0
23 10 67.42809570200001 0.0
23 11 67.039509272 0.0
23 12 67.42809570200001 0.0
23 13 67.039509272 0.0
23 14 60.426398930000005 0.0
23 15 63.104591066 0.0
23 16 67.27747314199999 0.0
23 17 68.362318112 0.0
23 18 66.29364746600001 0.0
23 19 67.439466554 0.0
23 20 70.39967774 0.0
23 21 70.688343506 0.0
23 22 68.27997558199999 0.0
23 23 67.00874756 0.0
23 24 68.362318112 0.0
23 25 67.27747314199999 0.0
23 26 67.439466554 0.0
23 27 66.29364746600001 0.0
23 28 67.00874756 0.0
23 29 68.27997558199999 0.0
23 30 67.439466554 0.0
23 31 66.29364746600001 0.0
23 32 70.39967774 0.0
23 33 70.688343506 0.0
23 34 68.27997558199999 0.0
23 35 67.00874756 0.0
23 36 67.27747314199999 0.0
23 37 68.362318112 0.0
23 38 66.29364746600001 0.0
23 39 67.439466554 0.0
23 40 68.27997558199999 0.0
23 41 67.00874756 0.0
23 42 66.29364746600001 0.0
23 43 67.439466554 0.0
23 44 66.29364746600001 0.0
23 45 67.439466554 0.0
23 46 67.27747314199999 0.0
23 47 68.362318112 0.0
23 48 68.362318112 0.0
23 49 67.27747314199999 0.0
23 50 67.439466554 0.0
23 51 66.29364746600001 0.0
23 52 67.00874756 0.0
23 53 68.27997558199999 0.0
23 54 67.439466554 0.0
23 55 66.29364746600001 0.0
23 56 56.695661618 0.0
23 57 58.363056644 0.0
23 58 63.104591066 0.0
23 59 62.048640128 0.0
23 60 64.24376342 0.0
23 61 63.665662838 0.0
23 62 67.00874756 0.0
23 63 68.27997558199999 0.0
23 64 74.878474118 0.0
23 65 72.182264396 0.0
23 66 71.095881344 0.0
23 67 72.238349606 0.0
23 68 71.095881344 0.0
23 69 72.238349606 0.0
23 70 74.878474118 0.0
23 71 72.182264396 0.0
23 72 72.238349606 0.0
23 73 71.095881344 0.0
23 74 70.688343506 0.0
23 75 70.39967774 0.0
23 76 72.182264396 0.0
23 77 72.238349606 0.0
23 78 74.878474118 0.0
23 79 72.182264396 0.0
23 80 72.238349606 0.0
23 81 71.095881344 0.0
23 82 70.688343506 0.0
23 83 70.39967774 0.0
23 84 72.182264396 0.0
23 85 72.238349606 0.0
23 86 74.878474118 0.0
23 87 72.182264396 0.0
23 88 74.878474118 0.0
23 89 72.182264396 0.0
23 90 71.095881344 0.0
23 91 72.238349606 0.0
23 92 71.095881344 0.0
23 93 72.238349606 0.0
23 94 74.878474118 0.0
23 95 72.182264396 0.0
23 96 66.29364746600001 0.0
23 97 67.439466554 0.0
23 98 67.27747314199999 0.0
23 99 68.362318112 0.0
23 100 70.688343506 0.0
23 101 70.39967774 0.0
23 102 72.238349606 0.0
23 103 71.095881344 0.0
23 104 70.688343506 0.0
23 105 70.39967774 0.0
23 106 72.238349606 0.0
23 107 71.095881344 0.0
23 108 66.29364746600001 0.0
23 109 67.439466554 0.0
23 110 67.27747314199999 0.0
23 111 68.362318112 0.0
23 112 63.104591066 0.0
23 113 62.048640128 0.0
23 114 58.677430424 0.0
23 115 58.363056644 0.0
23 116 59.023664546 0.0
23 117 56.22313964 0.0
23 118 56.22313964 0.0
23 119 59.023664546 0.0
23 120 56.22313964 0.0
23 121 59.023664546 0.0
23 122 58.363056644 0.0
23 123 56.695661618 0.0
23 124 58.677430424 0.0
23 125 58.363056644 0.0
23 126 63.104591066 0.0
23 127 62.048640128 0.0
