time period scenario temperature renewable energy
0 0 67.28016479 0.0
0 1 67.28016479 0.0
0 2 67.28016479 0.0
0 3 67.28016479 0.0
0 4 67.28016479 0.0
0 5 67.28016479 0.0
0 6 67.28016479 0.0
0 7 67.28016479 0.0
0 8 67.28016479 0.0
0 9 67.28016479 0.0
0 10 67.28016479 0.0
0 11 67.28016479 0.0
0 12 67.28016479 0.0
0 13 67.28016479 0.0
0 14 67.28016479 0.0
0 15 67.28016479 0.0
0 16 67.28016479 0.0
0 17 67.28016479 0.0
0 18 67.28016479 0.0
0 19 67.28016479 0.0
0 20 67.28016479 0.0
0 21 67.28016479 0.0
0 22 67.28016479 0.0
0 23 67.28016479 0.0
0 24 67.28016479 0.0
0 25 67.28016479 0.0
0 26 67.28016479 0.0
0 27 67.28016479 0.0
0 28 67.28016479 0.0
0 29 67.28016479 0.0
0 30 67.28016479 0.0
0 31 67.28016479 0.0
0 32 67.28016479 0.0
0 33 67.28016479 0.0
0 34 67.28016479 0.0
0 35 67.28016479 0.0
0 36 67.28016479 0.0
0 37 67.28016479 0.0
0 38 67.28016479 0.0
0 39 67.28016479 0.0
0 40 67.28016479 0.0
0 41 67.28016479 0.0
0 42 67.28016479 0.0
0 43 67.28016479 0.0
0 44 67.28016479 0.0
0 45 67.28016479 0.0
0 46 67.28016479 0.0
0 47 67.28016479 0.0
0 48 67.28016479 0.0
0 49 67.28016479 0.0
0 50 67.28016479 0.0
0 51 67.28016479 0.0
0 52 67.28016479 0.0
0 53 67.28016479 0.0
0 54 67.28016479 0.0
0 55 67.28016479 0.0
0 56 67.28016479 0.0
0 57 67.28016479 0.0
0 58 67.28016479 0.0
0 59 67.28016479 0.0
0 60 67.28016479 0.0
0 61 67.28016479 0.0
0 62 67.28016479 0.0
0 63 67.28016479 0.0
0 64 67.28016479 0.0
0 65 67.28016479 0.0
0 66 67.28016479 0.0
0 67 67.28016479 0.0
0 68 67.28016479 0.0
0 69 67.28016479 0.0
0 70 67.28016479 0.0
0 71 67.28016479 0.0
0 72 67.28016479 0.0
0 73 67.28016479 0.0
0 74 67.28016479 0.0
0 75 67.28016479 0.0
0 76 67.28016479 0.0
0 77 67.28016479 0.0
0 78 67.28016479 0.0
0 79 67.28016479 0.0
0 80 67.28016479 0.0
0 81 67.28016479 0.0
0 82 67.28016479 0.0
0 83 67.28016479 0.0
0 84 67.28016479 0.0
0 85 67.28016479 0.0
0 86 67.28016479 0.0
0 87 67.28016479 0.0
0 88 67.28016479 0.0
0 89 67.28016479 0.0
0 90 67.28016479 0.0
0 91 67.28016479 0.0
0 92 67.28016479 0.0
0 93 67.28016479 0.0
0 94 67.28016479 0.0
0 95 67.28016479 0.0
0 96 67.28016479 0.0
0 97 67.28016479 0.0
0 98 67.28016479 0.0
0 99 67.28016479 0.0
0 100 67.28016479 0.0
0 101 67.28016479 0.0
0 102 67.28016479 0.0
0 103 67.28016479 0.0
0 104 67.28016479 0.0
0 105 67.28016479 0.0
0 106 67.28016479 0.0
0 107 67.28016479 0.0
0 108 67.28016479 0.0
0 109 67.28016479 0.0
0 110 67.28016479 0.0
0 111 67.28016479 0.0
0 112 67.28016479 0.0
0 113 67.28016479 0.0
0 114 67.28016479 0.0
0 115 67.28016479 0.0
0 116 67.28016479 0.0
0 117 67.28016479 0.0
0 118 67.28016479 0.0
0 119 67.28016479 0.0
0 120 67.28016479 0.0
0 121 67.28016479 0.0
0 122 67.28016479 0.0
0 123 67.28016479 0.0
0 124 67.28016479 0.0
0 125 67.28016479 0.0
0 126 67.28016479 0.0
0 127 67.28016479 0.0
1 0 66.216138908 0.0
1 1 66.216138908 0.0
1 2 66.216138908 0.0
1 3 66.216138908 0.0
1 4 66.216138908 0.0
1 5 66.216138908 0.0
1 6 66.216138908 0.0
1 7 66.216138908 0.0
1 8 66.216138908 0.0
1 9 66.216138908 0.0
1 10 66.216138908 0.0
1 11 66.216138908 0.0
1 12 66.216138908 0.0
1 13 66.216138908 0.0
1 14 66.216138908 0.0
1 15 66.216138908 0.0
1 16 66.216138908 0.0
1 17 66.216138908 0.0
1 18 66.216138908 0.0
1 19 66.216138908 0.0
1 20 66.216138908 0.0
1 21 66.216138908 0.0
1 22 66.216138908 0.0
1 23 66.216138908 0.0
1 24 66.216138908 0.0
1 25 66.216138908 0.0
1 26 66.216138908 0.0
1 27 66.216138908 0.0
1 28 66.216138908 0.0
1 29 66.216138908 0.0
1 30 66.216138908 0.0
1 31 66.216138908 0.0
1 32 66.216138908 0.0
1 33 66.216138908 0.0
1 34 66.216138908 0.0
1 35 66.216138908 0.0
1 36 66.216138908 0.0
1 37 66.216138908 0.0
1 38 66.216138908 0.0
1 39 66.216138908 0.0
1 40 66.216138908 0.0
1 41 66.216138908 0.0
1 42 66.216138908 0.0
1 43 66.216138908 0.0
1 44 66.216138908 0.0
1 45 66.216138908 0.0
1 46 66.216138908 0.0
1 47 66.216138908 0.0
1 48 66.216138908 0.0
1 49 66.216138908 0.0
1 50 66.216138908 0.0
1 51 66.216138908 0.0
1 52 66.216138908 0.0
1 53 66.216138908 0.0
1 54 66.216138908 0.0
1 55 66.216138908 0.0
1 56 66.216138908 0.0
1 57 66.216138908 0.0
1 58 66.216138908 0.0
1 59 66.216138908 0.0
1 60 66.216138908 0.0
1 61 66.216138908 0.0
1 62 66.216138908 0.0
1 63 66.216138908 0.0
1 64 66.216138908 0.0
1 65 66.216138908 0.0
1 66 66.216138908 0.0
1 67 66.216138908 0.0
1 68 66.216138908 0.0
1 69 66.216138908 0.0
1 70 66.216138908 0.0
1 71 66.216138908 0.0
1 72 66.216138908 0.0
1 73 66.216138908 0.0
1 74 66.216138908 0.0
1 75 66.216138908 0.0
1 76 66.216138908 0.0
1 77 66.216138908 0.0
1 78 66.216138908 0.0
1 79 66.216138908 0.0
1 80 66.216138908 0.0
1 81 66.216138908 0.0
1 82 66.216138908 0.0
1 83 66.216138908 0.0
1 84 66.216138908 0.0
1 85 66.216138908 0.0
1 86 66.216138908 0.0
1 87 66.216138908 0.0
1 88 66.216138908 0.0
1 89 66.216138908 0.0
1 90 66.216138908 0.0
1 91 66.216138908 0.0
1 92 66.216138908 0.0
1 93 66.216138908 0.0
1 94 66.216138908 0.0
1 95 66.216138908 0.0
1 96 66.216138908 0.0
1 97 66.216138908 0.0
1 98 66.216138908 0.0
1 99 66.216138908 0.0
1 100 66.216138908 0.0
1 101 66.216138908 0.0
1 102 66.216138908 0.0
1 103 66.216138908 0.0
1 104 66.216138908 0.0
1 105 66.216138908 0.0
1 106 66.216138908 0.0
1 107 66.216138908 0.0
1 108 66.216138908 0.0
1 109 66.216138908 0.0
1 110 66.216138908 0.0
1 111 66.216138908 0.0
1 112 66.216138908 0.0
1 113 66.216138908 0.0
1 114 66.216138908 0.0
1 115 66.216138908 0.0
1 116 66.216138908 0.0
1 117 66.216138908 0.0
1 118 66.216138908 0.0
1 119 66.216138908 0.0
1 120 66.216138908 0.0
1 121 66.216138908 0.0
1 122 66.216138908 0.0
1 123 66.216138908 0.0
1 124 66.216138908 0.0
1 125 66.216138908 0.0
1 126 66.216138908 0.0
1 127 66.216138908 0.0
2 0 65.217921134 0.0
2 1 65.217921134 0.0
2 2 65.217921134 0.0
2 3 65.217921134 0.0
2 4 65.217921134 0.0
2 5 65.217921134 0.0
2 6 65.217921134 0.0
2 7 65.217921134 0.0
2 8 65.217921134 0.0
2 9 65.217921134 0.0
2 10 65.217921134 0.0
2 11 65.217921134 0.0
2 12 65.217921134 0.0
2 13 65.217921134 0.0
2 14 65.217921134 0.0
2 15 65.217921134 0.0
2 16 65.217921134 0.0
2 17 65.217921134 0.0
2 18 65.217921134 0.0
2 19 65.217921134 0.0
2 20 65.217921134 0.0
2 21 65.217921134 0.0
2 22 65.217921134 0.0
2 23 65.217921134 0.0
2 24 65.217921134 0.0
2 25 65.217921134 0.0
2 26 65.217921134 0.0
2 27 65.217921134 0.0
2 28 65.217921134 0.0
2 29 65.217921134 0.0
2 30 65.217921134 0.0
2 31 65.217921134 0.0
2 32 65.217921134 0.0
2 33 65.217921134 0.0
2 34 65.217921134 0.0
2 35 65.217921134 0.0
2 36 65.217921134 0.0
2 37 65.217921134 0.0
2 38 65.217921134 0.0
2 39 65.217921134 0.0
2 40 65.217921134 0.0
2 41 65.217921134 0.0
2 42 65.217921134 0.0
2 43 65.217921134 0.0
2 44 65.217921134 0.0
2 45 65.217921134 0.0
2 46 65.217921134 0.0
2 47 65.217921134 0.0
2 48 65.217921134 0.0
2 49 65.217921134 0.0
2 50 65.217921134 0.0
2 51 65.217921134 0.0
2 52 65.217921134 0.0
2 53 65.217921134 0.0
2 54 65.217921134 0.0
2 55 65.217921134 0.0
2 56 65.217921134 0.0
2 57 65.217921134 0.0
2 58 65.217921134 0.0
2 59 65.217921134 0.0
2 60 65.217921134 0.0
2 61 65.217921134 0.0
2 62 65.217921134 0.0
2 63 65.217921134 0.0
2 64 65.217921134 0.0
2 65 65.217921134 0.0
2 66 65.217921134 0.0
2 67 65.217921134 0.0
2 68 65.217921134 0.0
2 69 65.217921134 0.0
2 70 65.217921134 0.0
2 71 65.217921134 0.0
2 72 65.217921134 0.0
2 73 65.217921134 0.0
2 74 65.217921134 0.0
2 75 65.217921134 0.0
2 76 65.217921134 0.0
2 77 65.217921134 0.0
2 78 65.217921134 0.0
2 79 65.217921134 0.0
2 80 65.217921134 0.0
2 81 65.217921134 0.0
2 82 65.217921134 0.0
2 83 65.217921134 0.0
2 84 65.217921134 0.0
2 85 65.217921134 0.0
2 86 65.217921134 0.0
2 87 65.217921134 0.0
2 88 65.217921134 0.0
2 89 65.217921134 0.0
2 90 65.217921134 0.0
2 91 65.217921134 0.0
2 92 65.217921134 0.0
2 93 65.217921134 0.0
2 94 65.217921134 0.0
2 95 65.217921134 0.0
2 96 65.217921134 0.0
2 97 65.217921134 0.0
2 98 65.217921134 0.0
2 99 65.217921134 0.0
2 100 65.217921134 0.0
2 101 65.217921134 0.0
2 102 65.217921134 0.0
2 103 65.217921134 0.0
2 104 65.217921134 0.0
2 105 65.217921134 0.0
2 106 65.217921134 0.0
2 107 65.217921134 0.0
2 108 65.217921134 0.0
2 109 65.217921134 0.0
2 110 65.217921134 0.0
2 111 65.217921134 0.0
2 112 65.217921134 0.0
2 113 65.217921134 0.0
2 114 65.217921134 0.0
2 115 65.217921134 0.0
2 116 65.217921134 0.0
2 117 65.217921134 0.0
2 118 65.217921134 0.0
2 119 65.217921134 0.0
2 120 65.217921134 0.0
2 121 65.217921134 0.0
2 122 65.217921134 0.0
2 123 65.217921134 0.0
2 124 65.217921134 0.0
2 125 65.217921134 0.0
2 126 65.217921134 0.0
2 127 65.217921134 0.0
3 0 64.35999878000001 0.0
3 1 64.35999878000001 0.0
3 2 64.35999878000001 0.0
3 3 64.35999878000001 0.0
3 4 64.35999878000001 0.0
3 5 64.35999878000001 0.0
3 6 64.35999878000001 0.0
3 7 64.35999878000001 0.0
3 8 64.35999878000001 0.0
3 9 64.35999878000001 0.0
3 10 64.35999878000001 0.0
3 11 64.35999878000001 0.0
3 12 64.35999878000001 0.0
3 13 64.35999878000001 0.0
3 14 64.35999878000001 0.0
3 15 64.35999878000001 0.0
3 16 64.35999878000001 0.0
3 17 64.35999878000001 0.0
3 18 64.35999878000001 0.0
3 19 64.35999878000001 0.0
3 20 64.35999878000001 0.0
3 21 64.35999878000001 0.0
3 22 64.35999878000001 0.0
3 23 64.35999878000001 0.0
3 24 64.35999878000001 0.0
3 25 64.35999878000001 0.0
3 26 64.35999878000001 0.0
3 27 64.35999878000001 0.0
3 28 64.35999878000001 0.0
3 29 64.35999878000001 0.0
3 30 64.35999878000001 0.0
3 31 64.35999878000001 0.0
3 32 64.35999878000001 0.0
3 33 64.35999878000001 0.0
3 34 64.35999878000001 0.0
3 35 64.35999878000001 0.0
3 36 64.35999878000001 0.0
3 37 64.35999878000001 0.0
3 38 64.35999878000001 0.0
3 39 64.35999878000001 0.0
3 40 64.35999878000001 0.0
3 41 64.35999878000001 0.0
3 42 64.35999878000001 0.0
3 43 64.35999878000001 0.0
3 44 64.35999878000001 0.0
3 45 64.35999878000001 0.0
3 46 64.35999878000001 0.0
3 47 64.35999878000001 0.0
3 48 64.35999878000001 0.0
3 49 64.35999878000001 0.0
3 50 64.35999878000001 0.0
3 51 64.35999878000001 0.0
3 52 64.35999878000001 0.0
3 53 64.35999878000001 0.0
3 54 64.35999878000001 0.0
3 55 64.35999878000001 0.0
3 56 64.35999878000001 0.0
3 57 64.35999878000001 0.0
3 58 64.35999878000001 0.0
3 59 64.35999878000001 0.0
3 60 64.35999878000001 0.0
3 61 64.35999878000001 0.0
3 62 64.35999878000001 0.0
3 63 64.35999878000001 0.0
3 64 64.99456908799999 0.0
3 65 64.99456908799999 0.0
3 66 64.99456908799999 0.0
3 67 64.99456908799999 0.0
3 68 64.99456908799999 0.0
3 69 64.99456908799999 0.0
3 70 64.99456908799999 0.0
3 71 64.99456908799999 0.0
3 72 64.99456908799999 0.0
3 73 64.99456908799999 0.0
3 74 64.99456908799999 0.0
3 75 64.99456908799999 0.0
3 76 64.99456908799999 0.0
3 77 64.99456908799999 0.0
3 78 64.99456908799999 0.0
3 79 64.99456908799999 0.0
3 80 64.99456908799999 0.0
3 81 64.99456908799999 0.0
3 82 64.99456908799999 0.0
3 83 64.99456908799999 0.0
3 84 64.99456908799999 0.0
3 85 64.99456908799999 0.0
3 86 64.99456908799999 0.0
3 87 64.99456908799999 0.0
3 88 64.99456908799999 0.0
3 89 64.99456908799999 0.0
3 90 64.99456908799999 0.0
3 91 64.99456908799999 0.0
3 92 64.99456908799999 0.0
3 93 64.99456908799999 0.0
3 94 64.99456908799999 0.0
3 95 64.99456908799999 0.0
3 96 64.99456908799999 0.0
3 97 64.99456908799999 0.0
3 98 64.99456908799999 0.0
3 99 64.99456908799999 0.0
3 100 64.99456908799999 0.0
3 101 64.99456908799999 0.0
3 102 64.99456908799999 0.0
3 103 64.99456908799999 0.0
3 104 64.99456908799999 0.0
3 105 64.99456908799999 0.0
3 106 64.99456908799999 0.0
3 107 64.99456908799999 0.0
3 108 64.99456908799999 0.0
3 109 64.99456908799999 0.0
3 110 64.99456908799999 0.0
3 111 64.99456908799999 0.0
3 112 64.99456908799999 0.0
3 113 64.99456908799999 0.0
3 114 64.99456908799999 0.0
3 115 64.99456908799999 0.0
3 116 64.99456908799999 0.0
3 117 64.99456908799999 0.0
3 118 64.99456908799999 0.0
3 119 64.99456908799999 0.0
3 120 64.99456908799999 0.0
3 121 64.99456908799999 0.0
3 122 64.99456908799999 0.0
3 123 64.99456908799999 0.0
3 124 64.99456908799999 0.0
3 125 64.99456908799999 0.0
3 126 64.99456908799999 0.0
3 127 64.99456908799999 0.0
4 0 64.27666747399999 0.0
4 1 64.27666747399999 0.0
4 2 64.27666747399999 0.0
4 3 64.27666747399999 0.0
4 4 64.27666747399999 0.0
4 5 64.27666747399999 0.0
4 6 64.27666747399999 0.0
4 7 64.27666747399999 0.0
4 8 64.27666747399999 0.0
4 9 64.27666747399999 0.0
4 10 64.27666747399999 0.0
4 11 64.27666747399999 0.0
4 12 64.27666747399999 0.0
4 13 64.27666747399999 0.0
4 14 64.27666747399999 0.0
4 15 64.27666747399999 0.0
4 16 64.27666747399999 0.0
4 17 64.27666747399999 0.0
4 18 64.27666747399999 0.0
4 19 64.27666747399999 0.0
4 20 64.27666747399999 0.0
4 21 64.27666747399999 0.0
4 22 64.27666747399999 0.0
4 23 64.27666747399999 0.0
4 24 64.27666747399999 0.0
4 25 64.27666747399999 0.0
4 26 64.27666747399999 0.0
4 27 64.27666747399999 0.0
4 28 64.27666747399999 0.0
4 29 64.27666747399999 0.0
4 30 64.27666747399999 0.0
4 31 64.27666747399999 0.0
4 32 64.27666747399999 0.0
4 33 64.27666747399999 0.0
4 34 64.27666747399999 0.0
4 35 64.27666747399999 0.0
4 36 64.27666747399999 0.0
4 37 64.27666747399999 0.0
4 38 64.27666747399999 0.0
4 39 64.27666747399999 0.0
4 40 64.27666747399999 0.0
4 41 64.27666747399999 0.0
4 42 64.27666747399999 0.0
4 43 64.27666747399999 0.0
4 44 64.27666747399999 0.0
4 45 64.27666747399999 0.0
4 46 64.27666747399999 0.0
4 47 64.27666747399999 0.0
4 48 64.27666747399999 0.0
4 49 64.27666747399999 0.0
4 50 64.27666747399999 0.0
4 51 64.27666747399999 0.0
4 52 64.27666747399999 0.0
4 53 64.27666747399999 0.0
4 54 64.27666747399999 0.0
4 55 64.27666747399999 0.0
4 56 64.27666747399999 0.0
4 57 64.27666747399999 0.0
4 58 64.27666747399999 0.0
4 59 64.27666747399999 0.0
4 60 64.27666747399999 0.0
4 61 64.27666747399999 0.0
4 62 64.27666747399999 0.0
4 63 64.27666747399999 0.0
4 64 65.01214722200001 0.0
4 65 65.01214722200001 0.0
4 66 65.01214722200001 0.0
4 67 65.01214722200001 0.0
4 68 65.01214722200001 0.0
4 69 65.01214722200001 0.0
4 70 65.01214722200001 0.0
4 71 65.01214722200001 0.0
4 72 65.01214722200001 0.0
4 73 65.01214722200001 0.0
4 74 65.01214722200001 0.0
4 75 65.01214722200001 0.0
4 76 65.01214722200001 0.0
4 77 65.01214722200001 0.0
4 78 65.01214722200001 0.0
4 79 65.01214722200001 0.0
4 80 65.01214722200001 0.0
4 81 65.01214722200001 0.0
4 82 65.01214722200001 0.0
4 83 65.01214722200001 0.0
4 84 65.01214722200001 0.0
4 85 65.01214722200001 0.0
4 86 65.01214722200001 0.0
4 87 65.01214722200001 0.0
4 88 65.01214722200001 0.0
4 89 65.01214722200001 0.0
4 90 65.01214722200001 0.0
4 91 65.01214722200001 0.0
4 92 65.01214722200001 0.0
4 93 65.01214722200001 0.0
4 94 65.01214722200001 0.0
4 95 65.01214722200001 0.0
4 96 65.01214722200001 0.0
4 97 65.01214722200001 0.0
4 98 65.01214722200001 0.0
4 99 65.01214722200001 0.0
4 100 65.01214722200001 0.0
4 101 65.01214722200001 0.0
4 102 65.01214722200001 0.0
4 103 65.01214722200001 0.0
4 104 65.01214722200001 0.0
4 105 65.01214722200001 0.0
4 106 65.01214722200001 0.0
4 107 65.01214722200001 0.0
4 108 65.01214722200001 0.0
4 109 65.01214722200001 0.0
4 110 65.01214722200001 0.0
4 111 65.01214722200001 0.0
4 112 65.01214722200001 0.0
4 113 65.01214722200001 0.0
4 114 65.01214722200001 0.0
4 115 65.01214722200001 0.0
4 116 65.01214722200001 0.0
4 117 65.01214722200001 0.0
4 118 65.01214722200001 0.0
4 119 65.01214722200001 0.0
4 120 65.01214722200001 0.0
4 121 65.01214722200001 0.0
4 122 65.01214722200001 0.0
4 123 65.01214722200001 0.0
4 124 65.01214722200001 0.0
4 125 65.01214722200001 0.0
4 126 65.01214722200001 0.0
4 127 65.01214722200001 0.0
5 0 65.763062744 0.048
5 1 65.763062744 0.048
5 2 65.763062744 0.048
5 3 65.763062744 0.048
5 4 65.763062744 0.048
5 5 65.763062744 0.048
5 6 65.763062744 0.048
5 7 65.763062744 0.048
5 8 65.763062744 0.048
5 9 65.763062744 0.048
5 10 65.763062744 0.048
5 11 65.763062744 0.048
5 12 65.763062744 0.048
5 13 65.763062744 0.048
5 14 65.763062744 0.048
5 15 65.763062744 0.048
5 16 65.763062744 0.048
5 17 65.763062744 0.048
5 18 65.763062744 0.048
5 19 65.763062744 0.048
5 20 65.763062744 0.048
5 21 65.763062744 0.048
5 22 65.763062744 0.048
5 23 65.763062744 0.048
5 24 65.763062744 0.048
5 25 65.763062744 0.048
5 26 65.763062744 0.048
5 27 65.763062744 0.048
5 28 65.763062744 0.048
5 29 65.763062744 0.048
5 30 65.763062744 0.048
5 31 65.763062744 0.048
5 32 65.763062744 0.048
5 33 65.763062744 0.048
5 34 65.763062744 0.048
5 35 65.763062744 0.048
5 36 65.763062744 0.048
5 37 65.763062744 0.048
5 38 65.763062744 0.048
5 39 65.763062744 0.048
5 40 65.763062744 0.048
5 41 65.763062744 0.048
5 42 65.763062744 0.048
5 43 65.763062744 0.048
5 44 65.763062744 0.048
5 45 65.763062744 0.048
5 46 65.763062744 0.048
5 47 65.763062744 0.048
5 48 65.763062744 0.048
5 49 65.763062744 0.048
5 50 65.763062744 0.048
5 51 65.763062744 0.048
5 52 65.763062744 0.048
5 53 65.763062744 0.048
5 54 65.763062744 0.048
5 55 65.763062744 0.048
5 56 65.763062744 0.048
5 57 65.763062744 0.048
5 58 65.763062744 0.048
5 59 65.763062744 0.048
5 60 65.763062744 0.048
5 61 65.763062744 0.048
5 62 65.763062744 0.048
5 63 65.763062744 0.048
5 64 65.937141122 0.0525
5 65 65.937141122 0.0525
5 66 65.937141122 0.0525
5 67 65.937141122 0.0525
5 68 65.937141122 0.0525
5 69 65.937141122 0.0525
5 70 65.937141122 0.0525
5 71 65.937141122 0.0525
5 72 65.937141122 0.0525
5 73 65.937141122 0.0525
5 74 65.937141122 0.0525
5 75 65.937141122 0.0525
5 76 65.937141122 0.0525
5 77 65.937141122 0.0525
5 78 65.937141122 0.0525
5 79 65.937141122 0.0525
5 80 65.937141122 0.0525
5 81 65.937141122 0.0525
5 82 65.937141122 0.0525
5 83 65.937141122 0.0525
5 84 65.937141122 0.0525
5 85 65.937141122 0.0525
5 86 65.937141122 0.0525
5 87 65.937141122 0.0525
5 88 65.937141122 0.0525
5 89 65.937141122 0.0525
5 90 65.937141122 0.0525
5 91 65.937141122 0.0525
5 92 65.937141122 0.0525
5 93 65.937141122 0.0525
5 94 65.937141122 0.0525
5 95 65.937141122 0.0525
5 96 65.937141122 0.0525
5 97 65.937141122 0.0525
5 98 65.937141122 0.0525
5 99 65.937141122 0.0525
5 100 65.937141122 0.0525
5 101 65.937141122 0.0525
5 102 65.937141122 0.0525
5 103 65.937141122 0.0525
5 104 65.937141122 0.0525
5 105 65.937141122 0.0525
5 106 65.937141122 0.0525
5 107 65.937141122 0.0525
5 108 65.937141122 0.0525
5 109 65.937141122 0.0525
5 110 65.937141122 0.0525
5 111 65.937141122 0.0525
5 112 65.937141122 0.0525
5 113 65.937141122 0.0525
5 114 65.937141122 0.0525
5 115 65.937141122 0.0525
5 116 65.937141122 0.0525
5 117 65.937141122 0.0525
5 118 65.937141122 0.0525
5 119 65.937141122 0.0525
5 120 65.937141122 0.0525
5 121 65.937141122 0.0525
5 122 65.937141122 0.0525
5 123 65.937141122 0.0525
5 124 65.937141122 0.0525
5 125 65.937141122 0.0525
5 126 65.937141122 0.0525
5 127 65.937141122 0.0525
6 0 68.96673095 0.2205
6 1 68.96673095 0.2205
6 2 68.96673095 0.2205
6 3 68.96673095 0.2205
6 4 68.96673095 0.2205
6 5 68.96673095 0.2205
6 6 68.96673095 0.2205
6 7 68.96673095 0.2205
6 8 68.96673095 0.2205
6 9 68.96673095 0.2205
6 10 68.96673095 0.2205
6 11 68.96673095 0.2205
6 12 68.96673095 0.2205
6 13 68.96673095 0.2205
6 14 68.96673095 0.2205
6 15 68.96673095 0.2205
6 16 68.96673095 0.2205
6 17 68.96673095 0.2205
6 18 68.96673095 0.2205
6 19 68.96673095 0.2205
6 20 68.96673095 0.2205
6 21 68.96673095 0.2205
6 22 68.96673095 0.2205
6 23 68.96673095 0.2205
6 24 68.96673095 0.2205
6 25 68.96673095 0.2205
6 26 68.96673095 0.2205
6 27 68.96673095 0.2205
6 28 68.96673095 0.2205
6 29 68.96673095 0.2205
6 30 68.96673095 0.2205
6 31 68.96673095 0.2205
6 32 68.101173104 0.222
6 33 68.101173104 0.222
6 34 68.101173104 0.222
6 35 68.101173104 0.222
6 36 68.101173104 0.222
6 37 68.101173104 0.222
6 38 68.101173104 0.222
6 39 68.101173104 0.222
6 40 68.101173104 0.222
6 41 68.101173104 0.222
6 42 68.101173104 0.222
6 43 68.101173104 0.222
6 44 68.101173104 0.222
6 45 68.101173104 0.222
6 46 68.101173104 0.222
6 47 68.101173104 0.222
6 48 68.101173104 0.222
6 49 68.101173104 0.222
6 50 68.101173104 0.222
6 51 68.101173104 0.222
6 52 68.101173104 0.222
6 53 68.101173104 0.222
6 54 68.101173104 0.222
6 55 68.101173104 0.222
6 56 68.101173104 0.222
6 57 68.101173104 0.222
6 58 68.101173104 0.222
6 59 68.101173104 0.222
6 60 68.101173104 0.222
6 61 68.101173104 0.222
6 62 68.101173104 0.222
6 63 68.101173104 0.222
6 64 68.101173104 0.222
6 65 68.101173104 0.222
6 66 68.101173104 0.222
6 67 68.101173104 0.222
6 68 68.101173104 0.222
6 69 68.101173104 0.222
6 70 68.101173104 0.222
6 71 68.101173104 0.222
6 72 68.101173104 0.222
6 73 68.101173104 0.222
6 74 68.101173104 0.222
6 75 68.101173104 0.222
6 76 68.101173104 0.222
6 77 68.101173104 0.222
6 78 68.101173104 0.222
6 79 68.101173104 0.222
6 80 68.101173104 0.222
6 81 68.101173104 0.222
6 82 68.101173104 0.222
6 83 68.101173104 0.222
6 84 68.101173104 0.222
6 85 68.101173104 0.222
6 86 68.101173104 0.222
6 87 68.101173104 0.222
6 88 68.101173104 0.222
6 89 68.101173104 0.222
6 90 68.101173104 0.222
6 91 68.101173104 0.222
6 92 68.101173104 0.222
6 93 68.101173104 0.222
6 94 68.101173104 0.222
6 95 68.101173104 0.222
6 96 68.96673095 0.2205
6 97 68.96673095 0.2205
6 98 68.96673095 0.2205
6 99 68.96673095 0.2205
6 100 68.96673095 0.2205
6 101 68.96673095 0.2205
6 102 68.96673095 0.2205
6 103 68.96673095 0.2205
6 104 68.96673095 0.2205
6 105 68.96673095 0.2205
6 106 68.96673095 0.2205
6 107 68.96673095 0.2205
6 108 68.96673095 0.2205
6 109 68.96673095 0.2205
6 110 68.96673095 0.2205
6 111 68.96673095 0.2205
6 112 68.96673095 0.2205
6 113 68.96673095 0.2205
6 114 68.96673095 0.2205
6 115 68.96673095 0.2205
6 116 68.96673095 0.2205
6 117 68.96673095 0.2205
6 118 68.96673095 0.2205
6 119 68.96673095 0.2205
6 120 68.96673095 0.2205
6 121 68.96673095 0.2205
6 122 68.96673095 0.2205
6 123 68.96673095 0.2205
6 124 68.96673095 0.2205
6 125 68.96673095 0.2205
6 126 68.96673095 0.2205
6 127 68.96673095 0.2205
7 0 73.637843018 0.438
7 1 73.637843018 0.438
7 2 73.637843018 0.438
7 3 73.637843018 0.438
7 4 73.637843018 0.438
7 5 73.637843018 0.438
7 6 73.637843018 0.438
7 7 73.637843018 0.438
7 8 73.637843018 0.438
7 9 73.637843018 0.438
7 10 73.637843018 0.438
7 11 73.637843018 0.438
7 12 73.637843018 0.438
7 13 73.637843018 0.438
7 14 73.637843018 0.438
7 15 73.637843018 0.438
7 16 73.637843018 0.438
7 17 73.637843018 0.438
7 18 73.637843018 0.438
7 19 73.637843018 0.438
7 20 73.637843018 0.438
7 21 73.637843018 0.438
7 22 73.637843018 0.438
7 23 73.637843018 0.438
7 24 73.637843018 0.438
7 25 73.637843018 0.438
7 26 73.637843018 0.438
7 27 73.637843018 0.438
7 28 73.637843018 0.438
7 29 73.637843018 0.438
7 30 73.637843018 0.438
7 31 73.637843018 0.438
7 32 70.865827628 0.435
7 33 70.865827628 0.435
7 34 70.865827628 0.435
7 35 70.865827628 0.435
7 36 70.865827628 0.435
7 37 70.865827628 0.435
7 38 70.865827628 0.435
7 39 70.865827628 0.435
7 40 70.865827628 0.435
7 41 70.865827628 0.435
7 42 70.865827628 0.435
7 43 70.865827628 0.435
7 44 70.865827628 0.435
7 45 70.865827628 0.435
7 46 70.865827628 0.435
7 47 70.865827628 0.435
7 48 70.865827628 0.435
7 49 70.865827628 0.435
7 50 70.865827628 0.435
7 51 70.865827628 0.435
7 52 70.865827628 0.435
7 53 70.865827628 0.435
7 54 70.865827628 0.435
7 55 70.865827628 0.435
7 56 70.865827628 0.435
7 57 70.865827628 0.435
7 58 70.865827628 0.435
7 59 70.865827628 0.435
7 60 70.865827628 0.435
7 61 70.865827628 0.435
7 62 70.865827628 0.435
7 63 70.865827628 0.435
7 64 70.865827628 0.435
7 65 70.865827628 0.435
7 66 70.865827628 0.435
7 67 70.865827628 0.435
7 68 70.865827628 0.435
7 69 70.865827628 0.435
7 70 70.865827628 0.435
7 71 70.865827628 0.435
7 72 70.865827628 0.435
7 73 70.865827628 0.435
7 74 70.865827628 0.435
7 75 70.865827628 0.435
7 76 70.865827628 0.435
7 77 70.865827628 0.435
7 78 70.865827628 0.435
7 79 70.865827628 0.435
7 80 70.865827628 0.435
7 81 70.865827628 0.435
7 82 70.865827628 0.435
7 83 70.865827628 0.435
7 84 70.865827628 0.435
7 85 70.865827628 0.435
7 86 70.865827628 0.435
7 87 70.865827628 0.435
7 88 70.865827628 0.435
7 89 70.865827628 0.435
7 90 70.865827628 0.435
7 91 70.865827628 0.435
7 92 70.865827628 0.435
7 93 70.865827628 0.435
7 94 70.865827628 0.435
7 95 70.865827628 0.435
7 96 73.637843018 0.438
7 97 73.637843018 0.438
7 98 73.637843018 0.438
7 99 73.637843018 0.438
7 100 73.637843018 0.438
7 101 73.637843018 0.438
7 102 73.637843018 0.438
7 103 73.637843018 0.438
7 104 73.637843018 0.438
7 105 73.637843018 0.438
7 106 73.637843018 0.438
7 107 73.637843018 0.438
7 108 73.637843018 0.438
7 109 73.637843018 0.438
7 110 73.637843018 0.438
7 111 73.637843018 0.438
7 112 73.637843018 0.438
7 113 73.637843018 0.438
7 114 73.637843018 0.438
7 115 73.637843018 0.438
7 116 73.637843018 0.438
7 117 73.637843018 0.438
7 118 73.637843018 0.438
7 119 73.637843018 0.438
7 120 73.637843018 0.438
7 121 73.637843018 0.438
7 122 73.637843018 0.438
7 123 73.637843018 0.438
7 124 73.637843018 0.438
7 125 73.637843018 0.438
7 126 73.637843018 0.438
7 127 73.637843018 0.438
8 0 77.38181884400001 0.6689999999999999
8 1 77.38181884400001 0.6689999999999999
8 2 77.38181884400001 0.6689999999999999
8 3 77.38181884400001 0.6689999999999999
8 4 77.38181884400001 0.6689999999999999
8 5 77.38181884400001 0.6689999999999999
8 6 77.38181884400001 0.6689999999999999
8 7 77.38181884400001 0.6689999999999999
8 8 77.38181884400001 0.6689999999999999
8 9 77.38181884400001 0.6689999999999999
8 10 77.38181884400001 0.6689999999999999
8 11 77.38181884400001 0.6689999999999999
8 12 77.38181884400001 0.6689999999999999
8 13 77.38181884400001 0.6689999999999999
8 14 77.38181884400001 0.6689999999999999
8 15 77.38181884400001 0.6689999999999999
8 16 77.38181884400001 0.6689999999999999
8 17 77.38181884400001 0.6689999999999999
8 18 77.38181884400001 0.6689999999999999
8 19 77.38181884400001 0.6689999999999999
8 20 77.38181884400001 0.6689999999999999
8 21 77.38181884400001 0.6689999999999999
8 22 77.38181884400001 0.6689999999999999
8 23 77.38181884400001 0.6689999999999999
8 24 77.38181884400001 0.6689999999999999
8 25 77.38181884400001 0.6689999999999999
8 26 77.38181884400001 0.6689999999999999
8 27 77.38181884400001 0.6689999999999999
8 28 77.38181884400001 0.6689999999999999
8 29 77.38181884400001 0.6689999999999999
8 30 77.38181884400001 0.6689999999999999
8 31 77.38181884400001 0.6689999999999999
8 32 73.31012085200001 0.66
8 33 73.31012085200001 0.66
8 34 73.31012085200001 0.66
8 35 73.31012085200001 0.66
8 36 73.31012085200001 0.66
8 37 73.31012085200001 0.66
8 38 73.31012085200001 0.66
8 39 73.31012085200001 0.66
8 40 73.31012085200001 0.66
8 41 73.31012085200001 0.66
8 42 73.31012085200001 0.66
8 43 73.31012085200001 0.66
8 44 73.31012085200001 0.66
8 45 73.31012085200001 0.66
8 46 73.31012085200001 0.66
8 47 73.31012085200001 0.66
8 48 73.31012085200001 0.66
8 49 73.31012085200001 0.66
8 50 73.31012085200001 0.66
8 51 73.31012085200001 0.66
8 52 73.31012085200001 0.66
8 53 73.31012085200001 0.66
8 54 73.31012085200001 0.66
8 55 73.31012085200001 0.66
8 56 73.31012085200001 0.66
8 57 73.31012085200001 0.66
8 58 73.31012085200001 0.66
8 59 73.31012085200001 0.66
8 60 73.31012085200001 0.66
8 61 73.31012085200001 0.66
8 62 73.31012085200001 0.66
8 63 73.31012085200001 0.66
8 64 73.31012085200001 0.66
8 65 73.31012085200001 0.66
8 66 73.31012085200001 0.66
8 67 73.31012085200001 0.66
8 68 73.31012085200001 0.66
8 69 73.31012085200001 0.66
8 70 73.31012085200001 0.66
8 71 73.31012085200001 0.66
8 72 73.31012085200001 0.66
8 73 73.31012085200001 0.66
8 74 73.31012085200001 0.66
8 75 73.31012085200001 0.66
8 76 73.31012085200001 0.66
8 77 73.31012085200001 0.66
8 78 73.31012085200001 0.66
8 79 73.31012085200001 0.66
8 80 73.31012085200001 0.66
8 81 73.31012085200001 0.66
8 82 73.31012085200001 0.66
8 83 73.31012085200001 0.66
8 84 73.31012085200001 0.66
8 85 73.31012085200001 0.66
8 86 73.31012085200001 0.66
8 87 73.31012085200001 0.66
8 88 73.31012085200001 0.66
8 89 73.31012085200001 0.66
8 90 73.31012085200001 0.66
8 91 73.31012085200001 0.66
8 92 73.31012085200001 0.66
8 93 73.31012085200001 0.66
8 94 73.31012085200001 0.66
8 95 73.31012085200001 0.66
8 96 77.38181884400001 0.6689999999999999
8 97 77.38181884400001 0.6689999999999999
8 98 77.38181884400001 0.6689999999999999
8 99 77.38181884400001 0.6689999999999999
8 100 77.38181884400001 0.6689999999999999
8 101 77.38181884400001 0.6689999999999999
8 102 77.38181884400001 0.6689999999999999
8 103 77.38181884400001 0.6689999999999999
8 104 77.38181884400001 0.6689999999999999
8 105 77.38181884400001 0.6689999999999999
8 106 77.38181884400001 0.6689999999999999
8 107 77.38181884400001 0.6689999999999999
8 108 77.38181884400001 0.6689999999999999
8 109 77.38181884400001 0.6689999999999999
8 110 77.38181884400001 0.6689999999999999
8 111 77.38181884400001 0.6689999999999999
8 112 77.38181884400001 0.6689999999999999
8 113 77.38181884400001 0.6689999999999999
8 114 77.38181884400001 0.6689999999999999
8 115 77.38181884400001 0.6689999999999999
8 116 77.38181884400001 0.6689999999999999
8 117 77.38181884400001 0.6689999999999999
8 118 77.38181884400001 0.6689999999999999
8 119 77.38181884400001 0.6689999999999999
8 120 77.38181884400001 0.6689999999999999
8 121 77.38181884400001 0.6689999999999999
8 122 77.38181884400001 0.6689999999999999
8 123 77.38181884400001 0.6689999999999999
8 124 77.38181884400001 0.6689999999999999
8 125 77.38181884400001 0.6689999999999999
8 126 77.38181884400001 0.6689999999999999
8 127 77.38181884400001 0.6689999999999999
9 0 79.170393074 0.8835
9 1 79.170393074 0.8835
9 2 79.170393074 0.8835
9 3 79.170393074 0.8835
9 4 79.170393074 0.8835
9 5 79.170393074 0.8835
9 6 79.170393074 0.8835
9 7 79.170393074 0.8835
9 8 79.170393074 0.8835
9 9 79.170393074 0.8835
9 10 79.170393074 0.8835
9 11 79.170393074 0.8835
9 12 79.170393074 0.8835
9 13 79.170393074 0.8835
9 14 79.170393074 0.8835
9 15 79.170393074 0.8835
9 16 78.85623902 0.35699999999999993
9 17 78.85623902 0.35699999999999993
9 18 78.85623902 0.35699999999999993
9 19 78.85623902 0.35699999999999993
9 20 78.85623902 0.35699999999999993
9 21 78.85623902 0.35699999999999993
9 22 78.85623902 0.35699999999999993
9 23 78.85623902 0.35699999999999993
9 24 78.85623902 0.35699999999999993
9 25 78.85623902 0.35699999999999993
9 26 78.85623902 0.35699999999999993
9 27 78.85623902 0.35699999999999993
9 28 78.85623902 0.35699999999999993
9 29 78.85623902 0.35699999999999993
9 30 78.85623902 0.35699999999999993
9 31 78.85623902 0.35699999999999993
9 32 74.937141122 0.87
9 33 74.937141122 0.87
9 34 74.937141122 0.87
9 35 74.937141122 0.87
9 36 74.937141122 0.87
9 37 74.937141122 0.87
9 38 74.937141122 0.87
9 39 74.937141122 0.87
9 40 74.937141122 0.87
9 41 74.937141122 0.87
9 42 74.937141122 0.87
9 43 74.937141122 0.87
9 44 74.937141122 0.87
9 45 74.937141122 0.87
9 46 74.937141122 0.87
9 47 74.937141122 0.87
9 48 77.265253904 0.3915
9 49 77.265253904 0.3915
9 50 77.265253904 0.3915
9 51 77.265253904 0.3915
9 52 77.265253904 0.3915
9 53 77.265253904 0.3915
9 54 77.265253904 0.3915
9 55 77.265253904 0.3915
9 56 77.265253904 0.3915
9 57 77.265253904 0.3915
9 58 77.265253904 0.3915
9 59 77.265253904 0.3915
9 60 77.265253904 0.3915
9 61 77.265253904 0.3915
9 62 77.265253904 0.3915
9 63 77.265253904 0.3915
9 64 74.937141122 0.87
9 65 74.937141122 0.87
9 66 74.937141122 0.87
9 67 74.937141122 0.87
9 68 74.937141122 0.87
9 69 74.937141122 0.87
9 70 74.937141122 0.87
9 71 74.937141122 0.87
9 72 74.937141122 0.87
9 73 74.937141122 0.87
9 74 74.937141122 0.87
9 75 74.937141122 0.87
9 76 74.937141122 0.87
9 77 74.937141122 0.87
9 78 74.937141122 0.87
9 79 74.937141122 0.87
9 80 77.265253904 0.3915
9 81 77.265253904 0.3915
9 82 77.265253904 0.3915
9 83 77.265253904 0.3915
9 84 77.265253904 0.3915
9 85 77.265253904 0.3915
9 86 77.265253904 0.3915
9 87 77.265253904 0.3915
9 88 77.265253904 0.3915
9 89 77.265253904 0.3915
9 90 77.265253904 0.3915
9 91 77.265253904 0.3915
9 92 77.265253904 0.3915
9 93 77.265253904 0.3915
9 94 77.265253904 0.3915
9 95 77.265253904 0.3915
9 96 79.170393074 0.8835
9 97 79.170393074 0.8835
9 98 79.170393074 0.8835
9 99 79.170393074 0.8835
9 100 79.170393074 0.8835
9 101 79.170393074 0.8835
9 102 79.170393074 0.8835
9 103 79.170393074 0.8835
9 104 79.170393074 0.8835
9 105 79.170393074 0.8835
9 106 79.170393074 0.8835
9 107 79.170393074 0.8835
9 108 79.170393074 0.8835
9 109 79.170393074 0.8835
9 110 79.170393074 0.8835
9 111 79.170393074 0.8835
9 112 78.85623902 0.35699999999999993
9 113 78.85623902 0.35699999999999993
9 114 78.85623902 0.35699999999999993
9 115 78.85623902 0.35699999999999993
9 116 78.85623902 0.35699999999999993
9 117 78.85623902 0.35699999999999993
9 118 78.85623902 0.35699999999999993
9 119 78.85623902 0.35699999999999993
9 120 78.85623902 0.35699999999999993
9 121 78.85623902 0.35699999999999993
9 122 78.85623902 0.35699999999999993
9 123 78.85623902 0.35699999999999993
9 124 78.85623902 0.35699999999999993
9 125 78.85623902 0.35699999999999993
9 126 78.85623902 0.35699999999999993
9 127 78.85623902 0.35699999999999993
10 0 80.31566283800001 1.0665
10 1 80.31566283800001 1.0665
10 2 80.31566283800001 1.0665
10 3 80.31566283800001 1.0665
10 4 80.31566283800001 1.0665
10 5 80.31566283800001 1.0665
10 6 80.31566283800001 1.0665
10 7 80.31566283800001 1.0665
10 8 80.31566283800001 1.0665
10 9 80.31566283800001 1.0665
10 10 80.31566283800001 1.0665
10 11 80.31566283800001 1.0665
10 12 80.31566283800001 1.0665
10 13 80.31566283800001 1.0665
10 14 80.31566283800001 1.0665
10 15 80.31566283800001 1.0665
10 16 79.566999512 0.4305
10 17 79.566999512 0.4305
10 18 79.566999512 0.4305
10 19 79.566999512 0.4305
10 20 79.566999512 0.4305
10 21 79.566999512 0.4305
10 22 79.566999512 0.4305
10 23 79.566999512 0.4305
10 24 79.566999512 0.4305
10 25 79.566999512 0.4305
10 26 79.566999512 0.4305
10 27 79.566999512 0.4305
10 28 79.566999512 0.4305
10 29 79.566999512 0.4305
10 30 79.566999512 0.4305
10 31 79.566999512 0.4305
10 32 75.64740722600001 0.8835
10 33 75.64740722600001 0.8835
10 34 75.64740722600001 0.8835
10 35 75.64740722600001 0.8835
10 36 75.64740722600001 0.8835
10 37 75.64740722600001 0.8835
10 38 75.64740722600001 0.8835
10 39 75.64740722600001 0.8835
10 40 75.64740722600001 0.8835
10 41 75.64740722600001 0.8835
10 42 75.64740722600001 0.8835
10 43 75.64740722600001 0.8835
10 44 75.64740722600001 0.8835
10 45 75.64740722600001 0.8835
10 46 75.64740722600001 0.8835
10 47 75.64740722600001 0.8835
10 48 78.67342651999999 1.0485
10 49 78.67342651999999 1.0485
10 50 78.67342651999999 1.0485
10 51 78.67342651999999 1.0485
10 52 78.67342651999999 1.0485
10 53 78.67342651999999 1.0485
10 54 78.67342651999999 1.0485
10 55 78.67342651999999 1.0485
10 56 78.67342651999999 1.0485
10 57 78.67342651999999 1.0485
10 58 78.67342651999999 1.0485
10 59 78.67342651999999 1.0485
10 60 78.67342651999999 1.0485
10 61 78.67342651999999 1.0485
10 62 78.67342651999999 1.0485
10 63 78.67342651999999 1.0485
10 64 75.64740722600001 0.8835
10 65 75.64740722600001 0.8835
10 66 75.64740722600001 0.8835
10 67 75.64740722600001 0.8835
10 68 75.64740722600001 0.8835
10 69 75.64740722600001 0.8835
10 70 75.64740722600001 0.8835
10 71 75.64740722600001 0.8835
10 72 75.64740722600001 0.8835
10 73 75.64740722600001 0.8835
10 74 75.64740722600001 0.8835
10 75 75.64740722600001 0.8835
10 76 75.64740722600001 0.8835
10 77 75.64740722600001 0.8835
10 78 75.64740722600001 0.8835
10 79 75.64740722600001 0.8835
10 80 78.67342651999999 1.0485
10 81 78.67342651999999 1.0485
10 82 78.67342651999999 1.0485
10 83 78.67342651999999 1.0485
10 84 78.67342651999999 1.0485
10 85 78.67342651999999 1.0485
10 86 78.67342651999999 1.0485
10 87 78.67342651999999 1.0485
10 88 78.67342651999999 1.0485
10 89 78.67342651999999 1.0485
10 90 78.67342651999999 1.0485
10 91 78.67342651999999 1.0485
10 92 78.67342651999999 1.0485
10 93 78.67342651999999 1.0485
10 94 78.67342651999999 1.0485
10 95 78.67342651999999 1.0485
10 96 80.31566283800001 1.0665
10 97 80.31566283800001 1.0665
10 98 80.31566283800001 1.0665
10 99 80.31566283800001 1.0665
10 100 80.31566283800001 1.0665
10 101 80.31566283800001 1.0665
10 102 80.31566283800001 1.0665
10 103 80.31566283800001 1.0665
10 104 80.31566283800001 1.0665
10 105 80.31566283800001 1.0665
10 106 80.31566283800001 1.0665
10 107 80.31566283800001 1.0665
10 108 80.31566283800001 1.0665
10 109 80.31566283800001 1.0665
10 110 80.31566283800001 1.0665
10 111 80.31566283800001 1.0665
10 112 79.566999512 0.4305
10 113 79.566999512 0.4305
10 114 79.566999512 0.4305
10 115 79.566999512 0.4305
10 116 79.566999512 0.4305
10 117 79.566999512 0.4305
10 118 79.566999512 0.4305
10 119 79.566999512 0.4305
10 120 79.566999512 0.4305
10 121 79.566999512 0.4305
10 122 79.566999512 0.4305
10 123 79.566999512 0.4305
10 124 79.566999512 0.4305
10 125 79.566999512 0.4305
10 126 79.566999512 0.4305
10 127 79.566999512 0.4305
11 0 81.002253416 1.197
11 1 81.002253416 1.197
11 2 81.002253416 1.197
11 3 81.002253416 1.197
11 4 81.002253416 1.197
11 5 81.002253416 1.197
11 6 81.002253416 1.197
11 7 81.002253416 1.197
11 8 81.002253416 1.197
11 9 81.002253416 1.197
11 10 81.002253416 1.197
11 11 81.002253416 1.197
11 12 81.002253416 1.197
11 13 81.002253416 1.197
11 14 81.002253416 1.197
11 15 81.002253416 1.197
11 16 79.605341798 0.1185
11 17 79.605341798 0.1185
11 18 79.605341798 0.1185
11 19 79.605341798 0.1185
11 20 79.605341798 0.1185
11 21 79.605341798 0.1185
11 22 79.605341798 0.1185
11 23 79.605341798 0.1185
11 24 79.605341798 0.1185
11 25 79.605341798 0.1185
11 26 79.605341798 0.1185
11 27 79.605341798 0.1185
11 28 79.605341798 0.1185
11 29 79.605341798 0.1185
11 30 79.605341798 0.1185
11 31 79.605341798 0.1185
11 32 75.89608276999999 0.7964999999999999
11 33 75.89608276999999 0.7964999999999999
11 34 75.89608276999999 0.7964999999999999
11 35 75.89608276999999 0.7964999999999999
11 36 75.89608276999999 0.7964999999999999
11 37 75.89608276999999 0.7964999999999999
11 38 75.89608276999999 0.7964999999999999
11 39 75.89608276999999 0.7964999999999999
11 40 75.89608276999999 0.7964999999999999
11 41 75.89608276999999 0.7964999999999999
11 42 75.89608276999999 0.7964999999999999
11 43 75.89608276999999 0.7964999999999999
11 44 75.89608276999999 0.7964999999999999
11 45 75.89608276999999 0.7964999999999999
11 46 75.89608276999999 0.7964999999999999
11 47 75.89608276999999 0.7964999999999999
11 48 79.65686768 1.1835
11 49 79.65686768 1.1835
11 50 79.65686768 1.1835
11 51 79.65686768 1.1835
11 52 79.65686768 1.1835
11 53 79.65686768 1.1835
11 54 79.65686768 1.1835
11 55 79.65686768 1.1835
11 56 79.65686768 1.1835
11 57 79.65686768 1.1835
11 58 79.65686768 1.1835
11 59 79.65686768 1.1835
11 60 79.65686768 1.1835
11 61 79.65686768 1.1835
11 62 79.65686768 1.1835
11 63 79.65686768 1.1835
11 64 75.89608276999999 0.7964999999999999
11 65 75.89608276999999 0.7964999999999999
11 66 75.89608276999999 0.7964999999999999
11 67 75.89608276999999 0.7964999999999999
11 68 75.89608276999999 0.7964999999999999
11 69 75.89608276999999 0.7964999999999999
11 70 75.89608276999999 0.7964999999999999
11 71 75.89608276999999 0.7964999999999999
11 72 75.89608276999999 0.7964999999999999
11 73 75.89608276999999 0.7964999999999999
11 74 75.89608276999999 0.7964999999999999
11 75 75.89608276999999 0.7964999999999999
11 76 75.89608276999999 0.7964999999999999
11 77 75.89608276999999 0.7964999999999999
11 78 75.89608276999999 0.7964999999999999
11 79 75.89608276999999 0.7964999999999999
11 80 79.65686768 1.1835
11 81 79.65686768 1.1835
11 82 79.65686768 1.1835
11 83 79.65686768 1.1835
11 84 79.65686768 1.1835
11 85 79.65686768 1.1835
11 86 79.65686768 1.1835
11 87 79.65686768 1.1835
11 88 79.65686768 1.1835
11 89 79.65686768 1.1835
11 90 79.65686768 1.1835
11 91 79.65686768 1.1835
11 92 79.65686768 1.1835
11 93 79.65686768 1.1835
11 94 79.65686768 1.1835
11 95 79.65686768 1.1835
11 96 81.002253416 1.197
11 97 81.002253416 1.197
11 98 81.002253416 1.197
11 99 81.002253416 1.197
11 100 81.002253416 1.197
11 101 81.002253416 1.197
11 102 81.002253416 1.197
11 103 81.002253416 1.197
11 104 81.002253416 1.197
11 105 81.002253416 1.197
11 106 81.002253416 1.197
11 107 81.002253416 1.197
11 108 81.002253416 1.197
11 109 81.002253416 1.197
11 110 81.002253416 1.197
11 111 81.002253416 1.197
11 112 79.605341798 0.1185
11 113 79.605341798 0.1185
11 114 79.605341798 0.1185
11 115 79.605341798 0.1185
11 116 79.605341798 0.1185
11 117 79.605341798 0.1185
11 118 79.605341798 0.1185
11 119 79.605341798 0.1185
11 120 79.605341798 0.1185
11 121 79.605341798 0.1185
11 122 79.605341798 0.1185
11 123 79.605341798 0.1185
11 124 79.605341798 0.1185
11 125 79.605341798 0.1185
11 126 79.605341798 0.1185
11 127 79.605341798 0.1185
12 0 81.27548339 1.266
12 1 81.27548339 1.266
12 2 81.27548339 1.266
12 3 81.27548339 1.266
12 4 81.27548339 1.266
12 5 81.27548339 1.266
12 6 81.27548339 1.266
12 7 81.27548339 1.266
12 8 80.93391845 1.257
12 9 80.93391845 1.257
12 10 80.93391845 1.257
12 11 80.93391845 1.257
12 12 80.93391845 1.257
12 13 80.93391845 1.257
12 14 80.93391845 1.257
12 15 80.93391845 1.257
12 16 79.28393676799999 0.438
12 17 79.28393676799999 0.438
12 18 79.28393676799999 0.438
12 19 79.28393676799999 0.438
12 20 79.28393676799999 0.438
12 21 79.28393676799999 0.438
12 22 79.28393676799999 0.438
12 23 79.28393676799999 0.438
12 24 80.93391845 1.257
12 25 80.93391845 1.257
12 26 80.93391845 1.257
12 27 80.93391845 1.257
12 28 80.93391845 1.257
12 29 80.93391845 1.257
12 30 80.93391845 1.257
12 31 80.93391845 1.257
12 32 76.042640372 1.242
12 33 76.042640372 1.242
12 34 76.042640372 1.242
12 35 76.042640372 1.242
12 36 76.042640372 1.242
12 37 76.042640372 1.242
12 38 76.042640372 1.242
12 39 76.042640372 1.242
12 40 75.335175788 0.5655
12 41 75.335175788 0.5655
12 42 75.335175788 0.5655
12 43 75.335175788 0.5655
12 44 75.335175788 0.5655
12 45 75.335175788 0.5655
12 46 75.335175788 0.5655
12 47 75.335175788 0.5655
12 48 80.93391845 1.257
12 49 80.93391845 1.257
12 50 80.93391845 1.257
12 51 80.93391845 1.257
12 52 80.93391845 1.257
12 53 80.93391845 1.257
12 54 80.93391845 1.257
12 55 80.93391845 1.257
12 56 79.28393676799999 0.438
12 57 79.28393676799999 0.438
12 58 79.28393676799999 0.438
12 59 79.28393676799999 0.438
12 60 79.28393676799999 0.438
12 61 79.28393676799999 0.438
12 62 79.28393676799999 0.438
12 63 79.28393676799999 0.438
12 64 76.042640372 1.242
12 65 76.042640372 1.242
12 66 76.042640372 1.242
12 67 76.042640372 1.242
12 68 76.042640372 1.242
12 69 76.042640372 1.242
12 70 76.042640372 1.242
12 71 76.042640372 1.242
12 72 75.335175788 0.5655
12 73 75.335175788 0.5655
12 74 75.335175788 0.5655
12 75 75.335175788 0.5655
12 76 75.335175788 0.5655
12 77 75.335175788 0.5655
12 78 75.335175788 0.5655
12 79 75.335175788 0.5655
12 80 80.93391845 1.257
12 81 80.93391845 1.257
12 82 80.93391845 1.257
12 83 80.93391845 1.257
12 84 80.93391845 1.257
12 85 80.93391845 1.257
12 86 80.93391845 1.257
12 87 80.93391845 1.257
12 88 79.28393676799999 0.438
12 89 79.28393676799999 0.438
12 90 79.28393676799999 0.438
12 91 79.28393676799999 0.438
12 92 79.28393676799999 0.438
12 93 79.28393676799999 0.438
12 94 79.28393676799999 0.438
12 95 79.28393676799999 0.438
12 96 81.27548339 1.266
12 97 81.27548339 1.266
12 98 81.27548339 1.266
12 99 81.27548339 1.266
12 100 81.27548339 1.266
12 101 81.27548339 1.266
12 102 81.27548339 1.266
12 103 81.27548339 1.266
12 104 80.93391845 1.257
12 105 80.93391845 1.257
12 106 80.93391845 1.257
12 107 80.93391845 1.257
12 108 80.93391845 1.257
12 109 80.93391845 1.257
12 110 80.93391845 1.257
12 111 80.93391845 1.257
12 112 79.28393676799999 0.438
12 113 79.28393676799999 0.438
12 114 79.28393676799999 0.438
12 115 79.28393676799999 0.438
12 116 79.28393676799999 0.438
12 117 79.28393676799999 0.438
12 118 79.28393676799999 0.438
12 119 79.28393676799999 0.438
12 120 80.93391845 1.257
12 121 80.93391845 1.257
12 122 80.93391845 1.257
12 123 80.93391845 1.257
12 124 80.93391845 1.257
12 125 80.93391845 1.257
12 126 80.93391845 1.257
12 127 80.93391845 1.257
13 0 81.346455086 0.2175
13 1 81.346455086 0.2175
13 2 81.346455086 0.2175
13 3 81.346455086 0.2175
13 4 81.346455086 0.2175
13 5 81.346455086 0.2175
13 6 81.346455086 0.2175
13 7 81.346455086 0.2175
13 8 82.29951905 1.263
13 9 82.29951905 1.263
13 10 82.29951905 1.263
13 11 82.29951905 1.263
13 12 82.29951905 1.263
13 13 82.29951905 1.263
13 14 82.29951905 1.263
13 15 82.29951905 1.263
13 16 78.7971875 0.456
13 17 78.7971875 0.456
13 18 78.7971875 0.456
13 19 78.7971875 0.456
13 20 78.7971875 0.456
13 21 78.7971875 0.456
13 22 78.7971875 0.456
13 23 78.7971875 0.456
13 24 82.29951905 1.263
13 25 82.29951905 1.263
13 26 82.29951905 1.263
13 27 82.29951905 1.263
13 28 82.29951905 1.263
13 29 82.29951905 1.263
13 30 82.29951905 1.263
13 31 82.29951905 1.263
13 32 76.083564452 0.078
13 33 76.083564452 0.078
13 34 76.083564452 0.078
13 35 76.083564452 0.078
13 36 76.083564452 0.078
13 37 76.083564452 0.078
13 38 76.083564452 0.078
13 39 76.083564452 0.078
13 40 74.787617192 1.272
13 41 74.787617192 1.272
13 42 74.787617192 1.272
13 43 74.787617192 1.272
13 44 74.787617192 1.272
13 45 74.787617192 1.272
13 46 74.787617192 1.272
13 47 74.787617192 1.272
13 48 82.29951905 1.263
13 49 82.29951905 1.263
13 50 82.29951905 1.263
13 51 82.29951905 1.263
13 52 82.29951905 1.263
13 53 82.29951905 1.263
13 54 82.29951905 1.263
13 55 82.29951905 1.263
13 56 78.7971875 0.456
13 57 78.7971875 0.456
13 58 78.7971875 0.456
13 59 78.7971875 0.456
13 60 78.7971875 0.456
13 61 78.7971875 0.456
13 62 78.7971875 0.456
13 63 78.7971875 0.456
13 64 76.083564452 0.078
13 65 76.083564452 0.078
13 66 76.083564452 0.078
13 67 76.083564452 0.078
13 68 76.083564452 0.078
13 69 76.083564452 0.078
13 70 76.083564452 0.078
13 71 76.083564452 0.078
13 72 74.787617192 1.272
13 73 74.787617192 1.272
13 74 74.787617192 1.272
13 75 74.787617192 1.272
13 76 74.787617192 1.272
13 77 74.787617192 1.272
13 78 74.787617192 1.272
13 79 74.787617192 1.272
13 80 82.29951905 1.263
13 81 82.29951905 1.263
13 82 82.29951905 1.263
13 83 82.29951905 1.263
13 84 82.29951905 1.263
13 85 82.29951905 1.263
13 86 82.29951905 1.263
13 87 82.29951905 1.263
13 88 78.7971875 0.456
13 89 78.7971875 0.456
13 90 78.7971875 0.456
13 91 78.7971875 0.456
13 92 78.7971875 0.456
13 93 78.7971875 0.456
13 94 78.7971875 0.456
13 95 78.7971875 0.456
13 96 81.346455086 0.2175
13 97 81.346455086 0.2175
13 98 81.346455086 0.2175
13 99 81.346455086 0.2175
13 100 81.346455086 0.2175
13 101 81.346455086 0.2175
13 102 81.346455086 0.2175
13 103 81.346455086 0.2175
13 104 82.29951905 1.263
13 105 82.29951905 1.263
13 106 82.29951905 1.263
13 107 82.29951905 1.263
13 108 82.29951905 1.263
13 109 82.29951905 1.263
13 110 82.29951905 1.263
13 111 82.29951905 1.263
13 112 78.7971875 0.456
13 113 78.7971875 0.456
13 114 78.7971875 0.456
13 115 78.7971875 0.456
13 116 78.7971875 0.456
13 117 78.7971875 0.456
13 118 78.7971875 0.456
13 119 78.7971875 0.456
13 120 82.29951905 1.263
13 121 82.29951905 1.263
13 122 82.29951905 1.263
13 123 82.29951905 1.263
13 124 82.29951905 1.263
13 125 82.29951905 1.263
13 126 82.29951905 1.263
13 127 82.29951905 1.263
14 0 81.115412594 0.39
14 1 81.115412594 0.39
14 2 81.115412594 0.39
14 3 81.115412594 0.39
14 4 81.115412594 0.39
14 5 81.115412594 0.39
14 6 81.115412594 0.39
14 7 81.115412594 0.39
14 8 83.01297119 0.867
14 9 83.01297119 0.867
14 10 83.01297119 0.867
14 11 83.01297119 0.867
14 12 83.01297119 0.867
14 13 83.01297119 0.867
14 14 83.01297119 0.867
14 15 83.01297119 0.867
14 16 78.074396978 0.6614999999999999
14 17 78.074396978 0.6614999999999999
14 18 78.074396978 0.6614999999999999
14 19 78.074396978 0.6614999999999999
14 20 78.074396978 0.6614999999999999
14 21 78.074396978 0.6614999999999999
14 22 78.074396978 0.6614999999999999
14 23 78.074396978 0.6614999999999999
14 24 83.01297119 0.867
14 25 83.01297119 0.867
14 26 83.01297119 0.867
14 27 83.01297119 0.867
14 28 83.01297119 0.867
14 29 83.01297119 0.867
14 30 83.01297119 0.867
14 31 83.01297119 0.867
14 32 75.81813475999999 0.501
14 33 75.81813475999999 0.501
14 34 75.81813475999999 0.501
14 35 75.81813475999999 0.501
14 36 75.81813475999999 0.501
14 37 75.81813475999999 0.501
14 38 75.81813475999999 0.501
14 39 75.81813475999999 0.501
14 40 73.646687012 1.2
14 41 73.646687012 1.2
14 42 73.646687012 1.2
14 43 73.646687012 1.2
14 44 73.646687012 1.2
14 45 73.646687012 1.2
14 46 73.646687012 1.2
14 47 73.646687012 1.2
14 48 83.01297119 0.867
14 49 83.01297119 0.867
14 50 83.01297119 0.867
14 51 83.01297119 0.867
14 52 83.01297119 0.867
14 53 83.01297119 0.867
14 54 83.01297119 0.867
14 55 83.01297119 0.867
14 56 78.074396978 0.6614999999999999
14 57 78.074396978 0.6614999999999999
14 58 78.074396978 0.6614999999999999
14 59 78.074396978 0.6614999999999999
14 60 78.074396978 0.6614999999999999
14 61 78.074396978 0.6614999999999999
14 62 78.074396978 0.6614999999999999
14 63 78.074396978 0.6614999999999999
14 64 75.81813475999999 0.501
14 65 75.81813475999999 0.501
14 66 75.81813475999999 0.501
14 67 75.81813475999999 0.501
14 68 75.81813475999999 0.501
14 69 75.81813475999999 0.501
14 70 75.81813475999999 0.501
14 71 75.81813475999999 0.501
14 72 73.646687012 1.2
14 73 73.646687012 1.2
14 74 73.646687012 1.2
14 75 73.646687012 1.2
14 76 73.646687012 1.2
14 77 73.646687012 1.2
14 78 73.646687012 1.2
14 79 73.646687012 1.2
14 80 83.01297119 0.867
14 81 83.01297119 0.867
14 82 83.01297119 0.867
14 83 83.01297119 0.867
14 84 83.01297119 0.867
14 85 83.01297119 0.867
14 86 83.01297119 0.867
14 87 83.01297119 0.867
14 88 78.074396978 0.6614999999999999
14 89 78.074396978 0.6614999999999999
14 90 78.074396978 0.6614999999999999
14 91 78.074396978 0.6614999999999999
14 92 78.074396978 0.6614999999999999
14 93 78.074396978 0.6614999999999999
14 94 78.074396978 0.6614999999999999
14 95 78.074396978 0.6614999999999999
14 96 81.115412594 0.39
14 97 81.115412594 0.39
14 98 81.115412594 0.39
14 99 81.115412594 0.39
14 100 81.115412594 0.39
14 101 81.115412594 0.39
14 102 81.115412594 0.39
14 103 81.115412594 0.39
14 104 83.01297119 0.867
14 105 83.01297119 0.867
14 106 83.01297119 0.867
14 107 83.01297119 0.867
14 108 83.01297119 0.867
14 109 83.01297119 0.867
14 110 83.01297119 0.867
14 111 83.01297119 0.867
14 112 78.074396978 0.6614999999999999
14 113 78.074396978 0.6614999999999999
14 114 78.074396978 0.6614999999999999
14 115 78.074396978 0.6614999999999999
14 116 78.074396978 0.6614999999999999
14 117 78.074396978 0.6614999999999999
14 118 78.074396978 0.6614999999999999
14 119 78.074396978 0.6614999999999999
14 120 83.01297119 0.867
14 121 83.01297119 0.867
14 122 83.01297119 0.867
14 123 83.01297119 0.867
14 124 83.01297119 0.867
14 125 83.01297119 0.867
14 126 83.01297119 0.867
14 127 83.01297119 0.867
15 0 80.304621584 1.0305
15 1 80.304621584 1.0305
15 2 80.304621584 1.0305
15 3 80.304621584 1.0305
15 4 81.484663082 1.0695
15 5 81.484663082 1.0695
15 6 81.484663082 1.0695
15 7 81.484663082 1.0695
15 8 82.586207282 0.9239999999999999
15 9 82.586207282 0.9239999999999999
15 10 82.586207282 0.9239999999999999
15 11 82.586207282 0.9239999999999999
15 12 83.06208008600001 0.927
15 13 83.06208008600001 0.927
15 14 83.06208008600001 0.927
15 15 83.06208008600001 0.927
15 16 77.04827393 0.768
15 17 77.04827393 0.768
15 18 77.04827393 0.768
15 19 77.04827393 0.768
15 20 77.442792962 1.14
15 21 77.442792962 1.14
15 22 77.442792962 1.14
15 23 77.442792962 1.14
15 24 82.586207282 0.9239999999999999
15 25 82.586207282 0.9239999999999999
15 26 82.586207282 0.9239999999999999
15 27 82.586207282 0.9239999999999999
15 28 83.06208008600001 0.927
15 29 83.06208008600001 0.927
15 30 83.06208008600001 0.927
15 31 83.06208008600001 0.927
15 32 75.342921134 0.7889999999999999
15 33 75.342921134 0.7889999999999999
15 34 75.342921134 0.7889999999999999
15 35 75.342921134 0.7889999999999999
15 36 75.38208740600001 0.501
15 37 75.38208740600001 0.501
15 38 75.38208740600001 0.501
15 39 75.38208740600001 0.501
15 40 72.363868412 0.9285
15 41 72.363868412 0.9285
15 42 72.363868412 0.9285
15 43 72.363868412 0.9285
15 44 73.613398442 0.1275
15 45 73.613398442 0.1275
15 46 73.613398442 0.1275
15 47 73.613398442 0.1275
15 48 82.586207282 0.9239999999999999
15 49 82.586207282 0.9239999999999999
15 50 82.586207282 0.9239999999999999
15 51 82.586207282 0.9239999999999999
15 52 83.06208008600001 0.927
15 53 83.06208008600001 0.927
15 54 83.06208008600001 0.927
15 55 83.06208008600001 0.927
15 56 77.04827393 0.768
15 57 77.04827393 0.768
15 58 77.04827393 0.768
15 59 77.04827393 0.768
15 60 77.442792962 1.14
15 61 77.442792962 1.14
15 62 77.442792962 1.14
15 63 77.442792962 1.14
15 64 75.342921134 0.7889999999999999
15 65 75.342921134 0.7889999999999999
15 66 75.342921134 0.7889999999999999
15 67 75.342921134 0.7889999999999999
15 68 75.38208740600001 0.501
15 69 75.38208740600001 0.501
15 70 75.38208740600001 0.501
15 71 75.38208740600001 0.501
15 72 72.363868412 0.9285
15 73 72.363868412 0.9285
15 74 72.363868412 0.9285
15 75 72.363868412 0.9285
15 76 73.613398442 0.1275
15 77 73.613398442 0.1275
15 78 73.613398442 0.1275
15 79 73.613398442 0.1275
15 80 82.586207282 0.9239999999999999
15 81 82.586207282 0.9239999999999999
15 82 82.586207282 0.9239999999999999
15 83 82.586207282 0.9239999999999999
15 84 83.06208008600001 0.927
15 85 83.06208008600001 0.927
15 86 83.06208008600001 0.927
15 87 83.06208008600001 0.927
15 88 77.04827393 0.768
15 89 77.04827393 0.768
15 90 77.04827393 0.768
15 91 77.04827393 0.768
15 92 77.442792962 1.14
15 93 77.442792962 1.14
15 94 77.442792962 1.14
15 95 77.442792962 1.14
15 96 80.304621584 1.0305
15 97 80.304621584 1.0305
15 98 80.304621584 1.0305
15 99 80.304621584 1.0305
15 100 81.484663082 1.0695
15 101 81.484663082 1.0695
15 102 81.484663082 1.0695
15 103 81.484663082 1.0695
15 104 82.586207282 0.9239999999999999
15 105 82.586207282 0.9239999999999999
15 106 82.586207282 0.9239999999999999
15 107 82.586207282 0.9239999999999999
15 108 83.06208008600001 0.927
15 109 83.06208008600001 0.927
15 110 83.06208008600001 0.927
15 111 83.06208008600001 0.927
15 112 77.04827393 0.768
15 113 77.04827393 0.768
15 114 77.04827393 0.768
15 115 77.04827393 0.768
15 116 77.442792962 1.14
15 117 77.442792962 1.14
15 118 77.442792962 1.14
15 119 77.442792962 1.14
15 120 82.586207282 0.9239999999999999
15 121 82.586207282 0.9239999999999999
15 122 82.586207282 0.9239999999999999
15 123 82.586207282 0.9239999999999999
15 124 83.06208008600001 0.927
15 125 83.06208008600001 0.927
15 126 83.06208008600001 0.927
15 127 83.06208008600001 0.927
16 0 79.320686036 0.7905
16 1 79.320686036 0.7905
16 2 79.320686036 0.7905
16 3 79.320686036 0.7905
16 4 80.806037594 0.891
16 5 80.806037594 0.891
16 6 80.806037594 0.891
16 7 80.806037594 0.891
16 8 81.228461918 0.888
16 9 81.228461918 0.888
16 10 81.228461918 0.888
16 11 81.228461918 0.888
16 12 82.373841554 0.792
16 13 82.373841554 0.792
16 14 82.373841554 0.792
16 15 82.373841554 0.792
16 16 75.824451896 0.7425
16 17 75.824451896 0.7425
16 18 75.824451896 0.7425
16 19 75.824451896 0.7425
16 20 76.261488044 0.9539999999999998
16 21 76.261488044 0.9539999999999998
16 22 76.261488044 0.9539999999999998
16 23 76.261488044 0.9539999999999998
16 24 81.228461918 0.888
16 25 81.228461918 0.888
16 26 81.228461918 0.888
16 27 81.228461918 0.888
16 28 82.373841554 0.792
16 29 82.373841554 0.792
16 30 82.373841554 0.792
16 31 82.373841554 0.792
16 32 74.62359131 0.8745
16 33 74.62359131 0.8745
16 34 74.62359131 0.8745
16 35 74.62359131 0.8745
16 36 74.797559816 0.4005
16 37 74.797559816 0.4005
16 38 74.797559816 0.4005
16 39 74.797559816 0.4005
16 40 71.123017586 0.7395
16 41 71.123017586 0.7395
16 42 71.123017586 0.7395
16 43 71.123017586 0.7395
16 44 73.246180424 0.7935
16 45 73.246180424 0.7935
16 46 73.246180424 0.7935
16 47 73.246180424 0.7935
16 48 81.228461918 0.888
16 49 81.228461918 0.888
16 50 81.228461918 0.888
16 51 81.228461918 0.888
16 52 82.373841554 0.792
16 53 82.373841554 0.792
16 54 82.373841554 0.792
16 55 82.373841554 0.792
16 56 75.824451896 0.7425
16 57 75.824451896 0.7425
16 58 75.824451896 0.7425
16 59 75.824451896 0.7425
16 60 76.261488044 0.9539999999999998
16 61 76.261488044 0.9539999999999998
16 62 76.261488044 0.9539999999999998
16 63 76.261488044 0.9539999999999998
16 64 74.62359131 0.8745
16 65 74.62359131 0.8745
16 66 74.62359131 0.8745
16 67 74.62359131 0.8745
16 68 74.797559816 0.4005
16 69 74.797559816 0.4005
16 70 74.797559816 0.4005
16 71 74.797559816 0.4005
16 72 71.123017586 0.7395
16 73 71.123017586 0.7395
16 74 71.123017586 0.7395
16 75 71.123017586 0.7395
16 76 73.246180424 0.7935
16 77 73.246180424 0.7935
16 78 73.246180424 0.7935
16 79 73.246180424 0.7935
16 80 81.228461918 0.888
16 81 81.228461918 0.888
16 82 81.228461918 0.888
16 83 81.228461918 0.888
16 84 82.373841554 0.792
16 85 82.373841554 0.792
16 86 82.373841554 0.792
16 87 82.373841554 0.792
16 88 75.824451896 0.7425
16 89 75.824451896 0.7425
16 90 75.824451896 0.7425
16 91 75.824451896 0.7425
16 92 76.261488044 0.9539999999999998
16 93 76.261488044 0.9539999999999998
16 94 76.261488044 0.9539999999999998
16 95 76.261488044 0.9539999999999998
16 96 79.320686036 0.7905
16 97 79.320686036 0.7905
16 98 79.320686036 0.7905
16 99 79.320686036 0.7905
16 100 80.806037594 0.891
16 101 80.806037594 0.891
16 102 80.806037594 0.891
16 103 80.806037594 0.891
16 104 81.228461918 0.888
16 105 81.228461918 0.888
16 106 81.228461918 0.888
16 107 81.228461918 0.888
16 108 82.373841554 0.792
16 109 82.373841554 0.792
16 110 82.373841554 0.792
16 111 82.373841554 0.792
16 112 75.824451896 0.7425
16 113 75.824451896 0.7425
16 114 75.824451896 0.7425
16 115 75.824451896 0.7425
16 116 76.261488044 0.9539999999999998
16 117 76.261488044 0.9539999999999998
16 118 76.261488044 0.9539999999999998
16 119 76.261488044 0.9539999999999998
16 120 81.228461918 0.888
16 121 81.228461918 0.888
16 122 81.228461918 0.888
16 123 81.228461918 0.888
16 124 82.373841554 0.792
16 125 82.373841554 0.792
16 126 82.373841554 0.792
16 127 82.373841554 0.792
17 0 78.350098874 0.312
17 1 78.350098874 0.312
17 2 78.350098874 0.312
17 3 78.350098874 0.312
17 4 79.495093994 0.672
17 5 79.495093994 0.672
17 6 79.495093994 0.672
17 7 79.495093994 0.672
17 8 79.231586918 0.6675
17 9 79.231586918 0.6675
17 10 79.231586918 0.6675
17 11 79.231586918 0.6675
17 12 81.11469848 0.5775
17 13 81.11469848 0.5775
17 14 81.11469848 0.5775
17 15 81.11469848 0.5775
17 16 74.474946284 0.585
17 17 74.474946284 0.585
17 18 74.474946284 0.585
17 19 74.474946284 0.585
17 20 74.417158202 0.7305
17 21 74.417158202 0.7305
17 22 74.417158202 0.7305
17 23 74.417158202 0.7305
17 24 79.231586918 0.6675
17 25 79.231586918 0.6675
17 26 79.231586918 0.6675
17 27 79.231586918 0.6675
17 28 81.11469848 0.5775
17 29 81.11469848 0.5775
17 30 81.11469848 0.5775
17 31 81.11469848 0.5775
17 32 73.5768689 0.5865
17 33 73.5768689 0.5865
17 34 73.5768689 0.5865
17 35 73.5768689 0.5865
17 36 74.318500976 0.37949999999999995
17 37 74.318500976 0.37949999999999995
17 38 74.318500976 0.37949999999999995
17 39 74.318500976 0.37949999999999995
17 40 69.63656738 0.672
17 41 69.63656738 0.672
17 42 69.63656738 0.672
17 43 69.63656738 0.672
17 44 72.451044914 0.633
17 45 72.451044914 0.633
17 46 72.451044914 0.633
17 47 72.451044914 0.633
17 48 79.231586918 0.6675
17 49 79.231586918 0.6675
17 50 79.231586918 0.6675
17 51 79.231586918 0.6675
17 52 81.11469848 0.5775
17 53 81.11469848 0.5775
17 54 81.11469848 0.5775
17 55 81.11469848 0.5775
17 56 74.474946284 0.585
17 57 74.474946284 0.585
17 58 74.474946284 0.585
17 59 74.474946284 0.585
17 60 74.417158202 0.7305
17 61 74.417158202 0.7305
17 62 74.417158202 0.7305
17 63 74.417158202 0.7305
17 64 73.5768689 0.5865
17 65 73.5768689 0.5865
17 66 73.5768689 0.5865
17 67 73.5768689 0.5865
17 68 74.318500976 0.37949999999999995
17 69 74.318500976 0.37949999999999995
17 70 74.318500976 0.37949999999999995
17 71 74.318500976 0.37949999999999995
17 72 69.63656738 0.672
17 73 69.63656738 0.672
17 74 69.63656738 0.672
17 75 69.63656738 0.672
17 76 72.451044914 0.633
17 77 72.451044914 0.633
17 78 72.451044914 0.633
17 79 72.451044914 0.633
17 80 79.231586918 0.6675
17 81 79.231586918 0.6675
17 82 79.231586918 0.6675
17 83 79.231586918 0.6675
17 84 81.11469848 0.5775
17 85 81.11469848 0.5775
17 86 81.11469848 0.5775
17 87 81.11469848 0.5775
17 88 74.474946284 0.585
17 89 74.474946284 0.585
17 90 74.474946284 0.585
17 91 74.474946284 0.585
17 92 74.417158202 0.7305
17 93 74.417158202 0.7305
17 94 74.417158202 0.7305
17 95 74.417158202 0.7305
17 96 78.350098874 0.312
17 97 78.350098874 0.312
17 98 78.350098874 0.312
17 99 78.350098874 0.312
17 100 79.495093994 0.672
17 101 79.495093994 0.672
17 102 79.495093994 0.672
17 103 79.495093994 0.672
17 104 79.231586918 0.6675
17 105 79.231586918 0.6675
17 106 79.231586918 0.6675
17 107 79.231586918 0.6675
17 108 81.11469848 0.5775
17 109 81.11469848 0.5775
17 110 81.11469848 0.5775
17 111 81.11469848 0.5775
17 112 74.474946284 0.585
17 113 74.474946284 0.585
17 114 74.474946284 0.585
17 115 74.474946284 0.585
17 116 74.417158202 0.7305
17 117 74.417158202 0.7305
17 118 74.417158202 0.7305
17 119 74.417158202 0.7305
17 120 79.231586918 0.6675
17 121 79.231586918 0.6675
17 122 79.231586918 0.6675
17 123 79.231586918 0.6675
17 124 81.11469848 0.5775
17 125 81.11469848 0.5775
17 126 81.11469848 0.5775
17 127 81.11469848 0.5775
18 0 76.924567868 0.363
18 1 76.924567868 0.363
18 2 76.48280762 0.4305
18 3 76.48280762 0.4305
18 4 77.552326652 0.4425
18 5 77.552326652 0.4425
18 6 76.48280762 0.4305
18 7 76.48280762 0.4305
18 8 76.48280762 0.4305
18 9 76.48280762 0.4305
18 10 77.552326652 0.4425
18 11 77.552326652 0.4425
18 12 79.24592408000001 0.021
18 13 79.24592408000001 0.021
18 14 79.549146734 0.3465
18 15 79.549146734 0.3465
18 16 73.09385497400001 0.2925
18 17 73.09385497400001 0.2925
18 18 71.90843018000001 0.49199999999999994
18 19 71.90843018000001 0.49199999999999994
18 20 71.90843018000001 0.49199999999999994
18 21 71.90843018000001 0.49199999999999994
18 22 73.09385497400001 0.2925
18 23 73.09385497400001 0.2925
18 24 76.48280762 0.4305
18 25 76.48280762 0.4305
18 26 77.552326652 0.4425
18 27 77.552326652 0.4425
18 28 79.24592408000001 0.021
18 29 79.24592408000001 0.021
18 30 79.549146734 0.3465
18 31 79.549146734 0.3465
18 32 72.34156616 0.408
18 33 72.34156616 0.408
18 34 71.85959594600001 0.444
18 35 71.85959594600001 0.444
18 36 72.874512932 0.0345
18 37 72.874512932 0.0345
18 38 71.90843018000001 0.49199999999999994
18 39 71.90843018000001 0.49199999999999994
18 40 67.69061402 0.441
18 41 67.69061402 0.441
18 42 67.896772466 0.38699999999999996
18 43 67.896772466 0.38699999999999996
18 44 70.618800056 0.3555
18 45 70.618800056 0.3555
18 46 70.428681644 0.363
18 47 70.428681644 0.363
18 48 76.48280762 0.4305
18 49 76.48280762 0.4305
18 50 77.552326652 0.4425
18 51 77.552326652 0.4425
18 52 79.24592408000001 0.021
18 53 79.24592408000001 0.021
18 54 79.549146734 0.3465
18 55 79.549146734 0.3465
18 56 73.09385497400001 0.2925
18 57 73.09385497400001 0.2925
18 58 71.90843018000001 0.49199999999999994
18 59 71.90843018000001 0.49199999999999994
18 60 71.90843018000001 0.49199999999999994
18 61 71.90843018000001 0.49199999999999994
18 62 73.09385497400001 0.2925
18 63 73.09385497400001 0.2925
18 64 72.34156616 0.408
18 65 72.34156616 0.408
18 66 71.85959594600001 0.444
18 67 71.85959594600001 0.444
18 68 72.874512932 0.0345
18 69 72.874512932 0.0345
18 70 71.90843018000001 0.49199999999999994
18 71 71.90843018000001 0.49199999999999994
18 72 67.69061402 0.441
18 73 67.69061402 0.441
18 74 67.896772466 0.38699999999999996
18 75 67.896772466 0.38699999999999996
18 76 70.618800056 0.3555
18 77 70.618800056 0.3555
18 78 70.428681644 0.363
18 79 70.428681644 0.363
18 80 76.48280762 0.4305
18 81 76.48280762 0.4305
18 82 77.552326652 0.4425
18 83 77.552326652 0.4425
18 84 79.24592408000001 0.021
18 85 79.24592408000001 0.021
18 86 79.549146734 0.3465
18 87 79.549146734 0.3465
18 88 73.09385497400001 0.2925
18 89 73.09385497400001 0.2925
18 90 71.90843018000001 0.49199999999999994
18 91 71.90843018000001 0.49199999999999994
18 92 71.90843018000001 0.49199999999999994
18 93 71.90843018000001 0.49199999999999994
18 94 73.09385497400001 0.2925
18 95 73.09385497400001 0.2925
18 96 76.924567868 0.363
18 97 76.924567868 0.363
18 98 76.48280762 0.4305
18 99 76.48280762 0.4305
18 100 77.552326652 0.4425
18 101 77.552326652 0.4425
18 102 76.48280762 0.4305
18 103 76.48280762 0.4305
18 104 76.48280762 0.4305
18 105 76.48280762 0.4305
18 106 77.552326652 0.4425
18 107 77.552326652 0.4425
18 108 79.24592408000001 0.021
18 109 79.24592408000001 0.021
18 110 79.549146734 0.3465
18 111 79.549146734 0.3465
18 112 73.09385497400001 0.2925
18 113 73.09385497400001 0.2925
18 114 71.90843018000001 0.49199999999999994
18 115 71.90843018000001 0.49199999999999994
18 116 71.90843018000001 0.49199999999999994
18 117 71.90843018000001 0.49199999999999994
18 118 73.09385497400001 0.2925
18 119 73.09385497400001 0.2925
18 120 76.48280762 0.4305
18 121 76.48280762 0.4305
18 122 77.552326652 0.4425
18 123 77.552326652 0.4425
18 124 79.24592408000001 0.021
18 125 79.24592408000001 0.021
18 126 79.549146734 0.3465
18 127 79.549146734 0.3465
19 0 74.91148804400001 0.012
19 1 74.91148804400001 0.012
19 2 73.189875488 0.2055
19 3 73.189875488 0.2055
19 4 75.033491216 0.17849999999999996
19 5 75.033491216 0.17849999999999996
19 6 73.189875488 0.2055
19 7 73.189875488 0.2055
19 8 73.189875488 0.2055
19 9 73.189875488 0.2055
19 10 75.033491216 0.17849999999999996
19 11 75.033491216 0.17849999999999996
19 12 76.79663207600001 0.159
19 13 76.79663207600001 0.159
19 14 76.34108399 0.2445
19 15 76.34108399 0.2445
19 16 71.638166498 0.213
19 17 71.638166498 0.213
19 18 68.583802496 0.261
19 19 68.583802496 0.261
19 20 68.583802496 0.261
19 21 68.583802496 0.261
19 22 71.638166498 0.213
19 23 71.638166498 0.213
19 24 73.189875488 0.2055
19 25 73.189875488 0.2055
19 26 75.033491216 0.17849999999999996
19 27 75.033491216 0.17849999999999996
19 28 76.79663207600001 0.159
19 29 76.79663207600001 0.159
19 30 76.34108399 0.2445
19 31 76.34108399 0.2445
19 32 70.885438232 0.21
19 33 70.885438232 0.21
19 34 68.713825676 0.219
19 35 68.713825676 0.219
19 36 69.83080566800001 0.192
19 37 69.83080566800001 0.192
19 38 68.583802496 0.261
19 39 68.583802496 0.261
19 40 65.111848142 0.219
19 41 65.111848142 0.219
19 42 65.109046622 0.2205
19 43 65.109046622 0.2205
19 44 67.870844726 0.0705
19 45 67.870844726 0.0705
19 46 67.77932862200001 0.17099999999999999
19 47 67.77932862200001 0.17099999999999999
19 48 73.189875488 0.2055
19 49 73.189875488 0.2055
19 50 75.033491216 0.17849999999999996
19 51 75.033491216 0.17849999999999996
19 52 76.79663207600001 0.159
19 53 76.79663207600001 0.159
19 54 76.34108399 0.2445
19 55 76.34108399 0.2445
19 56 71.638166498 0.213
19 57 71.638166498 0.213
19 58 68.583802496 0.261
19 59 68.583802496 0.261
19 60 68.583802496 0.261
19 61 68.583802496 0.261
19 62 71.638166498 0.213
19 63 71.638166498 0.213
19 64 70.885438232 0.21
19 65 70.885438232 0.21
19 66 68.713825676 0.219
19 67 68.713825676 0.219
19 68 69.83080566800001 0.192
19 69 69.83080566800001 0.192
19 70 68.583802496 0.261
19 71 68.583802496 0.261
19 72 65.111848142 0.219
19 73 65.111848142 0.219
19 74 65.109046622 0.2205
19 75 65.109046622 0.2205
19 76 67.870844726 0.0705
19 77 67.870844726 0.0705
19 78 67.77932862200001 0.17099999999999999
19 79 67.77932862200001 0.17099999999999999
19 80 73.189875488 0.2055
19 81 73.189875488 0.2055
19 82 75.033491216 0.17849999999999996
19 83 75.033491216 0.17849999999999996
19 84 76.79663207600001 0.159
19 85 76.79663207600001 0.159
19 86 76.34108399 0.2445
19 87 76.34108399 0.2445
19 88 71.638166498 0.213
19 89 71.638166498 0.213
19 90 68.583802496 0.261
19 91 68.583802496 0.261
19 92 68.583802496 0.261
19 93 68.583802496 0.261
19 94 71.638166498 0.213
19 95 71.638166498 0.213
19 96 74.91148804400001 0.012
19 97 74.91148804400001 0.012
19 98 73.189875488 0.2055
19 99 73.189875488 0.2055
19 100 75.033491216 0.17849999999999996
19 101 75.033491216 0.17849999999999996
19 102 73.189875488 0.2055
19 103 73.189875488 0.2055
19 104 73.189875488 0.2055
19 105 73.189875488 0.2055
19 106 75.033491216 0.17849999999999996
19 107 75.033491216 0.17849999999999996
19 108 76.79663207600001 0.159
19 109 76.79663207600001 0.159
19 110 76.34108399 0.2445
19 111 76.34108399 0.2445
19 112 71.638166498 0.213
19 113 71.638166498 0.213
19 114 68.583802496 0.261
19 115 68.583802496 0.261
19 116 68.583802496 0.261
19 117 68.583802496 0.261
19 118 71.638166498 0.213
19 119 71.638166498 0.213
19 120 73.189875488 0.2055
19 121 73.189875488 0.2055
19 122 75.033491216 0.17849999999999996
19 123 75.033491216 0.17849999999999996
19 124 76.79663207600001 0.159
19 125 76.79663207600001 0.159
19 126 76.34108399 0.2445
19 127 76.34108399 0.2445
20 0 73.002943112 0.003
20 1 73.002943112 0.003
20 2 71.021778566 0.0345
20 3 71.021778566 0.0345
20 4 72.733063964 0.0525
20 5 72.733063964 0.0525
20 6 71.021778566 0.0345
20 7 71.021778566 0.0345
20 8 71.021778566 0.0345
20 9 71.021778566 0.0345
20 10 72.733063964 0.0525
20 11 72.733063964 0.0525
20 12 74.446931156 0.0285
20 13 74.446931156 0.0285
20 14 73.065675056 0.0705
20 15 73.065675056 0.0705
20 16 70.22807128400001 0.0525
20 17 70.22807128400001 0.0525
20 18 65.693244632 0.0735
20 19 65.693244632 0.0735
20 20 65.693244632 0.0735
20 21 65.693244632 0.0735
20 22 70.22807128400001 0.0525
20 23 70.22807128400001 0.0525
20 24 71.021778566 0.0345
20 25 71.021778566 0.0345
20 26 72.733063964 0.0525
20 27 72.733063964 0.0525
20 28 74.446931156 0.0285
20 29 74.446931156 0.0285
20 30 73.065675056 0.0705
20 31 73.065675056 0.0705
20 32 69.563398442 0.051
20 33 69.563398442 0.051
20 34 66.505024418 0.0435
20 35 66.505024418 0.0435
20 36 67.273353266 0.033
20 37 67.273353266 0.033
20 38 65.693244632 0.0735
20 39 65.693244632 0.0735
20 40 62.506440428000005 0.045
20 41 62.506440428000005 0.045
20 42 62.08484009 0.0705
20 43 62.08484009 0.0705
20 44 65.774158934 0.0075
20 45 65.774158934 0.0075
20 46 65.908796378 0.0165
20 47 65.908796378 0.0165
20 48 71.021778566 0.0345
20 49 71.021778566 0.0345
20 50 72.733063964 0.0525
20 51 72.733063964 0.0525
20 52 74.446931156 0.0285
20 53 74.446931156 0.0285
20 54 73.065675056 0.0705
20 55 73.065675056 0.0705
20 56 70.22807128400001 0.0525
20 57 70.22807128400001 0.0525
20 58 65.693244632 0.0735
20 59 65.693244632 0.0735
20 60 65.693244632 0.0735
20 61 65.693244632 0.0735
20 62 70.22807128400001 0.0525
20 63 70.22807128400001 0.0525
20 64 69.563398442 0.051
20 65 69.563398442 0.051
20 66 66.505024418 0.0435
20 67 66.505024418 0.0435
20 68 67.273353266 0.033
20 69 67.273353266 0.033
20 70 65.693244632 0.0735
20 71 65.693244632 0.0735
20 72 62.506440428000005 0.045
20 73 62.506440428000005 0.045
20 74 62.08484009 0.0705
20 75 62.08484009 0.0705
20 76 65.774158934 0.0075
20 77 65.774158934 0.0075
20 78 65.908796378 0.0165
20 79 65.908796378 0.0165
20 80 71.021778566 0.0345
20 81 71.021778566 0.0345
20 82 72.733063964 0.0525
20 83 72.733063964 0.0525
20 84 74.446931156 0.0285
20 85 74.446931156 0.0285
20 86 73.065675056 0.0705
20 87 73.065675056 0.0705
20 88 70.22807128400001 0.0525
20 89 70.22807128400001 0.0525
20 90 65.693244632 0.0735
20 91 65.693244632 0.0735
20 92 65.693244632 0.0735
20 93 65.693244632 0.0735
20 94 70.22807128400001 0.0525
20 95 70.22807128400001 0.0525
20 96 73.002943112 0.003
20 97 73.002943112 0.003
20 98 71.021778566 0.0345
20 99 71.021778566 0.0345
20 100 72.733063964 0.0525
20 101 72.733063964 0.0525
20 102 71.021778566 0.0345
20 103 71.021778566 0.0345
20 104 71.021778566 0.0345
20 105 71.021778566 0.0345
20 106 72.733063964 0.0525
20 107 72.733063964 0.0525
20 108 74.446931156 0.0285
20 109 74.446931156 0.0285
20 110 73.065675056 0.0705
20 111 73.065675056 0.0705
20 112 70.22807128400001 0.0525
20 113 70.22807128400001 0.0525
20 114 65.693244632 0.0735
20 115 65.693244632 0.0735
20 116 65.693244632 0.0735
20 117 65.693244632 0.0735
20 118 70.22807128400001 0.0525
20 119 70.22807128400001 0.0525
20 120 71.021778566 0.0345
20 121 71.021778566 0.0345
20 122 72.733063964 0.0525
20 123 72.733063964 0.0525
20 124 74.446931156 0.0285
20 125 74.446931156 0.0285
20 126 73.065675056 0.0705
20 127 73.065675056 0.0705
21 0 71.224256588 0.0
21 1 70.99244506400001 0.0
21 2 70.106068112 0.0
21 3 69.507368168 0.0
21 4 70.97843750000001 0.0
21 5 70.27750976 0.0
21 6 70.106068112 0.0
21 7 69.507368168 0.0
21 8 70.106068112 0.0
21 9 69.507368168 0.0
21 10 70.97843750000001 0.0
21 11 70.27750976 0.0
21 12 72.930378416 0.0
21 13 73.350660398 0.0
21 14 70.99244506400001 0.0
21 15 71.224256588 0.0
21 16 69.103620608 0.0
21 17 68.67103393400001 0.0
21 18 63.750037838 0.0
21 19 64.954084478 0.0
21 20 63.750037838 0.0
21 21 64.954084478 0.0
21 22 69.103620608 0.0
21 23 68.67103393400001 0.0
21 24 70.106068112 0.0
21 25 69.507368168 0.0
21 26 70.97843750000001 0.0
21 27 70.27750976 0.0
21 28 72.930378416 0.0
21 29 73.350660398 0.0
21 30 70.99244506400001 0.0
21 31 71.224256588 0.0
21 32 68.67103393400001 0.0
21 33 68.448560792 0.0
21 34 65.608485116 0.0
21 35 64.895856926 0.0
21 36 65.881495364 0.0
21 37 66.2753003 0.0
21 38 63.750037838 0.0
21 39 64.954084478 0.0
21 40 60.689741216 0.0
21 41 59.81264771 0.0
21 42 59.81264771 0.0
21 43 60.689741216 0.0
21 44 64.642292474 0.0
21 45 64.954084478 0.0
21 46 64.895856926 0.0
21 47 64.642292474 0.0
21 48 70.106068112 0.0
21 49 69.507368168 0.0
21 50 70.97843750000001 0.0
21 51 70.27750976 0.0
21 52 72.930378416 0.0
21 53 73.350660398 0.0
21 54 70.99244506400001 0.0
21 55 71.224256588 0.0
21 56 69.103620608 0.0
21 57 68.67103393400001 0.0
21 58 63.750037838 0.0
21 59 64.954084478 0.0
21 60 63.750037838 0.0
21 61 64.954084478 0.0
21 62 69.103620608 0.0
21 63 68.67103393400001 0.0
21 64 68.67103393400001 0.0
21 65 68.448560792 0.0
21 66 65.608485116 0.0
21 67 64.895856926 0.0
21 68 65.881495364 0.0
21 69 66.2753003 0.0
21 70 63.750037838 0.0
21 71 64.954084478 0.0
21 72 60.689741216 0.0
21 73 59.81264771 0.0
21 74 59.81264771 0.0
21 75 60.689741216 0.0
21 76 64.642292474 0.0
21 77 64.954084478 0.0
21 78 64.895856926 0.0
21 79 64.642292474 0.0
21 80 70.106068112 0.0
21 81 69.507368168 0.0
21 82 70.97843750000001 0.0
21 83 70.27750976 0.0
21 84 72.930378416 0.0
21 85 73.350660398 0.0
21 86 70.99244506400001 0.0
21 87 71.224256588 0.0
21 88 69.103620608 0.0
21 89 68.67103393400001 0.0
21 90 63.750037838 0.0
21 91 64.954084478 0.0
21 92 63.750037838 0.0
21 93 64.954084478 0.0
21 94 69.103620608 0.0
21 95 68.67103393400001 0.0
21 96 71.224256588 0.0
21 97 70.99244506400001 0.0
21 98 70.106068112 0.0
21 99 69.507368168 0.0
21 100 70.97843750000001 0.0
21 101 70.27750976 0.0
21 102 70.106068112 0.0
21 103 69.507368168 0.0
21 104 70.106068112 0.0
21 105 69.507368168 0.0
21 106 70.97843750000001 0.0
21 107 70.27750976 0.0
21 108 72.930378416 0.0
21 109 73.350660398 0.0
21 110 70.99244506400001 0.0
21 111 71.224256588 0.0
21 112 69.103620608 0.0
21 113 68.67103393400001 0.0
21 114 63.750037838 0.0
21 115 64.954084478 0.0
21 116 63.750037838 0.0
21 117 64.954084478 0.0
21 118 69.103620608 0.0
21 119 68.67103393400001 0.0
21 120 70.106068112 0.0
21 121 69.507368168 0.0
21 122 70.97843750000001 0.0
21 123 70.27750976 0.0
21 124 72.930378416 0.0
21 125 73.350660398 0.0
21 126 70.99244506400001 0.0
21 127 71.224256588 0.0
22 0 69.21342896 0.0
22 1 69.58998536000001 0.0
22 2 68.955744632 0.0
22 3 67.80608033 0.0
22 4 69.537745364 0.0
22 5 68.661311036 0.0
22 6 68.955744632 0.0
22 7 67.80608033 0.0
22 8 68.955744632 0.0
22 9 67.80608033 0.0
22 10 69.537745364 0.0
22 11 68.661311036 0.0
22 12 71.67535521799999 0.0
22 13 72.161005856 0.0
22 14 69.58998536000001 0.0
22 15 69.21342896 0.0
22 16 68.189503172 0.0
22 17 67.89655274 0.0
22 18 61.91977051400001 0.0
22 19 64.00426146800001 0.0
22 20 61.91977051400001 0.0
22 21 64.00426146800001 0.0
22 22 68.189503172 0.0
22 23 67.89655274 0.0
22 24 68.955744632 0.0
22 25 67.80608033 0.0
22 26 69.537745364 0.0
22 27 68.661311036 0.0
22 28 71.67535521799999 0.0
22 29 72.161005856 0.0
22 30 69.58998536000001 0.0
22 31 69.21342896 0.0
22 32 67.89655274 0.0
22 33 67.70819213600001 0.0
22 34 64.31418579199999 0.0
22 35 63.792719726 0.0
22 36 64.720515128 0.0
22 37 65.269117436 0.0
22 38 61.91977051400001 0.0
22 39 64.00426146800001 0.0
22 40 59.427906494 0.0
22 41 58.241273198 0.0
22 42 58.241273198 0.0
22 43 59.427906494 0.0
22 44 63.45296753 0.0
22 45 64.00426146800001 0.0
22 46 63.792719726 0.0
22 47 63.45296753 0.0
22 48 68.955744632 0.0
22 49 67.80608033 0.0
22 50 69.537745364 0.0
22 51 68.661311036 0.0
22 52 71.67535521799999 0.0
22 53 72.161005856 0.0
22 54 69.58998536000001 0.0
22 55 69.21342896 0.0
22 56 68.189503172 0.0
22 57 67.89655274 0.0
22 58 61.91977051400001 0.0
22 59 64.00426146800001 0.0
22 60 61.91977051400001 0.0
22 61 64.00426146800001 0.0
22 62 68.189503172 0.0
22 63 67.89655274 0.0
22 64 67.89655274 0.0
22 65 67.70819213600001 0.0
22 66 64.31418579199999 0.0
22 67 63.792719726 0.0
22 68 64.720515128 0.0
22 69 65.269117436 0.0
22 70 61.91977051400001 0.0
22 71 64.00426146800001 0.0
22 72 59.427906494 0.0
22 73 58.241273198 0.0
22 74 58.241273198 0.0
22 75 59.427906494 0.0
22 76 63.45296753 0.0
22 77 64.00426146800001 0.0
22 78 63.792719726 0.0
22 79 63.45296753 0.0
22 80 68.955744632 0.0
22 81 67.80608033 0.0
22 82 69.537745364 0.0
22 83 68.661311036 0.0
22 84 71.67535521799999 0.0
22 85 72.161005856 0.0
22 86 69.58998536000001 0.0
22 87 69.21342896 0.0
22 88 68.189503172 0.0
22 89 67.89655274 0.0
22 90 61.91977051400001 0.0
22 91 64.00426146800001 0.0
22 92 61.91977051400001 0.0
22 93 64.00426146800001 0.0
22 94 68.189503172 0.0
22 95 67.89655274 0.0
22 96 69.21342896 0.0
22 97 69.58998536000001 0.0
22 98 68.955744632 0.0
22 99 67.80608033 0.0
22 100 69.537745364 0.0
22 101 68.661311036 0.0
22 102 68.955744632 0.0
22 103 67.80608033 0.0
22 104 68.955744632 0.0
22 105 67.80608033 0.0
22 106 69.537745364 0.0
22 107 68.661311036 0.0
22 108 71.67535521799999 0.0
22 109 72.161005856 0.0
22 110 69.58998536000001 0.0
22 111 69.21342896 0.0
22 112 68.189503172 0.0
22 113 67.89655274 0.0
22 114 61.91977051400001 0.0
22 115 64.00426146800001 0.0
22 116 61.91977051400001 0.0
22 117 64.00426146800001 0.0
22 118 68.189503172 0.0
22 119 67.89655274 0.0
22 120 68.955744632 0.0
22 121 67.80608033 0.0
22 122 69.537745364 0.0
22 123 68.661311036 0.0
22 124 71.67535521799999 0.0
22 125 72.161005856 0.0
22 126 69.58998536000001 0.0
22 127 69.21342896 0.0
23 0 67.00874756 0.0
23 1 68.27997558199999 0.0
23 2 67.439466554 0.0
23 3 66.29364746600001 0.0
23 4 68.362318112 0.0
23 5 67.27747314199999 0.0
23 6 67.439466554 0.0
23 7 66.29364746600001 0.0
23 8 67.439466554 0.0
23 9 66.29364746600001 0.0
23 10 68.362318112 0.0
23 11 67.27747314199999 0.0
23 12 70.39967774 0.0
23 13 70.688343506 0.0
23 14 68.27997558199999 0.0
23 15 67.00874756 0.0
23 16 67.42809570200001 0.0
23 17 67.039509272 0.0
23 18 60.426398930000005 0.0
23 19 63.104591066 0.0
23 20 60.426398930000005 0.0
23 21 63.104591066 0.0
23 22 67.42809570200001 0.0
23 23 67.039509272 0.0
23 24 67.439466554 0.0
23 25 66.29364746600001 0.0
23 26 68.362318112 0.0
23 27 67.27747314199999 0.0
23 28 70.39967774 0.0
23 29 70.688343506 0.0
23 30 68.27997558199999 0.0
23 31 67.00874756 0.0
23 32 67.039509272 0.0
23 33 66.87125366000001 0.0
23 34 62.659150394 0.0
23 35 62.58773926400001 0.0
23 36 63.665662838 0.0
23 37 64.24376342 0.0
23 38 60.426398930000005 0.0
23 39 63.104591066 0.0
23 40 58.363056644 0.0
23 41 56.695661618 0.0
23 42 56.695661618 0.0
23 43 58.363056644 0.0
23 44 62.048640128 0.0
23 45 63.104591066 0.0
23 46 62.58773926400001 0.0
23 47 62.048640128 0.0
23 48 67.439466554 0.0
23 49 66.29364746600001 0.0
23 50 68.362318112 0.0
23 51 67.27747314199999 0.0
23 52 70.39967774 0.0
23 53 70.688343506 0.0
23 54 68.27997558199999 0.0
23 55 67.00874756 0.0
23 56 67.42809570200001 0.0
23 57 67.039509272 0.0
23 58 60.426398930000005 0.0
23 59 63.104591066 0.0
23 60 60.426398930000005 0.0
23 61 63.104591066 0.0
23 62 67.42809570200001 0.0
23 63 67.039509272 0.0
23 64 67.039509272 0.0
23 65 66.87125366000001 0.0
23 66 62.659150394 0.0
23 67 62.58773926400001 0.0
23 68 63.665662838 0.0
23 69 64.24376342 0.0
23 70 60.426398930000005 0.0
23 71 63.104591066 0.0
23 72 58.363056644 0.0
23 73 56.695661618 0.0
23 74 56.695661618 0.0
23 75 58.363056644 0.0
23 76 62.048640128 0.0
23 77 63.104591066 0.0
23 78 62.58773926400001 0.0
23 79 62.048640128 0.0
23 80 67.439466554 0.0
23 81 66.29364746600001 0.0
23 82 68.362318112 0.0
23 83 67.27747314199999 0.0
23 84 70.39967774 0.0
23 85 70.688343506 0.0
23 86 68.27997558199999 0.0
23 87 67.00874756 0.0
23 88 67.42809570200001 0.0
23 89 67.039509272 0.0
23 90 60.426398930000005 0.0
23 91 63.104591066 0.0
23 92 60.426398930000005 0.0
23 93 63.104591066 0.0
23 94 67.42809570200001 0.0
23 95 67.039509272 0.0
23 96 67.00874756 0.0
23 97 68.27997558199999 0.0
23 98 67.439466554 0.0
23 99 66.29364746600001 0.0
23 100 68.362318112 0.0
23 101 67.27747314199999 0.0
23 102 67.439466554 0.0
23 103 66.29364746600001 0.0
23 104 67.439466554 0.0
23 105 66.29364746600001 0.0
23 106 68.362318112 0.0
23 107 67.27747314199999 0.0
23 108 70.39967774 0.0
23 109 70.688343506 0.0
23 110 68.27997558199999 0.0
23 111 67.00874756 0.0
23 112 67.42809570200001 0.0
23 113 67.039509272 0.0
23 114 60.426398930000005 0.0
23 115 63.104591066 0.0
23 116 60.426398930000005 0.0
23 117 63.104591066 0.0
23 118 67.42809570200001 0.0
23 119 67.039509272 0.0
23 120 67.439466554 0.0
23 121 66.29364746600001 0.0
23 122 68.362318112 0.0
23 123 67.27747314199999 0.0
23 124 70.39967774 0.0
23 125 70.688343506 0.0
23 126 68.27997558199999 0.0
23 127 67.00874756 0.0
