time period scenario temperature renewable energy
0 0 73.78187378000001 0.0
0 1 73.78187378000001 0.0
0 2 73.78187378000001 0.0
0 3 73.78187378000001 0.0
0 4 73.78187378000001 0.0
0 5 73.78187378000001 0.0
0 6 73.78187378000001 0.0
0 7 73.78187378000001 0.0
0 8 73.78187378000001 0.0
0 9 73.78187378000001 0.0
0 10 73.78187378000001 0.0
0 11 73.78187378000001 0.0
0 12 73.78187378000001 0.0
0 13 73.78187378000001 0.0
0 14 73.78187378000001 0.0
0 15 73.78187378000001 0.0
0 16 73.78187378000001 0.0
0 17 73.78187378000001 0.0
0 18 73.78187378000001 0.0
0 19 73.78187378000001 0.0
0 20 73.78187378000001 0.0
0 21 73.78187378000001 0.0
0 22 73.78187378000001 0.0
0 23 73.78187378000001 0.0
0 24 73.78187378000001 0.0
0 25 73.78187378000001 0.0
0 26 73.78187378000001 0.0
0 27 73.78187378000001 0.0
0 28 73.78187378000001 0.0
0 29 73.78187378000001 0.0
0 30 73.78187378000001 0.0
0 31 73.78187378000001 0.0
0 32 73.78187378000001 0.0
0 33 73.78187378000001 0.0
0 34 73.78187378000001 0.0
0 35 73.78187378000001 0.0
0 36 73.78187378000001 0.0
0 37 73.78187378000001 0.0
0 38 73.78187378000001 0.0
0 39 73.78187378000001 0.0
0 40 73.78187378000001 0.0
0 41 73.78187378000001 0.0
0 42 73.78187378000001 0.0
0 43 73.78187378000001 0.0
0 44 73.78187378000001 0.0
0 45 73.78187378000001 0.0
0 46 73.78187378000001 0.0
0 47 73.78187378000001 0.0
0 48 73.78187378000001 0.0
0 49 73.78187378000001 0.0
0 50 73.78187378000001 0.0
0 51 73.78187378000001 0.0
0 52 73.78187378000001 0.0
0 53 73.78187378000001 0.0
0 54 73.78187378000001 0.0
0 55 73.78187378000001 0.0
0 56 73.78187378000001 0.0
0 57 73.78187378000001 0.0
0 58 73.78187378000001 0.0
0 59 73.78187378000001 0.0
0 60 73.78187378000001 0.0
0 61 73.78187378000001 0.0
0 62 73.78187378000001 0.0
0 63 73.78187378000001 0.0
0 64 73.78187378000001 0.0
0 65 73.78187378000001 0.0
0 66 73.78187378000001 0.0
0 67 73.78187378000001 0.0
0 68 73.78187378000001 0.0
0 69 73.78187378000001 0.0
0 70 73.78187378000001 0.0
0 71 73.78187378000001 0.0
0 72 73.78187378000001 0.0
0 73 73.78187378000001 0.0
0 74 73.78187378000001 0.0
0 75 73.78187378000001 0.0
0 76 73.78187378000001 0.0
0 77 73.78187378000001 0.0
0 78 73.78187378000001 0.0
0 79 73.78187378000001 0.0
0 80 73.78187378000001 0.0
0 81 73.78187378000001 0.0
0 82 73.78187378000001 0.0
0 83 73.78187378000001 0.0
0 84 73.78187378000001 0.0
0 85 73.78187378000001 0.0
0 86 73.78187378000001 0.0
0 87 73.78187378000001 0.0
0 88 73.78187378000001 0.0
0 89 73.78187378000001 0.0
0 90 73.78187378000001 0.0
0 91 73.78187378000001 0.0
0 92 73.78187378000001 0.0
0 93 73.78187378000001 0.0
0 94 73.78187378000001 0.0
0 95 73.78187378000001 0.0
0 96 73.78187378000001 0.0
0 97 73.78187378000001 0.0
0 98 73.78187378000001 0.0
0 99 73.78187378000001 0.0
0 100 73.78187378000001 0.0
0 101 73.78187378000001 0.0
0 102 73.78187378000001 0.0
0 103 73.78187378000001 0.0
0 104 73.78187378000001 0.0
0 105 73.78187378000001 0.0
0 106 73.78187378000001 0.0
0 107 73.78187378000001 0.0
0 108 73.78187378000001 0.0
0 109 73.78187378000001 0.0
0 110 73.78187378000001 0.0
0 111 73.78187378000001 0.0
0 112 73.78187378000001 0.0
0 113 73.78187378000001 0.0
0 114 73.78187378000001 0.0
0 115 73.78187378000001 0.0
0 116 73.78187378000001 0.0
0 117 73.78187378000001 0.0
0 118 73.78187378000001 0.0
0 119 73.78187378000001 0.0
0 120 73.78187378000001 0.0
0 121 73.78187378000001 0.0
0 122 73.78187378000001 0.0
0 123 73.78187378000001 0.0
0 124 73.78187378000001 0.0
0 125 73.78187378000001 0.0
0 126 73.78187378000001 0.0
0 127 73.78187378000001 0.0
1 0 72.76239746600001 0.0
1 1 72.76239746600001 0.0
1 2 72.76239746600001 0.0
1 3 72.76239746600001 0.0
1 4 72.76239746600001 0.0
1 5 72.76239746600001 0.0
1 6 72.76239746600001 0.0
1 7 72.76239746600001 0.0
1 8 72.76239746600001 0.0
1 9 72.76239746600001 0.0
1 10 72.76239746600001 0.0
1 11 72.76239746600001 0.0
1 12 72.76239746600001 0.0
1 13 72.76239746600001 0.0
1 14 72.76239746600001 0.0
1 15 72.76239746600001 0.0
1 16 72.76239746600001 0.0
1 17 72.76239746600001 0.0
1 18 72.76239746600001 0.0
1 19 72.76239746600001 0.0
1 20 72.76239746600001 0.0
1 21 72.76239746600001 0.0
1 22 72.76239746600001 0.0
1 23 72.76239746600001 0.0
1 24 72.76239746600001 0.0
1 25 72.76239746600001 0.0
1 26 72.76239746600001 0.0
1 27 72.76239746600001 0.0
1 28 72.76239746600001 0.0
1 29 72.76239746600001 0.0
1 30 72.76239746600001 0.0
1 31 72.76239746600001 0.0
1 32 72.76239746600001 0.0
1 33 72.76239746600001 0.0
1 34 72.76239746600001 0.0
1 35 72.76239746600001 0.0
1 36 72.76239746600001 0.0
1 37 72.76239746600001 0.0
1 38 72.76239746600001 0.0
1 39 72.76239746600001 0.0
1 40 72.76239746600001 0.0
1 41 72.76239746600001 0.0
1 42 72.76239746600001 0.0
1 43 72.76239746600001 0.0
1 44 72.76239746600001 0.0
1 45 72.76239746600001 0.0
1 46 72.76239746600001 0.0
1 47 72.76239746600001 0.0
1 48 72.76239746600001 0.0
1 49 72.76239746600001 0.0
1 50 72.76239746600001 0.0
1 51 72.76239746600001 0.0
1 52 72.76239746600001 0.0
1 53 72.76239746600001 0.0
1 54 72.76239746600001 0.0
1 55 72.76239746600001 0.0
1 56 72.76239746600001 0.0
1 57 72.76239746600001 0.0
1 58 72.76239746600001 0.0
1 59 72.76239746600001 0.0
1 60 72.76239746600001 0.0
1 61 72.76239746600001 0.0
1 62 72.76239746600001 0.0
1 63 72.76239746600001 0.0
1 64 72.76239746600001 0.0
1 65 72.76239746600001 0.0
1 66 72.76239746600001 0.0
1 67 72.76239746600001 0.0
1 68 72.76239746600001 0.0
1 69 72.76239746600001 0.0
1 70 72.76239746600001 0.0
1 71 72.76239746600001 0.0
1 72 72.76239746600001 0.0
1 73 72.76239746600001 0.0
1 74 72.76239746600001 0.0
1 75 72.76239746600001 0.0
1 76 72.76239746600001 0.0
1 77 72.76239746600001 0.0
1 78 72.76239746600001 0.0
1 79 72.76239746600001 0.0
1 80 72.76239746600001 0.0
1 81 72.76239746600001 0.0
1 82 72.76239746600001 0.0
1 83 72.76239746600001 0.0
1 84 72.76239746600001 0.0
1 85 72.76239746600001 0.0
1 86 72.76239746600001 0.0
1 87 72.76239746600001 0.0
1 88 72.76239746600001 0.0
1 89 72.76239746600001 0.0
1 90 72.76239746600001 0.0
1 91 72.76239746600001 0.0
1 92 72.76239746600001 0.0
1 93 72.76239746600001 0.0
1 94 72.76239746600001 0.0
1 95 72.76239746600001 0.0
1 96 72.76239746600001 0.0
1 97 72.76239746600001 0.0
1 98 72.76239746600001 0.0
1 99 72.76239746600001 0.0
1 100 72.76239746600001 0.0
1 101 72.76239746600001 0.0
1 102 72.76239746600001 0.0
1 103 72.76239746600001 0.0
1 104 72.76239746600001 0.0
1 105 72.76239746600001 0.0
1 106 72.76239746600001 0.0
1 107 72.76239746600001 0.0
1 108 72.76239746600001 0.0
1 109 72.76239746600001 0.0
1 110 72.76239746600001 0.0
1 111 72.76239746600001 0.0
1 112 72.76239746600001 0.0
1 113 72.76239746600001 0.0
1 114 72.76239746600001 0.0
1 115 72.76239746600001 0.0
1 116 72.76239746600001 0.0
1 117 72.76239746600001 0.0
1 118 72.76239746600001 0.0
1 119 72.76239746600001 0.0
1 120 72.76239746600001 0.0
1 121 72.76239746600001 0.0
1 122 72.76239746600001 0.0
1 123 72.76239746600001 0.0
1 124 72.76239746600001 0.0
1 125 72.76239746600001 0.0
1 126 72.76239746600001 0.0
1 127 72.76239746600001 0.0
2 0 71.87453735 0.0
2 1 71.87453735 0.0
2 2 71.87453735 0.0
2 3 71.87453735 0.0
2 4 71.87453735 0.0
2 5 71.87453735 0.0
2 6 71.87453735 0.0
2 7 71.87453735 0.0
2 8 71.87453735 0.0
2 9 71.87453735 0.0
2 10 71.87453735 0.0
2 11 71.87453735 0.0
2 12 71.87453735 0.0
2 13 71.87453735 0.0
2 14 71.87453735 0.0
2 15 71.87453735 0.0
2 16 71.87453735 0.0
2 17 71.87453735 0.0
2 18 71.87453735 0.0
2 19 71.87453735 0.0
2 20 71.87453735 0.0
2 21 71.87453735 0.0
2 22 71.87453735 0.0
2 23 71.87453735 0.0
2 24 71.87453735 0.0
2 25 71.87453735 0.0
2 26 71.87453735 0.0
2 27 71.87453735 0.0
2 28 71.87453735 0.0
2 29 71.87453735 0.0
2 30 71.87453735 0.0
2 31 71.87453735 0.0
2 32 71.87453735 0.0
2 33 71.87453735 0.0
2 34 71.87453735 0.0
2 35 71.87453735 0.0
2 36 71.87453735 0.0
2 37 71.87453735 0.0
2 38 71.87453735 0.0
2 39 71.87453735 0.0
2 40 71.87453735 0.0
2 41 71.87453735 0.0
2 42 71.87453735 0.0
2 43 71.87453735 0.0
2 44 71.87453735 0.0
2 45 71.87453735 0.0
2 46 71.87453735 0.0
2 47 71.87453735 0.0
2 48 71.87453735 0.0
2 49 71.87453735 0.0
2 50 71.87453735 0.0
2 51 71.87453735 0.0
2 52 71.87453735 0.0
2 53 71.87453735 0.0
2 54 71.87453735 0.0
2 55 71.87453735 0.0
2 56 71.87453735 0.0
2 57 71.87453735 0.0
2 58 71.87453735 0.0
2 59 71.87453735 0.0
2 60 71.87453735 0.0
2 61 71.87453735 0.0
2 62 71.87453735 0.0
2 63 71.87453735 0.0
2 64 71.87453735 0.0
2 65 71.87453735 0.0
2 66 71.87453735 0.0
2 67 71.87453735 0.0
2 68 71.87453735 0.0
2 69 71.87453735 0.0
2 70 71.87453735 0.0
2 71 71.87453735 0.0
2 72 71.87453735 0.0
2 73 71.87453735 0.0
2 74 71.87453735 0.0
2 75 71.87453735 0.0
2 76 71.87453735 0.0
2 77 71.87453735 0.0
2 78 71.87453735 0.0
2 79 71.87453735 0.0
2 80 71.87453735 0.0
2 81 71.87453735 0.0
2 82 71.87453735 0.0
2 83 71.87453735 0.0
2 84 71.87453735 0.0
2 85 71.87453735 0.0
2 86 71.87453735 0.0
2 87 71.87453735 0.0
2 88 71.87453735 0.0
2 89 71.87453735 0.0
2 90 71.87453735 0.0
2 91 71.87453735 0.0
2 92 71.87453735 0.0
2 93 71.87453735 0.0
2 94 71.87453735 0.0
2 95 71.87453735 0.0
2 96 71.87453735 0.0
2 97 71.87453735 0.0
2 98 71.87453735 0.0
2 99 71.87453735 0.0
2 100 71.87453735 0.0
2 101 71.87453735 0.0
2 102 71.87453735 0.0
2 103 71.87453735 0.0
2 104 71.87453735 0.0
2 105 71.87453735 0.0
2 106 71.87453735 0.0
2 107 71.87453735 0.0
2 108 71.87453735 0.0
2 109 71.87453735 0.0
2 110 71.87453735 0.0
2 111 71.87453735 0.0
2 112 71.87453735 0.0
2 113 71.87453735 0.0
2 114 71.87453735 0.0
2 115 71.87453735 0.0
2 116 71.87453735 0.0
2 117 71.87453735 0.0
2 118 71.87453735 0.0
2 119 71.87453735 0.0
2 120 71.87453735 0.0
2 121 71.87453735 0.0
2 122 71.87453735 0.0
2 123 71.87453735 0.0
2 124 71.87453735 0.0
2 125 71.87453735 0.0
2 126 71.87453735 0.0
2 127 71.87453735 0.0
3 0 71.05111206800001 0.0
3 1 71.05111206800001 0.0
3 2 71.05111206800001 0.0
3 3 71.05111206800001 0.0
3 4 71.05111206800001 0.0
3 5 71.05111206800001 0.0
3 6 71.05111206800001 0.0
3 7 71.05111206800001 0.0
3 8 71.05111206800001 0.0
3 9 71.05111206800001 0.0
3 10 71.05111206800001 0.0
3 11 71.05111206800001 0.0
3 12 71.05111206800001 0.0
3 13 71.05111206800001 0.0
3 14 71.05111206800001 0.0
3 15 71.05111206800001 0.0
3 16 71.05111206800001 0.0
3 17 71.05111206800001 0.0
3 18 71.05111206800001 0.0
3 19 71.05111206800001 0.0
3 20 71.05111206800001 0.0
3 21 71.05111206800001 0.0
3 22 71.05111206800001 0.0
3 23 71.05111206800001 0.0
3 24 71.05111206800001 0.0
3 25 71.05111206800001 0.0
3 26 71.05111206800001 0.0
3 27 71.05111206800001 0.0
3 28 71.05111206800001 0.0
3 29 71.05111206800001 0.0
3 30 71.05111206800001 0.0
3 31 71.05111206800001 0.0
3 32 71.05111206800001 0.0
3 33 71.05111206800001 0.0
3 34 71.05111206800001 0.0
3 35 71.05111206800001 0.0
3 36 71.05111206800001 0.0
3 37 71.05111206800001 0.0
3 38 71.05111206800001 0.0
3 39 71.05111206800001 0.0
3 40 71.05111206800001 0.0
3 41 71.05111206800001 0.0
3 42 71.05111206800001 0.0
3 43 71.05111206800001 0.0
3 44 71.05111206800001 0.0
3 45 71.05111206800001 0.0
3 46 71.05111206800001 0.0
3 47 71.05111206800001 0.0
3 48 71.05111206800001 0.0
3 49 71.05111206800001 0.0
3 50 71.05111206800001 0.0
3 51 71.05111206800001 0.0
3 52 71.05111206800001 0.0
3 53 71.05111206800001 0.0
3 54 71.05111206800001 0.0
3 55 71.05111206800001 0.0
3 56 71.05111206800001 0.0
3 57 71.05111206800001 0.0
3 58 71.05111206800001 0.0
3 59 71.05111206800001 0.0
3 60 71.05111206800001 0.0
3 61 71.05111206800001 0.0
3 62 71.05111206800001 0.0
3 63 71.05111206800001 0.0
3 64 69.495832526 0.0
3 65 69.495832526 0.0
3 66 69.495832526 0.0
3 67 69.495832526 0.0
3 68 69.495832526 0.0
3 69 69.495832526 0.0
3 70 69.495832526 0.0
3 71 69.495832526 0.0
3 72 69.495832526 0.0
3 73 69.495832526 0.0
3 74 69.495832526 0.0
3 75 69.495832526 0.0
3 76 69.495832526 0.0
3 77 69.495832526 0.0
3 78 69.495832526 0.0
3 79 69.495832526 0.0
3 80 69.495832526 0.0
3 81 69.495832526 0.0
3 82 69.495832526 0.0
3 83 69.495832526 0.0
3 84 69.495832526 0.0
3 85 69.495832526 0.0
3 86 69.495832526 0.0
3 87 69.495832526 0.0
3 88 69.495832526 0.0
3 89 69.495832526 0.0
3 90 69.495832526 0.0
3 91 69.495832526 0.0
3 92 69.495832526 0.0
3 93 69.495832526 0.0
3 94 69.495832526 0.0
3 95 69.495832526 0.0
3 96 69.495832526 0.0
3 97 69.495832526 0.0
3 98 69.495832526 0.0
3 99 69.495832526 0.0
3 100 69.495832526 0.0
3 101 69.495832526 0.0
3 102 69.495832526 0.0
3 103 69.495832526 0.0
3 104 69.495832526 0.0
3 105 69.495832526 0.0
3 106 69.495832526 0.0
3 107 69.495832526 0.0
3 108 69.495832526 0.0
3 109 69.495832526 0.0
3 110 69.495832526 0.0
3 111 69.495832526 0.0
3 112 69.495832526 0.0
3 113 69.495832526 0.0
3 114 69.495832526 0.0
3 115 69.495832526 0.0
3 116 69.495832526 0.0
3 117 69.495832526 0.0
3 118 69.495832526 0.0
3 119 69.495832526 0.0
3 120 69.495832526 0.0
3 121 69.495832526 0.0
3 122 69.495832526 0.0
3 123 69.495832526 0.0
3 124 69.495832526 0.0
3 125 69.495832526 0.0
3 126 69.495832526 0.0
3 127 69.495832526 0.0
4 0 70.571284178 0.0
4 1 70.571284178 0.0
4 2 70.571284178 0.0
4 3 70.571284178 0.0
4 4 70.571284178 0.0
4 5 70.571284178 0.0
4 6 70.571284178 0.0
4 7 70.571284178 0.0
4 8 70.571284178 0.0
4 9 70.571284178 0.0
4 10 70.571284178 0.0
4 11 70.571284178 0.0
4 12 70.571284178 0.0
4 13 70.571284178 0.0
4 14 70.571284178 0.0
4 15 70.571284178 0.0
4 16 70.571284178 0.0
4 17 70.571284178 0.0
4 18 70.571284178 0.0
4 19 70.571284178 0.0
4 20 70.571284178 0.0
4 21 70.571284178 0.0
4 22 70.571284178 0.0
4 23 70.571284178 0.0
4 24 70.571284178 0.0
4 25 70.571284178 0.0
4 26 70.571284178 0.0
4 27 70.571284178 0.0
4 28 70.571284178 0.0
4 29 70.571284178 0.0
4 30 70.571284178 0.0
4 31 70.571284178 0.0
4 32 70.571284178 0.0
4 33 70.571284178 0.0
4 34 70.571284178 0.0
4 35 70.571284178 0.0
4 36 70.571284178 0.0
4 37 70.571284178 0.0
4 38 70.571284178 0.0
4 39 70.571284178 0.0
4 40 70.571284178 0.0
4 41 70.571284178 0.0
4 42 70.571284178 0.0
4 43 70.571284178 0.0
4 44 70.571284178 0.0
4 45 70.571284178 0.0
4 46 70.571284178 0.0
4 47 70.571284178 0.0
4 48 70.571284178 0.0
4 49 70.571284178 0.0
4 50 70.571284178 0.0
4 51 70.571284178 0.0
4 52 70.571284178 0.0
4 53 70.571284178 0.0
4 54 70.571284178 0.0
4 55 70.571284178 0.0
4 56 70.571284178 0.0
4 57 70.571284178 0.0
4 58 70.571284178 0.0
4 59 70.571284178 0.0
4 60 70.571284178 0.0
4 61 70.571284178 0.0
4 62 70.571284178 0.0
4 63 70.571284178 0.0
4 64 68.66641967000001 0.0
4 65 68.66641967000001 0.0
4 66 68.66641967000001 0.0
4 67 68.66641967000001 0.0
4 68 68.66641967000001 0.0
4 69 68.66641967000001 0.0
4 70 68.66641967000001 0.0
4 71 68.66641967000001 0.0
4 72 68.66641967000001 0.0
4 73 68.66641967000001 0.0
4 74 68.66641967000001 0.0
4 75 68.66641967000001 0.0
4 76 68.66641967000001 0.0
4 77 68.66641967000001 0.0
4 78 68.66641967000001 0.0
4 79 68.66641967000001 0.0
4 80 68.66641967000001 0.0
4 81 68.66641967000001 0.0
4 82 68.66641967000001 0.0
4 83 68.66641967000001 0.0
4 84 68.66641967000001 0.0
4 85 68.66641967000001 0.0
4 86 68.66641967000001 0.0
4 87 68.66641967000001 0.0
4 88 68.66641967000001 0.0
4 89 68.66641967000001 0.0
4 90 68.66641967000001 0.0
4 91 68.66641967000001 0.0
4 92 68.66641967000001 0.0
4 93 68.66641967000001 0.0
4 94 68.66641967000001 0.0
4 95 68.66641967000001 0.0
4 96 68.66641967000001 0.0
4 97 68.66641967000001 0.0
4 98 68.66641967000001 0.0
4 99 68.66641967000001 0.0
4 100 68.66641967000001 0.0
4 101 68.66641967000001 0.0
4 102 68.66641967000001 0.0
4 103 68.66641967000001 0.0
4 104 68.66641967000001 0.0
4 105 68.66641967000001 0.0
4 106 68.66641967000001 0.0
4 107 68.66641967000001 0.0
4 108 68.66641967000001 0.0
4 109 68.66641967000001 0.0
4 110 68.66641967000001 0.0
4 111 68.66641967000001 0.0
4 112 68.66641967000001 0.0
4 113 68.66641967000001 0.0
4 114 68.66641967000001 0.0
4 115 68.66641967000001 0.0
4 116 68.66641967000001 0.0
4 117 68.66641967000001 0.0
4 118 68.66641967000001 0.0
4 119 68.66641967000001 0.0
4 120 68.66641967000001 0.0
4 121 68.66641967000001 0.0
4 122 68.66641967000001 0.0
4 123 68.66641967000001 0.0
4 124 68.66641967000001 0.0
4 125 68.66641967000001 0.0
4 126 68.66641967000001 0.0
4 127 68.66641967000001 0.0
5 0 70.927570796 0.05399999999999999
5 1 70.927570796 0.05399999999999999
5 2 70.927570796 0.05399999999999999
5 3 70.927570796 0.05399999999999999
5 4 70.927570796 0.05399999999999999
5 5 70.927570796 0.05399999999999999
5 6 70.927570796 0.05399999999999999
5 7 70.927570796 0.05399999999999999
5 8 70.927570796 0.05399999999999999
5 9 70.927570796 0.05399999999999999
5 10 70.927570796 0.05399999999999999
5 11 70.927570796 0.05399999999999999
5 12 70.927570796 0.05399999999999999
5 13 70.927570796 0.05399999999999999
5 14 70.927570796 0.05399999999999999
5 15 70.927570796 0.05399999999999999
5 16 70.927570796 0.05399999999999999
5 17 70.927570796 0.05399999999999999
5 18 70.927570796 0.05399999999999999
5 19 70.927570796 0.05399999999999999
5 20 70.927570796 0.05399999999999999
5 21 70.927570796 0.05399999999999999
5 22 70.927570796 0.05399999999999999
5 23 70.927570796 0.05399999999999999
5 24 70.927570796 0.05399999999999999
5 25 70.927570796 0.05399999999999999
5 26 70.927570796 0.05399999999999999
5 27 70.927570796 0.05399999999999999
5 28 70.927570796 0.05399999999999999
5 29 70.927570796 0.05399999999999999
5 30 70.927570796 0.05399999999999999
5 31 70.927570796 0.05399999999999999
5 32 70.927570796 0.05399999999999999
5 33 70.927570796 0.05399999999999999
5 34 70.927570796 0.05399999999999999
5 35 70.927570796 0.05399999999999999
5 36 70.927570796 0.05399999999999999
5 37 70.927570796 0.05399999999999999
5 38 70.927570796 0.05399999999999999
5 39 70.927570796 0.05399999999999999
5 40 70.927570796 0.05399999999999999
5 41 70.927570796 0.05399999999999999
5 42 70.927570796 0.05399999999999999
5 43 70.927570796 0.05399999999999999
5 44 70.927570796 0.05399999999999999
5 45 70.927570796 0.05399999999999999
5 46 70.927570796 0.05399999999999999
5 47 70.927570796 0.05399999999999999
5 48 70.927570796 0.05399999999999999
5 49 70.927570796 0.05399999999999999
5 50 70.927570796 0.05399999999999999
5 51 70.927570796 0.05399999999999999
5 52 70.927570796 0.05399999999999999
5 53 70.927570796 0.05399999999999999
5 54 70.927570796 0.05399999999999999
5 55 70.927570796 0.05399999999999999
5 56 70.927570796 0.05399999999999999
5 57 70.927570796 0.05399999999999999
5 58 70.927570796 0.05399999999999999
5 59 70.927570796 0.05399999999999999
5 60 70.927570796 0.05399999999999999
5 61 70.927570796 0.05399999999999999
5 62 70.927570796 0.05399999999999999
5 63 70.927570796 0.05399999999999999
5 64 69.96604737199999 0.06
5 65 69.96604737199999 0.06
5 66 69.96604737199999 0.06
5 67 69.96604737199999 0.06
5 68 69.96604737199999 0.06
5 69 69.96604737199999 0.06
5 70 69.96604737199999 0.06
5 71 69.96604737199999 0.06
5 72 69.96604737199999 0.06
5 73 69.96604737199999 0.06
5 74 69.96604737199999 0.06
5 75 69.96604737199999 0.06
5 76 69.96604737199999 0.06
5 77 69.96604737199999 0.06
5 78 69.96604737199999 0.06
5 79 69.96604737199999 0.06
5 80 69.96604737199999 0.06
5 81 69.96604737199999 0.06
5 82 69.96604737199999 0.06
5 83 69.96604737199999 0.06
5 84 69.96604737199999 0.06
5 85 69.96604737199999 0.06
5 86 69.96604737199999 0.06
5 87 69.96604737199999 0.06
5 88 69.96604737199999 0.06
5 89 69.96604737199999 0.06
5 90 69.96604737199999 0.06
5 91 69.96604737199999 0.06
5 92 69.96604737199999 0.06
5 93 69.96604737199999 0.06
5 94 69.96604737199999 0.06
5 95 69.96604737199999 0.06
5 96 69.96604737199999 0.06
5 97 69.96604737199999 0.06
5 98 69.96604737199999 0.06
5 99 69.96604737199999 0.06
5 100 69.96604737199999 0.06
5 101 69.96604737199999 0.06
5 102 69.96604737199999 0.06
5 103 69.96604737199999 0.06
5 104 69.96604737199999 0.06
5 105 69.96604737199999 0.06
5 106 69.96604737199999 0.06
5 107 69.96604737199999 0.06
5 108 69.96604737199999 0.06
5 109 69.96604737199999 0.06
5 110 69.96604737199999 0.06
5 111 69.96604737199999 0.06
5 112 69.96604737199999 0.06
5 113 69.96604737199999 0.06
5 114 69.96604737199999 0.06
5 115 69.96604737199999 0.06
5 116 69.96604737199999 0.06
5 117 69.96604737199999 0.06
5 118 69.96604737199999 0.06
5 119 69.96604737199999 0.06
5 120 69.96604737199999 0.06
5 121 69.96604737199999 0.06
5 122 69.96604737199999 0.06
5 123 69.96604737199999 0.06
5 124 69.96604737199999 0.06
5 125 69.96604737199999 0.06
5 126 69.96604737199999 0.06
5 127 69.96604737199999 0.06
6 0 72.376667474 0.17849999999999996
6 1 72.376667474 0.17849999999999996
6 2 72.376667474 0.17849999999999996
6 3 72.376667474 0.17849999999999996
6 4 72.376667474 0.17849999999999996
6 5 72.376667474 0.17849999999999996
6 6 72.376667474 0.17849999999999996
6 7 72.376667474 0.17849999999999996
6 8 72.376667474 0.17849999999999996
6 9 72.376667474 0.17849999999999996
6 10 72.376667474 0.17849999999999996
6 11 72.376667474 0.17849999999999996
6 12 72.376667474 0.17849999999999996
6 13 72.376667474 0.17849999999999996
6 14 72.376667474 0.17849999999999996
6 15 72.376667474 0.17849999999999996
6 16 72.376667474 0.17849999999999996
6 17 72.376667474 0.17849999999999996
6 18 72.376667474 0.17849999999999996
6 19 72.376667474 0.17849999999999996
6 20 72.376667474 0.17849999999999996
6 21 72.376667474 0.17849999999999996
6 22 72.376667474 0.17849999999999996
6 23 72.376667474 0.17849999999999996
6 24 72.376667474 0.17849999999999996
6 25 72.376667474 0.17849999999999996
6 26 72.376667474 0.17849999999999996
6 27 72.376667474 0.17849999999999996
6 28 72.376667474 0.17849999999999996
6 29 72.376667474 0.17849999999999996
6 30 72.376667474 0.17849999999999996
6 31 72.376667474 0.17849999999999996
6 32 73.66085938399999 0.234
6 33 73.66085938399999 0.234
6 34 73.66085938399999 0.234
6 35 73.66085938399999 0.234
6 36 73.66085938399999 0.234
6 37 73.66085938399999 0.234
6 38 73.66085938399999 0.234
6 39 73.66085938399999 0.234
6 40 73.66085938399999 0.234
6 41 73.66085938399999 0.234
6 42 73.66085938399999 0.234
6 43 73.66085938399999 0.234
6 44 73.66085938399999 0.234
6 45 73.66085938399999 0.234
6 46 73.66085938399999 0.234
6 47 73.66085938399999 0.234
6 48 73.66085938399999 0.234
6 49 73.66085938399999 0.234
6 50 73.66085938399999 0.234
6 51 73.66085938399999 0.234
6 52 73.66085938399999 0.234
6 53 73.66085938399999 0.234
6 54 73.66085938399999 0.234
6 55 73.66085938399999 0.234
6 56 73.66085938399999 0.234
6 57 73.66085938399999 0.234
6 58 73.66085938399999 0.234
6 59 73.66085938399999 0.234
6 60 73.66085938399999 0.234
6 61 73.66085938399999 0.234
6 62 73.66085938399999 0.234
6 63 73.66085938399999 0.234
6 64 73.66085938399999 0.234
6 65 73.66085938399999 0.234
6 66 73.66085938399999 0.234
6 67 73.66085938399999 0.234
6 68 73.66085938399999 0.234
6 69 73.66085938399999 0.234
6 70 73.66085938399999 0.234
6 71 73.66085938399999 0.234
6 72 73.66085938399999 0.234
6 73 73.66085938399999 0.234
6 74 73.66085938399999 0.234
6 75 73.66085938399999 0.234
6 76 73.66085938399999 0.234
6 77 73.66085938399999 0.234
6 78 73.66085938399999 0.234
6 79 73.66085938399999 0.234
6 80 73.66085938399999 0.234
6 81 73.66085938399999 0.234
6 82 73.66085938399999 0.234
6 83 73.66085938399999 0.234
6 84 73.66085938399999 0.234
6 85 73.66085938399999 0.234
6 86 73.66085938399999 0.234
6 87 73.66085938399999 0.234
6 88 73.66085938399999 0.234
6 89 73.66085938399999 0.234
6 90 73.66085938399999 0.234
6 91 73.66085938399999 0.234
6 92 73.66085938399999 0.234
6 93 73.66085938399999 0.234
6 94 73.66085938399999 0.234
6 95 73.66085938399999 0.234
6 96 72.903626708 0.23849999999999996
6 97 72.903626708 0.23849999999999996
6 98 72.903626708 0.23849999999999996
6 99 72.903626708 0.23849999999999996
6 100 72.903626708 0.23849999999999996
6 101 72.903626708 0.23849999999999996
6 102 72.903626708 0.23849999999999996
6 103 72.903626708 0.23849999999999996
6 104 72.903626708 0.23849999999999996
6 105 72.903626708 0.23849999999999996
6 106 72.903626708 0.23849999999999996
6 107 72.903626708 0.23849999999999996
6 108 72.903626708 0.23849999999999996
6 109 72.903626708 0.23849999999999996
6 110 72.903626708 0.23849999999999996
6 111 72.903626708 0.23849999999999996
6 112 72.903626708 0.23849999999999996
6 113 72.903626708 0.23849999999999996
6 114 72.903626708 0.23849999999999996
6 115 72.903626708 0.23849999999999996
6 116 72.903626708 0.23849999999999996
6 117 72.903626708 0.23849999999999996
6 118 72.903626708 0.23849999999999996
6 119 72.903626708 0.23849999999999996
6 120 72.903626708 0.23849999999999996
6 121 72.903626708 0.23849999999999996
6 122 72.903626708 0.23849999999999996
6 123 72.903626708 0.23849999999999996
6 124 72.903626708 0.23849999999999996
6 125 72.903626708 0.23849999999999996
6 126 72.903626708 0.23849999999999996
6 127 72.903626708 0.23849999999999996
7 0 75.31342286 0.189
7 1 75.31342286 0.189
7 2 75.31342286 0.189
7 3 75.31342286 0.189
7 4 75.31342286 0.189
7 5 75.31342286 0.189
7 6 75.31342286 0.189
7 7 75.31342286 0.189
7 8 75.31342286 0.189
7 9 75.31342286 0.189
7 10 75.31342286 0.189
7 11 75.31342286 0.189
7 12 75.31342286 0.189
7 13 75.31342286 0.189
7 14 75.31342286 0.189
7 15 75.31342286 0.189
7 16 75.31342286 0.189
7 17 75.31342286 0.189
7 18 75.31342286 0.189
7 19 75.31342286 0.189
7 20 75.31342286 0.189
7 21 75.31342286 0.189
7 22 75.31342286 0.189
7 23 75.31342286 0.189
7 24 75.31342286 0.189
7 25 75.31342286 0.189
7 26 75.31342286 0.189
7 27 75.31342286 0.189
7 28 75.31342286 0.189
7 29 75.31342286 0.189
7 30 75.31342286 0.189
7 31 75.31342286 0.189
7 32 79.05234497000001 0.453
7 33 79.05234497000001 0.453
7 34 79.05234497000001 0.453
7 35 79.05234497000001 0.453
7 36 79.05234497000001 0.453
7 37 79.05234497000001 0.453
7 38 79.05234497000001 0.453
7 39 79.05234497000001 0.453
7 40 79.05234497000001 0.453
7 41 79.05234497000001 0.453
7 42 79.05234497000001 0.453
7 43 79.05234497000001 0.453
7 44 79.05234497000001 0.453
7 45 79.05234497000001 0.453
7 46 79.05234497000001 0.453
7 47 79.05234497000001 0.453
7 48 79.05234497000001 0.453
7 49 79.05234497000001 0.453
7 50 79.05234497000001 0.453
7 51 79.05234497000001 0.453
7 52 79.05234497000001 0.453
7 53 79.05234497000001 0.453
7 54 79.05234497000001 0.453
7 55 79.05234497000001 0.453
7 56 79.05234497000001 0.453
7 57 79.05234497000001 0.453
7 58 79.05234497000001 0.453
7 59 79.05234497000001 0.453
7 60 79.05234497000001 0.453
7 61 79.05234497000001 0.453
7 62 79.05234497000001 0.453
7 63 79.05234497000001 0.453
7 64 79.05234497000001 0.453
7 65 79.05234497000001 0.453
7 66 79.05234497000001 0.453
7 67 79.05234497000001 0.453
7 68 79.05234497000001 0.453
7 69 79.05234497000001 0.453
7 70 79.05234497000001 0.453
7 71 79.05234497000001 0.453
7 72 79.05234497000001 0.453
7 73 79.05234497000001 0.453
7 74 79.05234497000001 0.453
7 75 79.05234497000001 0.453
7 76 79.05234497000001 0.453
7 77 79.05234497000001 0.453
7 78 79.05234497000001 0.453
7 79 79.05234497000001 0.453
7 80 79.05234497000001 0.453
7 81 79.05234497000001 0.453
7 82 79.05234497000001 0.453
7 83 79.05234497000001 0.453
7 84 79.05234497000001 0.453
7 85 79.05234497000001 0.453
7 86 79.05234497000001 0.453
7 87 79.05234497000001 0.453
7 88 79.05234497000001 0.453
7 89 79.05234497000001 0.453
7 90 79.05234497000001 0.453
7 91 79.05234497000001 0.453
7 92 79.05234497000001 0.453
7 93 79.05234497000001 0.453
7 94 79.05234497000001 0.453
7 95 79.05234497000001 0.453
7 96 78.78296021 0.459
7 97 78.78296021 0.459
7 98 78.78296021 0.459
7 99 78.78296021 0.459
7 100 78.78296021 0.459
7 101 78.78296021 0.459
7 102 78.78296021 0.459
7 103 78.78296021 0.459
7 104 78.78296021 0.459
7 105 78.78296021 0.459
7 106 78.78296021 0.459
7 107 78.78296021 0.459
7 108 78.78296021 0.459
7 109 78.78296021 0.459
7 110 78.78296021 0.459
7 111 78.78296021 0.459
7 112 78.78296021 0.459
7 113 78.78296021 0.459
7 114 78.78296021 0.459
7 115 78.78296021 0.459
7 116 78.78296021 0.459
7 117 78.78296021 0.459
7 118 78.78296021 0.459
7 119 78.78296021 0.459
7 120 78.78296021 0.459
7 121 78.78296021 0.459
7 122 78.78296021 0.459
7 123 78.78296021 0.459
7 124 78.78296021 0.459
7 125 78.78296021 0.459
7 126 78.78296021 0.459
7 127 78.78296021 0.459
8 0 78.48380249600001 0.0165
8 1 78.48380249600001 0.0165
8 2 78.48380249600001 0.0165
8 3 78.48380249600001 0.0165
8 4 78.48380249600001 0.0165
8 5 78.48380249600001 0.0165
8 6 78.48380249600001 0.0165
8 7 78.48380249600001 0.0165
8 8 78.48380249600001 0.0165
8 9 78.48380249600001 0.0165
8 10 78.48380249600001 0.0165
8 11 78.48380249600001 0.0165
8 12 78.48380249600001 0.0165
8 13 78.48380249600001 0.0165
8 14 78.48380249600001 0.0165
8 15 78.48380249600001 0.0165
8 16 78.48380249600001 0.0165
8 17 78.48380249600001 0.0165
8 18 78.48380249600001 0.0165
8 19 78.48380249600001 0.0165
8 20 78.48380249600001 0.0165
8 21 78.48380249600001 0.0165
8 22 78.48380249600001 0.0165
8 23 78.48380249600001 0.0165
8 24 78.48380249600001 0.0165
8 25 78.48380249600001 0.0165
8 26 78.48380249600001 0.0165
8 27 78.48380249600001 0.0165
8 28 78.48380249600001 0.0165
8 29 78.48380249600001 0.0165
8 30 78.48380249600001 0.0165
8 31 78.48380249600001 0.0165
8 32 84.347150882 0.681
8 33 84.347150882 0.681
8 34 84.347150882 0.681
8 35 84.347150882 0.681
8 36 84.347150882 0.681
8 37 84.347150882 0.681
8 38 84.347150882 0.681
8 39 84.347150882 0.681
8 40 84.347150882 0.681
8 41 84.347150882 0.681
8 42 84.347150882 0.681
8 43 84.347150882 0.681
8 44 84.347150882 0.681
8 45 84.347150882 0.681
8 46 84.347150882 0.681
8 47 84.347150882 0.681
8 48 84.347150882 0.681
8 49 84.347150882 0.681
8 50 84.347150882 0.681
8 51 84.347150882 0.681
8 52 84.347150882 0.681
8 53 84.347150882 0.681
8 54 84.347150882 0.681
8 55 84.347150882 0.681
8 56 84.347150882 0.681
8 57 84.347150882 0.681
8 58 84.347150882 0.681
8 59 84.347150882 0.681
8 60 84.347150882 0.681
8 61 84.347150882 0.681
8 62 84.347150882 0.681
8 63 84.347150882 0.681
8 64 84.347150882 0.681
8 65 84.347150882 0.681
8 66 84.347150882 0.681
8 67 84.347150882 0.681
8 68 84.347150882 0.681
8 69 84.347150882 0.681
8 70 84.347150882 0.681
8 71 84.347150882 0.681
8 72 84.347150882 0.681
8 73 84.347150882 0.681
8 74 84.347150882 0.681
8 75 84.347150882 0.681
8 76 84.347150882 0.681
8 77 84.347150882 0.681
8 78 84.347150882 0.681
8 79 84.347150882 0.681
8 80 84.347150882 0.681
8 81 84.347150882 0.681
8 82 84.347150882 0.681
8 83 84.347150882 0.681
8 84 84.347150882 0.681
8 85 84.347150882 0.681
8 86 84.347150882 0.681
8 87 84.347150882 0.681
8 88 84.347150882 0.681
8 89 84.347150882 0.681
8 90 84.347150882 0.681
8 91 84.347150882 0.681
8 92 84.347150882 0.681
8 93 84.347150882 0.681
8 94 84.347150882 0.681
8 95 84.347150882 0.681
8 96 85.320045158 0.69
8 97 85.320045158 0.69
8 98 85.320045158 0.69
8 99 85.320045158 0.69
8 100 85.320045158 0.69
8 101 85.320045158 0.69
8 102 85.320045158 0.69
8 103 85.320045158 0.69
8 104 85.320045158 0.69
8 105 85.320045158 0.69
8 106 85.320045158 0.69
8 107 85.320045158 0.69
8 108 85.320045158 0.69
8 109 85.320045158 0.69
8 110 85.320045158 0.69
8 111 85.320045158 0.69
8 112 85.320045158 0.69
8 113 85.320045158 0.69
8 114 85.320045158 0.69
8 115 85.320045158 0.69
8 116 85.320045158 0.69
8 117 85.320045158 0.69
8 118 85.320045158 0.69
8 119 85.320045158 0.69
8 120 85.320045158 0.69
8 121 85.320045158 0.69
8 122 85.320045158 0.69
8 123 85.320045158 0.69
8 124 85.320045158 0.69
8 125 85.320045158 0.69
8 126 85.320045158 0.69
8 127 85.320045158 0.69
9 0 79.25894286799999 0.43199999999999994
9 1 79.25894286799999 0.43199999999999994
9 2 79.25894286799999 0.43199999999999994
9 3 79.25894286799999 0.43199999999999994
9 4 79.25894286799999 0.43199999999999994
9 5 79.25894286799999 0.43199999999999994
9 6 79.25894286799999 0.43199999999999994
9 7 79.25894286799999 0.43199999999999994
9 8 79.25894286799999 0.43199999999999994
9 9 79.25894286799999 0.43199999999999994
9 10 79.25894286799999 0.43199999999999994
9 11 79.25894286799999 0.43199999999999994
9 12 79.25894286799999 0.43199999999999994
9 13 79.25894286799999 0.43199999999999994
9 14 79.25894286799999 0.43199999999999994
9 15 79.25894286799999 0.43199999999999994
9 16 81.442091066 0.3165
9 17 81.442091066 0.3165
9 18 81.442091066 0.3165
9 19 81.442091066 0.3165
9 20 81.442091066 0.3165
9 21 81.442091066 0.3165
9 22 81.442091066 0.3165
9 23 81.442091066 0.3165
9 24 81.442091066 0.3165
9 25 81.442091066 0.3165
9 26 81.442091066 0.3165
9 27 81.442091066 0.3165
9 28 81.442091066 0.3165
9 29 81.442091066 0.3165
9 30 81.442091066 0.3165
9 31 81.442091066 0.3165
9 32 88.142158202 0.8939999999999999
9 33 88.142158202 0.8939999999999999
9 34 88.142158202 0.8939999999999999
9 35 88.142158202 0.8939999999999999
9 36 88.142158202 0.8939999999999999
9 37 88.142158202 0.8939999999999999
9 38 88.142158202 0.8939999999999999
9 39 88.142158202 0.8939999999999999
9 40 88.142158202 0.8939999999999999
9 41 88.142158202 0.8939999999999999
9 42 88.142158202 0.8939999999999999
9 43 88.142158202 0.8939999999999999
9 44 88.142158202 0.8939999999999999
9 45 88.142158202 0.8939999999999999
9 46 88.142158202 0.8939999999999999
9 47 88.142158202 0.8939999999999999
9 48 90.688789058 0.9075
9 49 90.688789058 0.9075
9 50 90.688789058 0.9075
9 51 90.688789058 0.9075
9 52 90.688789058 0.9075
9 53 90.688789058 0.9075
9 54 90.688789058 0.9075
9 55 90.688789058 0.9075
9 56 90.688789058 0.9075
9 57 90.688789058 0.9075
9 58 90.688789058 0.9075
9 59 90.688789058 0.9075
9 60 90.688789058 0.9075
9 61 90.688789058 0.9075
9 62 90.688789058 0.9075
9 63 90.688789058 0.9075
9 64 88.142158202 0.8939999999999999
9 65 88.142158202 0.8939999999999999
9 66 88.142158202 0.8939999999999999
9 67 88.142158202 0.8939999999999999
9 68 88.142158202 0.8939999999999999
9 69 88.142158202 0.8939999999999999
9 70 88.142158202 0.8939999999999999
9 71 88.142158202 0.8939999999999999
9 72 88.142158202 0.8939999999999999
9 73 88.142158202 0.8939999999999999
9 74 88.142158202 0.8939999999999999
9 75 88.142158202 0.8939999999999999
9 76 88.142158202 0.8939999999999999
9 77 88.142158202 0.8939999999999999
9 78 88.142158202 0.8939999999999999
9 79 88.142158202 0.8939999999999999
9 80 90.688789058 0.9075
9 81 90.688789058 0.9075
9 82 90.688789058 0.9075
9 83 90.688789058 0.9075
9 84 90.688789058 0.9075
9 85 90.688789058 0.9075
9 86 90.688789058 0.9075
9 87 90.688789058 0.9075
9 88 90.688789058 0.9075
9 89 90.688789058 0.9075
9 90 90.688789058 0.9075
9 91 90.688789058 0.9075
9 92 90.688789058 0.9075
9 93 90.688789058 0.9075
9 94 90.688789058 0.9075
9 95 90.688789058 0.9075
9 96 90.688789058 0.9075
9 97 90.688789058 0.9075
9 98 90.688789058 0.9075
9 99 90.688789058 0.9075
9 100 90.688789058 0.9075
9 101 90.688789058 0.9075
9 102 90.688789058 0.9075
9 103 90.688789058 0.9075
9 104 90.688789058 0.9075
9 105 90.688789058 0.9075
9 106 90.688789058 0.9075
9 107 90.688789058 0.9075
9 108 90.688789058 0.9075
9 109 90.688789058 0.9075
9 110 90.688789058 0.9075
9 111 90.688789058 0.9075
9 112 88.142158202 0.8939999999999999
9 113 88.142158202 0.8939999999999999
9 114 88.142158202 0.8939999999999999
9 115 88.142158202 0.8939999999999999
9 116 88.142158202 0.8939999999999999
9 117 88.142158202 0.8939999999999999
9 118 88.142158202 0.8939999999999999
9 119 88.142158202 0.8939999999999999
9 120 88.142158202 0.8939999999999999
9 121 88.142158202 0.8939999999999999
9 122 88.142158202 0.8939999999999999
9 123 88.142158202 0.8939999999999999
9 124 88.142158202 0.8939999999999999
9 125 88.142158202 0.8939999999999999
9 126 88.142158202 0.8939999999999999
9 127 88.142158202 0.8939999999999999
10 0 76.74439209799999 0.2835
10 1 76.74439209799999 0.2835
10 2 76.74439209799999 0.2835
10 3 76.74439209799999 0.2835
10 4 76.74439209799999 0.2835
10 5 76.74439209799999 0.2835
10 6 76.74439209799999 0.2835
10 7 76.74439209799999 0.2835
10 8 76.74439209799999 0.2835
10 9 76.74439209799999 0.2835
10 10 76.74439209799999 0.2835
10 11 76.74439209799999 0.2835
10 12 76.74439209799999 0.2835
10 13 76.74439209799999 0.2835
10 14 76.74439209799999 0.2835
10 15 76.74439209799999 0.2835
10 16 83.317237556 0.678
10 17 83.317237556 0.678
10 18 83.317237556 0.678
10 19 83.317237556 0.678
10 20 83.317237556 0.678
10 21 83.317237556 0.678
10 22 83.317237556 0.678
10 23 83.317237556 0.678
10 24 83.317237556 0.678
10 25 83.317237556 0.678
10 26 83.317237556 0.678
10 27 83.317237556 0.678
10 28 83.317237556 0.678
10 29 83.317237556 0.678
10 30 83.317237556 0.678
10 31 83.317237556 0.678
10 32 90.1206311 1.0725
10 33 90.1206311 1.0725
10 34 90.1206311 1.0725
10 35 90.1206311 1.0725
10 36 90.1206311 1.0725
10 37 90.1206311 1.0725
10 38 90.1206311 1.0725
10 39 90.1206311 1.0725
10 40 90.1206311 1.0725
10 41 90.1206311 1.0725
10 42 90.1206311 1.0725
10 43 90.1206311 1.0725
10 44 90.1206311 1.0725
10 45 90.1206311 1.0725
10 46 90.1206311 1.0725
10 47 90.1206311 1.0725
10 48 94.57229125399999 1.089
10 49 94.57229125399999 1.089
10 50 94.57229125399999 1.089
10 51 94.57229125399999 1.089
10 52 94.57229125399999 1.089
10 53 94.57229125399999 1.089
10 54 94.57229125399999 1.089
10 55 94.57229125399999 1.089
10 56 94.57229125399999 1.089
10 57 94.57229125399999 1.089
10 58 94.57229125399999 1.089
10 59 94.57229125399999 1.089
10 60 94.57229125399999 1.089
10 61 94.57229125399999 1.089
10 62 94.57229125399999 1.089
10 63 94.57229125399999 1.089
10 64 90.1206311 1.0725
10 65 90.1206311 1.0725
10 66 90.1206311 1.0725
10 67 90.1206311 1.0725
10 68 90.1206311 1.0725
10 69 90.1206311 1.0725
10 70 90.1206311 1.0725
10 71 90.1206311 1.0725
10 72 90.1206311 1.0725
10 73 90.1206311 1.0725
10 74 90.1206311 1.0725
10 75 90.1206311 1.0725
10 76 90.1206311 1.0725
10 77 90.1206311 1.0725
10 78 90.1206311 1.0725
10 79 90.1206311 1.0725
10 80 94.57229125399999 1.089
10 81 94.57229125399999 1.089
10 82 94.57229125399999 1.089
10 83 94.57229125399999 1.089
10 84 94.57229125399999 1.089
10 85 94.57229125399999 1.089
10 86 94.57229125399999 1.089
10 87 94.57229125399999 1.089
10 88 94.57229125399999 1.089
10 89 94.57229125399999 1.089
10 90 94.57229125399999 1.089
10 91 94.57229125399999 1.089
10 92 94.57229125399999 1.089
10 93 94.57229125399999 1.089
10 94 94.57229125399999 1.089
10 95 94.57229125399999 1.089
10 96 94.57229125399999 1.089
10 97 94.57229125399999 1.089
10 98 94.57229125399999 1.089
10 99 94.57229125399999 1.089
10 100 94.57229125399999 1.089
10 101 94.57229125399999 1.089
10 102 94.57229125399999 1.089
10 103 94.57229125399999 1.089
10 104 94.57229125399999 1.089
10 105 94.57229125399999 1.089
10 106 94.57229125399999 1.089
10 107 94.57229125399999 1.089
10 108 94.57229125399999 1.089
10 109 94.57229125399999 1.089
10 110 94.57229125399999 1.089
10 111 94.57229125399999 1.089
10 112 90.1206311 1.0725
10 113 90.1206311 1.0725
10 114 90.1206311 1.0725
10 115 90.1206311 1.0725
10 116 90.1206311 1.0725
10 117 90.1206311 1.0725
10 118 90.1206311 1.0725
10 119 90.1206311 1.0725
10 120 90.1206311 1.0725
10 121 90.1206311 1.0725
10 122 90.1206311 1.0725
10 123 90.1206311 1.0725
10 124 90.1206311 1.0725
10 125 90.1206311 1.0725
10 126 90.1206311 1.0725
10 127 90.1206311 1.0725
11 0 72.64907348 0.525
11 1 72.64907348 0.525
11 2 72.64907348 0.525
11 3 72.64907348 0.525
11 4 72.64907348 0.525
11 5 72.64907348 0.525
11 6 72.64907348 0.525
11 7 72.64907348 0.525
11 8 72.64907348 0.525
11 9 72.64907348 0.525
11 10 72.64907348 0.525
11 11 72.64907348 0.525
11 12 72.64907348 0.525
11 13 72.64907348 0.525
11 14 72.64907348 0.525
11 15 72.64907348 0.525
11 16 84.80989502599999 1.176
11 17 84.80989502599999 1.176
11 18 84.80989502599999 1.176
11 19 84.80989502599999 1.176
11 20 84.80989502599999 1.176
11 21 84.80989502599999 1.176
11 22 84.80989502599999 1.176
11 23 84.80989502599999 1.176
11 24 84.80989502599999 1.176
11 25 84.80989502599999 1.176
11 26 84.80989502599999 1.176
11 27 84.80989502599999 1.176
11 28 84.80989502599999 1.176
11 29 84.80989502599999 1.176
11 30 84.80989502599999 1.176
11 31 84.80989502599999 1.176
11 32 90.63226439600001 1.2015
11 33 90.63226439600001 1.2015
11 34 90.63226439600001 1.2015
11 35 90.63226439600001 1.2015
11 36 90.63226439600001 1.2015
11 37 90.63226439600001 1.2015
11 38 90.63226439600001 1.2015
11 39 90.63226439600001 1.2015
11 40 90.63226439600001 1.2015
11 41 90.63226439600001 1.2015
11 42 90.63226439600001 1.2015
11 43 90.63226439600001 1.2015
11 44 90.63226439600001 1.2015
11 45 90.63226439600001 1.2015
11 46 90.63226439600001 1.2015
11 47 90.63226439600001 1.2015
11 48 97.08123902 1.218
11 49 97.08123902 1.218
11 50 97.08123902 1.218
11 51 97.08123902 1.218
11 52 97.08123902 1.218
11 53 97.08123902 1.218
11 54 97.08123902 1.218
11 55 97.08123902 1.218
11 56 97.08123902 1.218
11 57 97.08123902 1.218
11 58 97.08123902 1.218
11 59 97.08123902 1.218
11 60 97.08123902 1.218
11 61 97.08123902 1.218
11 62 97.08123902 1.218
11 63 97.08123902 1.218
11 64 90.63226439600001 1.2015
11 65 90.63226439600001 1.2015
11 66 90.63226439600001 1.2015
11 67 90.63226439600001 1.2015
11 68 90.63226439600001 1.2015
11 69 90.63226439600001 1.2015
11 70 90.63226439600001 1.2015
11 71 90.63226439600001 1.2015
11 72 90.63226439600001 1.2015
11 73 90.63226439600001 1.2015
11 74 90.63226439600001 1.2015
11 75 90.63226439600001 1.2015
11 76 90.63226439600001 1.2015
11 77 90.63226439600001 1.2015
11 78 90.63226439600001 1.2015
11 79 90.63226439600001 1.2015
11 80 97.08123902 1.218
11 81 97.08123902 1.218
11 82 97.08123902 1.218
11 83 97.08123902 1.218
11 84 97.08123902 1.218
11 85 97.08123902 1.218
11 86 97.08123902 1.218
11 87 97.08123902 1.218
11 88 97.08123902 1.218
11 89 97.08123902 1.218
11 90 97.08123902 1.218
11 91 97.08123902 1.218
11 92 97.08123902 1.218
11 93 97.08123902 1.218
11 94 97.08123902 1.218
11 95 97.08123902 1.218
11 96 97.08123902 1.218
11 97 97.08123902 1.218
11 98 97.08123902 1.218
11 99 97.08123902 1.218
11 100 97.08123902 1.218
11 101 97.08123902 1.218
11 102 97.08123902 1.218
11 103 97.08123902 1.218
11 104 97.08123902 1.218
11 105 97.08123902 1.218
11 106 97.08123902 1.218
11 107 97.08123902 1.218
11 108 97.08123902 1.218
11 109 97.08123902 1.218
11 110 97.08123902 1.218
11 111 97.08123902 1.218
11 112 90.63226439600001 1.2015
11 113 90.63226439600001 1.2015
11 114 90.63226439600001 1.2015
11 115 90.63226439600001 1.2015
11 116 90.63226439600001 1.2015
11 117 90.63226439600001 1.2015
11 118 90.63226439600001 1.2015
11 119 90.63226439600001 1.2015
11 120 90.63226439600001 1.2015
11 121 90.63226439600001 1.2015
11 122 90.63226439600001 1.2015
11 123 90.63226439600001 1.2015
11 124 90.63226439600001 1.2015
11 125 90.63226439600001 1.2015
11 126 90.63226439600001 1.2015
11 127 90.63226439600001 1.2015
12 0 69.731818844 0.6645
12 1 69.731818844 0.6645
12 2 69.731818844 0.6645
12 3 69.731818844 0.6645
12 4 69.731818844 0.6645
12 5 69.731818844 0.6645
12 6 69.731818844 0.6645
12 7 69.731818844 0.6645
12 8 72.67884643400001 1.002
12 9 72.67884643400001 1.002
12 10 72.67884643400001 1.002
12 11 72.67884643400001 1.002
12 12 72.67884643400001 1.002
12 13 72.67884643400001 1.002
12 14 72.67884643400001 1.002
12 15 72.67884643400001 1.002
12 16 85.91912963600001 1.2465
12 17 85.91912963600001 1.2465
12 18 85.91912963600001 1.2465
12 19 85.91912963600001 1.2465
12 20 85.91912963600001 1.2465
12 21 85.91912963600001 1.2465
12 22 85.91912963600001 1.2465
12 23 85.91912963600001 1.2465
12 24 85.683088382 1.3079999999999998
12 25 85.683088382 1.3079999999999998
12 26 85.683088382 1.3079999999999998
12 27 85.683088382 1.3079999999999998
12 28 85.683088382 1.3079999999999998
12 29 85.683088382 1.3079999999999998
12 30 85.683088382 1.3079999999999998
12 31 85.683088382 1.3079999999999998
12 32 90.40078247 1.269
12 33 90.40078247 1.269
12 34 90.40078247 1.269
12 35 90.40078247 1.269
12 36 90.40078247 1.269
12 37 90.40078247 1.269
12 38 90.40078247 1.269
12 39 90.40078247 1.269
12 40 91.75836304399999 1.206
12 41 91.75836304399999 1.206
12 42 91.75836304399999 1.206
12 43 91.75836304399999 1.206
12 44 91.75836304399999 1.206
12 45 91.75836304399999 1.206
12 46 91.75836304399999 1.206
12 47 91.75836304399999 1.206
12 48 98.57186402 1.2854999999999999
12 49 98.57186402 1.2854999999999999
12 50 98.57186402 1.2854999999999999
12 51 98.57186402 1.2854999999999999
12 52 98.57186402 1.2854999999999999
12 53 98.57186402 1.2854999999999999
12 54 98.57186402 1.2854999999999999
12 55 98.57186402 1.2854999999999999
12 56 90.40078247 1.269
12 57 90.40078247 1.269
12 58 90.40078247 1.269
12 59 90.40078247 1.269
12 60 90.40078247 1.269
12 61 90.40078247 1.269
12 62 90.40078247 1.269
12 63 90.40078247 1.269
12 64 90.40078247 1.269
12 65 90.40078247 1.269
12 66 90.40078247 1.269
12 67 90.40078247 1.269
12 68 90.40078247 1.269
12 69 90.40078247 1.269
12 70 90.40078247 1.269
12 71 90.40078247 1.269
12 72 91.75836304399999 1.206
12 73 91.75836304399999 1.206
12 74 91.75836304399999 1.206
12 75 91.75836304399999 1.206
12 76 91.75836304399999 1.206
12 77 91.75836304399999 1.206
12 78 91.75836304399999 1.206
12 79 91.75836304399999 1.206
12 80 98.57186402 1.2854999999999999
12 81 98.57186402 1.2854999999999999
12 82 98.57186402 1.2854999999999999
12 83 98.57186402 1.2854999999999999
12 84 98.57186402 1.2854999999999999
12 85 98.57186402 1.2854999999999999
12 86 98.57186402 1.2854999999999999
12 87 98.57186402 1.2854999999999999
12 88 90.40078247 1.269
12 89 90.40078247 1.269
12 90 90.40078247 1.269
12 91 90.40078247 1.269
12 92 90.40078247 1.269
12 93 90.40078247 1.269
12 94 90.40078247 1.269
12 95 90.40078247 1.269
12 96 98.57186402 1.2854999999999999
12 97 98.57186402 1.2854999999999999
12 98 98.57186402 1.2854999999999999
12 99 98.57186402 1.2854999999999999
12 100 98.57186402 1.2854999999999999
12 101 98.57186402 1.2854999999999999
12 102 98.57186402 1.2854999999999999
12 103 98.57186402 1.2854999999999999
12 104 90.40078247 1.269
12 105 90.40078247 1.269
12 106 90.40078247 1.269
12 107 90.40078247 1.269
12 108 90.40078247 1.269
12 109 90.40078247 1.269
12 110 90.40078247 1.269
12 111 90.40078247 1.269
12 112 90.40078247 1.269
12 113 90.40078247 1.269
12 114 90.40078247 1.269
12 115 90.40078247 1.269
12 116 90.40078247 1.269
12 117 90.40078247 1.269
12 118 90.40078247 1.269
12 119 90.40078247 1.269
12 120 91.75836304399999 1.206
12 121 91.75836304399999 1.206
12 122 91.75836304399999 1.206
12 123 91.75836304399999 1.206
12 124 91.75836304399999 1.206
12 125 91.75836304399999 1.206
12 126 91.75836304399999 1.206
12 127 91.75836304399999 1.206
13 0 68.417359628 1.0995
13 1 68.417359628 1.0995
13 2 68.417359628 1.0995
13 3 68.417359628 1.0995
13 4 68.417359628 1.0995
13 5 68.417359628 1.0995
13 6 68.417359628 1.0995
13 7 68.417359628 1.0995
13 8 72.837434084 0.8264999999999999
13 9 72.837434084 0.8264999999999999
13 10 72.837434084 0.8264999999999999
13 11 72.837434084 0.8264999999999999
13 12 72.837434084 0.8264999999999999
13 13 72.837434084 0.8264999999999999
13 14 72.837434084 0.8264999999999999
13 15 72.837434084 0.8264999999999999
13 16 86.474103998 1.2495
13 17 86.474103998 1.2495
13 18 86.474103998 1.2495
13 19 86.474103998 1.2495
13 20 86.474103998 1.2495
13 21 86.474103998 1.2495
13 22 86.474103998 1.2495
13 23 86.474103998 1.2495
13 24 86.79419067200001 1.3125
13 25 86.79419067200001 1.3125
13 26 86.79419067200001 1.3125
13 27 86.79419067200001 1.3125
13 28 86.79419067200001 1.3125
13 29 86.79419067200001 1.3125
13 30 86.79419067200001 1.3125
13 31 86.79419067200001 1.3125
13 32 89.805103754 1.2705
13 33 89.805103754 1.2705
13 34 89.805103754 1.2705
13 35 89.805103754 1.2705
13 36 89.805103754 1.2705
13 37 89.805103754 1.2705
13 38 89.805103754 1.2705
13 39 89.805103754 1.2705
13 40 92.632545158 1.1535
13 41 92.632545158 1.1535
13 42 92.632545158 1.1535
13 43 92.632545158 1.1535
13 44 92.632545158 1.1535
13 45 92.632545158 1.1535
13 46 92.632545158 1.1535
13 47 92.632545158 1.1535
13 48 99.245820308 1.287
13 49 99.245820308 1.287
13 50 99.245820308 1.287
13 51 99.245820308 1.287
13 52 99.245820308 1.287
13 53 99.245820308 1.287
13 54 99.245820308 1.287
13 55 99.245820308 1.287
13 56 89.805103754 1.2705
13 57 89.805103754 1.2705
13 58 89.805103754 1.2705
13 59 89.805103754 1.2705
13 60 89.805103754 1.2705
13 61 89.805103754 1.2705
13 62 89.805103754 1.2705
13 63 89.805103754 1.2705
13 64 89.805103754 1.2705
13 65 89.805103754 1.2705
13 66 89.805103754 1.2705
13 67 89.805103754 1.2705
13 68 89.805103754 1.2705
13 69 89.805103754 1.2705
13 70 89.805103754 1.2705
13 71 89.805103754 1.2705
13 72 92.632545158 1.1535
13 73 92.632545158 1.1535
13 74 92.632545158 1.1535
13 75 92.632545158 1.1535
13 76 92.632545158 1.1535
13 77 92.632545158 1.1535
13 78 92.632545158 1.1535
13 79 92.632545158 1.1535
13 80 99.245820308 1.287
13 81 99.245820308 1.287
13 82 99.245820308 1.287
13 83 99.245820308 1.287
13 84 99.245820308 1.287
13 85 99.245820308 1.287
13 86 99.245820308 1.287
13 87 99.245820308 1.287
13 88 89.805103754 1.2705
13 89 89.805103754 1.2705
13 90 89.805103754 1.2705
13 91 89.805103754 1.2705
13 92 89.805103754 1.2705
13 93 89.805103754 1.2705
13 94 89.805103754 1.2705
13 95 89.805103754 1.2705
13 96 99.245820308 1.287
13 97 99.245820308 1.287
13 98 99.245820308 1.287
13 99 99.245820308 1.287
13 100 99.245820308 1.287
13 101 99.245820308 1.287
13 102 99.245820308 1.287
13 103 99.245820308 1.287
13 104 89.805103754 1.2705
13 105 89.805103754 1.2705
13 106 89.805103754 1.2705
13 107 89.805103754 1.2705
13 108 89.805103754 1.2705
13 109 89.805103754 1.2705
13 110 89.805103754 1.2705
13 111 89.805103754 1.2705
13 112 89.805103754 1.2705
13 113 89.805103754 1.2705
13 114 89.805103754 1.2705
13 115 89.805103754 1.2705
13 116 89.805103754 1.2705
13 117 89.805103754 1.2705
13 118 89.805103754 1.2705
13 119 89.805103754 1.2705
13 120 92.632545158 1.1535
13 121 92.632545158 1.1535
13 122 92.632545158 1.1535
13 123 92.632545158 1.1535
13 124 92.632545158 1.1535
13 125 92.632545158 1.1535
13 126 92.632545158 1.1535
13 127 92.632545158 1.1535
14 0 68.749805912 0.192
14 1 68.749805912 0.192
14 2 68.749805912 0.192
14 3 68.749805912 0.192
14 4 68.749805912 0.192
14 5 68.749805912 0.192
14 6 68.749805912 0.192
14 7 68.749805912 0.192
14 8 72.67884643400001 0.1545
14 9 72.67884643400001 0.1545
14 10 72.67884643400001 0.1545
14 11 72.67884643400001 0.1545
14 12 72.67884643400001 0.1545
14 13 72.67884643400001 0.1545
14 14 72.67884643400001 0.1545
14 15 72.67884643400001 0.1545
14 16 86.34655273999999 1.1835
14 17 86.34655273999999 1.1835
14 18 86.34655273999999 1.1835
14 19 86.34655273999999 1.1835
14 20 86.34655273999999 1.1835
14 21 86.34655273999999 1.1835
14 22 86.34655273999999 1.1835
14 23 86.34655273999999 1.1835
14 24 87.1784375 1.2495
14 25 87.1784375 1.2495
14 26 87.1784375 1.2495
14 27 87.1784375 1.2495
14 28 87.1784375 1.2495
14 29 87.1784375 1.2495
14 30 87.1784375 1.2495
14 31 87.1784375 1.2495
14 32 89.04781616 1.203
14 33 89.04781616 1.203
14 34 89.04781616 1.203
14 35 89.04781616 1.203
14 36 89.04781616 1.203
14 37 89.04781616 1.203
14 38 89.04781616 1.203
14 39 89.04781616 1.203
14 40 92.752076408 1.1085
14 41 92.752076408 1.1085
14 42 92.752076408 1.1085
14 43 92.752076408 1.1085
14 44 92.752076408 1.1085
14 45 92.752076408 1.1085
14 46 92.752076408 1.1085
14 47 92.752076408 1.1085
14 48 99.177320552 1.218
14 49 99.177320552 1.218
14 50 99.177320552 1.218
14 51 99.177320552 1.218
14 52 99.177320552 1.218
14 53 99.177320552 1.218
14 54 99.177320552 1.218
14 55 99.177320552 1.218
14 56 89.04781616 1.203
14 57 89.04781616 1.203
14 58 89.04781616 1.203
14 59 89.04781616 1.203
14 60 89.04781616 1.203
14 61 89.04781616 1.203
14 62 89.04781616 1.203
14 63 89.04781616 1.203
14 64 89.04781616 1.203
14 65 89.04781616 1.203
14 66 89.04781616 1.203
14 67 89.04781616 1.203
14 68 89.04781616 1.203
14 69 89.04781616 1.203
14 70 89.04781616 1.203
14 71 89.04781616 1.203
14 72 92.752076408 1.1085
14 73 92.752076408 1.1085
14 74 92.752076408 1.1085
14 75 92.752076408 1.1085
14 76 92.752076408 1.1085
14 77 92.752076408 1.1085
14 78 92.752076408 1.1085
14 79 92.752076408 1.1085
14 80 99.177320552 1.218
14 81 99.177320552 1.218
14 82 99.177320552 1.218
14 83 99.177320552 1.218
14 84 99.177320552 1.218
14 85 99.177320552 1.218
14 86 99.177320552 1.218
14 87 99.177320552 1.218
14 88 89.04781616 1.203
14 89 89.04781616 1.203
14 90 89.04781616 1.203
14 91 89.04781616 1.203
14 92 89.04781616 1.203
14 93 89.04781616 1.203
14 94 89.04781616 1.203
14 95 89.04781616 1.203
14 96 99.177320552 1.218
14 97 99.177320552 1.218
14 98 99.177320552 1.218
14 99 99.177320552 1.218
14 100 99.177320552 1.218
14 101 99.177320552 1.218
14 102 99.177320552 1.218
14 103 99.177320552 1.218
14 104 89.04781616 1.203
14 105 89.04781616 1.203
14 106 89.04781616 1.203
14 107 89.04781616 1.203
14 108 89.04781616 1.203
14 109 89.04781616 1.203
14 110 89.04781616 1.203
14 111 89.04781616 1.203
14 112 89.04781616 1.203
14 113 89.04781616 1.203
14 114 89.04781616 1.203
14 115 89.04781616 1.203
14 116 89.04781616 1.203
14 117 89.04781616 1.203
14 118 89.04781616 1.203
14 119 89.04781616 1.203
14 120 92.752076408 1.1085
14 121 92.752076408 1.1085
14 122 92.752076408 1.1085
14 123 92.752076408 1.1085
14 124 92.752076408 1.1085
14 125 92.752076408 1.1085
14 126 92.752076408 1.1085
14 127 92.752076408 1.1085
15 0 70.40039185399999 1.0905
15 1 70.40039185399999 1.0905
15 2 70.40039185399999 1.0905
15 3 70.40039185399999 1.0905
15 4 67.768726802 0.858
15 5 67.768726802 0.858
15 6 67.768726802 0.858
15 7 67.768726802 0.858
15 8 71.74770018800001 0.4605
15 9 71.74770018800001 0.4605
15 10 71.74770018800001 0.4605
15 11 71.74770018800001 0.4605
15 12 72.870338138 1.0455
15 13 72.870338138 1.0455
15 14 72.870338138 1.0455
15 15 72.870338138 1.0455
15 16 85.50390137 1.053
15 17 85.50390137 1.053
15 18 85.50390137 1.053
15 19 85.50390137 1.053
15 20 86.78238036799999 1.122
15 21 86.78238036799999 1.122
15 22 86.78238036799999 1.122
15 23 86.78238036799999 1.122
15 24 86.78238036799999 1.122
15 25 86.78238036799999 1.122
15 26 86.78238036799999 1.122
15 27 86.78238036799999 1.122
15 28 85.50390137 1.053
15 29 85.50390137 1.053
15 30 85.50390137 1.053
15 31 85.50390137 1.053
15 32 87.81701783 0.9764999999999999
15 33 87.81701783 0.9764999999999999
15 34 87.81701783 0.9764999999999999
15 35 87.81701783 0.9764999999999999
15 36 89.219587406 0.9389999999999998
15 37 89.219587406 0.9389999999999998
15 38 89.219587406 0.9389999999999998
15 39 89.219587406 0.9389999999999998
15 40 91.932276614 0.9255
15 41 91.932276614 0.9255
15 42 91.932276614 0.9255
15 43 91.932276614 0.9255
15 44 92.52471435800001 1.0845
15 45 92.52471435800001 1.0845
15 46 92.52471435800001 1.0845
15 47 92.52471435800001 1.0845
15 48 98.405036618 1.0875
15 49 98.405036618 1.0875
15 50 98.405036618 1.0875
15 51 98.405036618 1.0875
15 52 92.52471435800001 1.0845
15 53 92.52471435800001 1.0845
15 54 92.52471435800001 1.0845
15 55 92.52471435800001 1.0845
15 56 87.81701783 0.9764999999999999
15 57 87.81701783 0.9764999999999999
15 58 87.81701783 0.9764999999999999
15 59 87.81701783 0.9764999999999999
15 60 89.219587406 0.9389999999999998
15 61 89.219587406 0.9389999999999998
15 62 89.219587406 0.9389999999999998
15 63 89.219587406 0.9389999999999998
15 64 87.81701783 0.9764999999999999
15 65 87.81701783 0.9764999999999999
15 66 87.81701783 0.9764999999999999
15 67 87.81701783 0.9764999999999999
15 68 89.219587406 0.9389999999999998
15 69 89.219587406 0.9389999999999998
15 70 89.219587406 0.9389999999999998
15 71 89.219587406 0.9389999999999998
15 72 91.932276614 0.9255
15 73 91.932276614 0.9255
15 74 91.932276614 0.9255
15 75 91.932276614 0.9255
15 76 92.52471435800001 1.0845
15 77 92.52471435800001 1.0845
15 78 92.52471435800001 1.0845
15 79 92.52471435800001 1.0845
15 80 98.405036618 1.0875
15 81 98.405036618 1.0875
15 82 98.405036618 1.0875
15 83 98.405036618 1.0875
15 84 92.52471435800001 1.0845
15 85 92.52471435800001 1.0845
15 86 92.52471435800001 1.0845
15 87 92.52471435800001 1.0845
15 88 87.81701783 0.9764999999999999
15 89 87.81701783 0.9764999999999999
15 90 87.81701783 0.9764999999999999
15 91 87.81701783 0.9764999999999999
15 92 89.219587406 0.9389999999999998
15 93 89.219587406 0.9389999999999998
15 94 89.219587406 0.9389999999999998
15 95 89.219587406 0.9389999999999998
15 96 98.405036618 1.0875
15 97 98.405036618 1.0875
15 98 98.405036618 1.0875
15 99 98.405036618 1.0875
15 100 92.52471435800001 1.0845
15 101 92.52471435800001 1.0845
15 102 92.52471435800001 1.0845
15 103 92.52471435800001 1.0845
15 104 87.81701783 0.9764999999999999
15 105 87.81701783 0.9764999999999999
15 106 87.81701783 0.9764999999999999
15 107 87.81701783 0.9764999999999999
15 108 89.219587406 0.9389999999999998
15 109 89.219587406 0.9389999999999998
15 110 89.219587406 0.9389999999999998
15 111 89.219587406 0.9389999999999998
15 112 87.81701783 0.9764999999999999
15 113 87.81701783 0.9764999999999999
15 114 87.81701783 0.9764999999999999
15 115 87.81701783 0.9764999999999999
15 116 89.219587406 0.9389999999999998
15 117 89.219587406 0.9389999999999998
15 118 89.219587406 0.9389999999999998
15 119 89.219587406 0.9389999999999998
15 120 91.932276614 0.9255
15 121 91.932276614 0.9255
15 122 91.932276614 0.9255
15 123 91.932276614 0.9255
15 124 92.52471435800001 1.0845
15 125 92.52471435800001 1.0845
15 126 92.52471435800001 1.0845
15 127 92.52471435800001 1.0845
16 0 71.35603759400001 0.921
16 1 71.35603759400001 0.921
16 2 71.35603759400001 0.921
16 3 71.35603759400001 0.921
16 4 66.445368656 0.72
16 5 66.445368656 0.72
16 6 66.445368656 0.72
16 7 66.445368656 0.72
16 8 70.162592774 0.5295
16 9 70.162592774 0.5295
16 10 70.162592774 0.5295
16 11 70.162592774 0.5295
16 12 72.26944091600001 0.861
16 13 72.26944091600001 0.861
16 14 72.26944091600001 0.861
16 15 72.26944091600001 0.861
16 16 84.04436768 0.8714999999999999
16 17 84.04436768 0.8714999999999999
16 18 84.04436768 0.8714999999999999
16 19 84.04436768 0.8714999999999999
16 20 85.67968262 0.9405
16 21 85.67968262 0.9405
16 22 85.67968262 0.9405
16 23 85.67968262 0.9405
16 24 85.67968262 0.9405
16 25 85.67968262 0.9405
16 26 85.67968262 0.9405
16 27 85.67968262 0.9405
16 28 84.04436768 0.8714999999999999
16 29 84.04436768 0.8714999999999999
16 30 84.04436768 0.8714999999999999
16 31 84.04436768 0.8714999999999999
16 32 86.11633423399999 0.6914999999999999
16 33 86.11633423399999 0.6914999999999999
16 34 86.11633423399999 0.6914999999999999
16 35 86.11633423399999 0.6914999999999999
16 36 88.21499756 0.7725
16 37 88.21499756 0.7725
16 38 88.21499756 0.7725
16 39 88.21499756 0.7725
16 40 90.474940184 0.8385
16 41 90.474940184 0.8385
16 42 90.474940184 0.8385
16 43 90.474940184 0.8385
16 44 91.181745608 0.9045
16 45 91.181745608 0.9045
16 46 91.181745608 0.9045
16 47 91.181745608 0.9045
16 48 96.902052008 0.9045
16 49 96.902052008 0.9045
16 50 96.902052008 0.9045
16 51 96.902052008 0.9045
16 52 91.181745608 0.9045
16 53 91.181745608 0.9045
16 54 91.181745608 0.9045
16 55 91.181745608 0.9045
16 56 86.11633423399999 0.6914999999999999
16 57 86.11633423399999 0.6914999999999999
16 58 86.11633423399999 0.6914999999999999
16 59 86.11633423399999 0.6914999999999999
16 60 88.21499756 0.7725
16 61 88.21499756 0.7725
16 62 88.21499756 0.7725
16 63 88.21499756 0.7725
16 64 86.11633423399999 0.6914999999999999
16 65 86.11633423399999 0.6914999999999999
16 66 86.11633423399999 0.6914999999999999
16 67 86.11633423399999 0.6914999999999999
16 68 88.21499756 0.7725
16 69 88.21499756 0.7725
16 70 88.21499756 0.7725
16 71 88.21499756 0.7725
16 72 90.474940184 0.8385
16 73 90.474940184 0.8385
16 74 90.474940184 0.8385
16 75 90.474940184 0.8385
16 76 91.181745608 0.9045
16 77 91.181745608 0.9045
16 78 91.181745608 0.9045
16 79 91.181745608 0.9045
16 80 96.902052008 0.9045
16 81 96.902052008 0.9045
16 82 96.902052008 0.9045
16 83 96.902052008 0.9045
16 84 91.181745608 0.9045
16 85 91.181745608 0.9045
16 86 91.181745608 0.9045
16 87 91.181745608 0.9045
16 88 86.11633423399999 0.6914999999999999
16 89 86.11633423399999 0.6914999999999999
16 90 86.11633423399999 0.6914999999999999
16 91 86.11633423399999 0.6914999999999999
16 92 88.21499756 0.7725
16 93 88.21499756 0.7725
16 94 88.21499756 0.7725
16 95 88.21499756 0.7725
16 96 96.902052008 0.9045
16 97 96.902052008 0.9045
16 98 96.902052008 0.9045
16 99 96.902052008 0.9045
16 100 91.181745608 0.9045
16 101 91.181745608 0.9045
16 102 91.181745608 0.9045
16 103 91.181745608 0.9045
16 104 86.11633423399999 0.6914999999999999
16 105 86.11633423399999 0.6914999999999999
16 106 86.11633423399999 0.6914999999999999
16 107 86.11633423399999 0.6914999999999999
16 108 88.21499756 0.7725
16 109 88.21499756 0.7725
16 110 88.21499756 0.7725
16 111 88.21499756 0.7725
16 112 86.11633423399999 0.6914999999999999
16 113 86.11633423399999 0.6914999999999999
16 114 86.11633423399999 0.6914999999999999
16 115 86.11633423399999 0.6914999999999999
16 116 88.21499756 0.7725
16 117 88.21499756 0.7725
16 118 88.21499756 0.7725
16 119 88.21499756 0.7725
16 120 90.474940184 0.8385
16 121 90.474940184 0.8385
16 122 90.474940184 0.8385
16 123 90.474940184 0.8385
16 124 91.181745608 0.9045
16 125 91.181745608 0.9045
16 126 91.181745608 0.9045
16 127 91.181745608 0.9045
17 0 70.94421509 0.711
17 1 70.94421509 0.711
17 2 70.94421509 0.711
17 3 70.94421509 0.711
17 4 65.27235839 0.1485
17 5 65.27235839 0.1485
17 6 65.27235839 0.1485
17 7 65.27235839 0.1485
17 8 68.17110107 0.504
17 9 68.17110107 0.504
17 10 68.17110107 0.504
17 11 68.17110107 0.504
17 12 71.07182128400001 0.639
17 13 71.07182128400001 0.639
17 14 71.07182128400001 0.639
17 15 71.07182128400001 0.639
17 16 82.03820923399999 0.6525
17 17 82.03820923399999 0.6525
17 18 82.03820923399999 0.6525
17 19 82.03820923399999 0.6525
17 20 83.968397222 0.7214999999999999
17 21 83.968397222 0.7214999999999999
17 22 83.968397222 0.7214999999999999
17 23 83.968397222 0.7214999999999999
17 24 83.968397222 0.7214999999999999
17 25 83.968397222 0.7214999999999999
17 26 83.968397222 0.7214999999999999
17 27 83.968397222 0.7214999999999999
17 28 82.03820923399999 0.6525
17 29 82.03820923399999 0.6525
17 30 82.03820923399999 0.6525
17 31 82.03820923399999 0.6525
17 32 84.19900024399999 0.6614999999999999
17 33 84.19900024399999 0.6614999999999999
17 34 84.19900024399999 0.6614999999999999
17 35 84.19900024399999 0.6614999999999999
17 36 86.534034422 0.5835
17 37 86.534034422 0.5835
17 38 86.534034422 0.5835
17 39 86.534034422 0.5835
17 40 88.51695679400001 0.711
17 41 88.51695679400001 0.711
17 42 88.51695679400001 0.711
17 43 88.51695679400001 0.711
17 44 88.94932372400001 0.6914999999999999
17 45 88.94932372400001 0.6914999999999999
17 46 88.94932372400001 0.6914999999999999
17 47 88.94932372400001 0.6914999999999999
17 48 94.69682128400001 0.6885
17 49 94.69682128400001 0.6885
17 50 94.69682128400001 0.6885
17 51 94.69682128400001 0.6885
17 52 88.94932372400001 0.6914999999999999
17 53 88.94932372400001 0.6914999999999999
17 54 88.94932372400001 0.6914999999999999
17 55 88.94932372400001 0.6914999999999999
17 56 84.19900024399999 0.6614999999999999
17 57 84.19900024399999 0.6614999999999999
17 58 84.19900024399999 0.6614999999999999
17 59 84.19900024399999 0.6614999999999999
17 60 86.534034422 0.5835
17 61 86.534034422 0.5835
17 62 86.534034422 0.5835
17 63 86.534034422 0.5835
17 64 84.19900024399999 0.6614999999999999
17 65 84.19900024399999 0.6614999999999999
17 66 84.19900024399999 0.6614999999999999
17 67 84.19900024399999 0.6614999999999999
17 68 86.534034422 0.5835
17 69 86.534034422 0.5835
17 70 86.534034422 0.5835
17 71 86.534034422 0.5835
17 72 88.51695679400001 0.711
17 73 88.51695679400001 0.711
17 74 88.51695679400001 0.711
17 75 88.51695679400001 0.711
17 76 88.94932372400001 0.6914999999999999
17 77 88.94932372400001 0.6914999999999999
17 78 88.94932372400001 0.6914999999999999
17 79 88.94932372400001 0.6914999999999999
17 80 94.69682128400001 0.6885
17 81 94.69682128400001 0.6885
17 82 94.69682128400001 0.6885
17 83 94.69682128400001 0.6885
17 84 88.94932372400001 0.6914999999999999
17 85 88.94932372400001 0.6914999999999999
17 86 88.94932372400001 0.6914999999999999
17 87 88.94932372400001 0.6914999999999999
17 88 84.19900024399999 0.6614999999999999
17 89 84.19900024399999 0.6614999999999999
17 90 84.19900024399999 0.6614999999999999
17 91 84.19900024399999 0.6614999999999999
17 92 86.534034422 0.5835
17 93 86.534034422 0.5835
17 94 86.534034422 0.5835
17 95 86.534034422 0.5835
17 96 94.69682128400001 0.6885
17 97 94.69682128400001 0.6885
17 98 94.69682128400001 0.6885
17 99 94.69682128400001 0.6885
17 100 88.94932372400001 0.6914999999999999
17 101 88.94932372400001 0.6914999999999999
17 102 88.94932372400001 0.6914999999999999
17 103 88.94932372400001 0.6914999999999999
17 104 84.19900024399999 0.6614999999999999
17 105 84.19900024399999 0.6614999999999999
17 106 84.19900024399999 0.6614999999999999
17 107 84.19900024399999 0.6614999999999999
17 108 86.534034422 0.5835
17 109 86.534034422 0.5835
17 110 86.534034422 0.5835
17 111 86.534034422 0.5835
17 112 84.19900024399999 0.6614999999999999
17 113 84.19900024399999 0.6614999999999999
17 114 84.19900024399999 0.6614999999999999
17 115 84.19900024399999 0.6614999999999999
17 116 86.534034422 0.5835
17 117 86.534034422 0.5835
17 118 86.534034422 0.5835
17 119 86.534034422 0.5835
17 120 88.51695679400001 0.711
17 121 88.51695679400001 0.711
17 122 88.51695679400001 0.711
17 123 88.51695679400001 0.711
17 124 88.94932372400001 0.6914999999999999
17 125 88.94932372400001 0.6914999999999999
17 126 88.94932372400001 0.6914999999999999
17 127 88.94932372400001 0.6914999999999999
18 0 69.523627928 0.48
18 1 69.523627928 0.48
18 2 68.913172616 0.4035
18 3 68.913172616 0.4035
18 4 63.9393872 0.06
18 5 63.9393872 0.06
18 6 65.989930424 0.48
18 7 65.989930424 0.48
18 8 65.989930424 0.48
18 9 65.989930424 0.48
18 10 67.69061402 0.441
18 11 67.69061402 0.441
18 12 68.913172616 0.4035
18 13 68.913172616 0.4035
18 14 69.523627928 0.48
18 15 69.523627928 0.48
18 16 79.270972898 0.4185
18 17 79.270972898 0.4185
18 18 79.653956306 0.429
18 19 79.653956306 0.429
18 20 81.716639396 0.486
18 21 81.716639396 0.486
18 22 81.98811158000001 0.2805
18 23 81.98811158000001 0.2805
18 24 81.716639396 0.486
18 25 81.716639396 0.486
18 26 81.98811158000001 0.2805
18 27 81.98811158000001 0.2805
18 28 79.270972898 0.4185
18 29 79.270972898 0.4185
18 30 79.653956306 0.429
18 31 79.653956306 0.429
18 32 81.98811158000001 0.2805
18 33 81.98811158000001 0.2805
18 34 81.716639396 0.486
18 35 81.716639396 0.486
18 36 83.81425902800001 0.3435
18 37 83.81425902800001 0.3435
18 38 85.91451537200001 0.4365
18 39 85.91451537200001 0.4365
18 40 85.91451537200001 0.4365
18 41 85.91451537200001 0.4365
18 42 85.956428228 0.46199999999999997
18 43 85.956428228 0.46199999999999997
18 44 85.956428228 0.46199999999999997
18 45 85.956428228 0.46199999999999997
18 46 85.91451537200001 0.4365
18 47 85.91451537200001 0.4365
18 48 91.483210454 0.4575
18 49 91.483210454 0.4575
18 50 85.956428228 0.46199999999999997
18 51 85.956428228 0.46199999999999997
18 52 85.956428228 0.46199999999999997
18 53 85.956428228 0.46199999999999997
18 54 85.91451537200001 0.4365
18 55 85.91451537200001 0.4365
18 56 81.98811158000001 0.2805
18 57 81.98811158000001 0.2805
18 58 81.716639396 0.486
18 59 81.716639396 0.486
18 60 83.81425902800001 0.3435
18 61 83.81425902800001 0.3435
18 62 85.91451537200001 0.4365
18 63 85.91451537200001 0.4365
18 64 81.98811158000001 0.2805
18 65 81.98811158000001 0.2805
18 66 81.716639396 0.486
18 67 81.716639396 0.486
18 68 83.81425902800001 0.3435
18 69 83.81425902800001 0.3435
18 70 85.91451537200001 0.4365
18 71 85.91451537200001 0.4365
18 72 85.91451537200001 0.4365
18 73 85.91451537200001 0.4365
18 74 85.956428228 0.46199999999999997
18 75 85.956428228 0.46199999999999997
18 76 85.956428228 0.46199999999999997
18 77 85.956428228 0.46199999999999997
18 78 85.91451537200001 0.4365
18 79 85.91451537200001 0.4365
18 80 91.483210454 0.4575
18 81 91.483210454 0.4575
18 82 85.956428228 0.46199999999999997
18 83 85.956428228 0.46199999999999997
18 84 85.956428228 0.46199999999999997
18 85 85.956428228 0.46199999999999997
18 86 85.91451537200001 0.4365
18 87 85.91451537200001 0.4365
18 88 81.98811158000001 0.2805
18 89 81.98811158000001 0.2805
18 90 81.716639396 0.486
18 91 81.716639396 0.486
18 92 83.81425902800001 0.3435
18 93 83.81425902800001 0.3435
18 94 85.91451537200001 0.4365
18 95 85.91451537200001 0.4365
18 96 91.483210454 0.4575
18 97 91.483210454 0.4575
18 98 85.956428228 0.46199999999999997
18 99 85.956428228 0.46199999999999997
18 100 85.956428228 0.46199999999999997
18 101 85.956428228 0.46199999999999997
18 102 85.91451537200001 0.4365
18 103 85.91451537200001 0.4365
18 104 81.98811158000001 0.2805
18 105 81.98811158000001 0.2805
18 106 81.716639396 0.486
18 107 81.716639396 0.486
18 108 83.81425902800001 0.3435
18 109 83.81425902800001 0.3435
18 110 85.91451537200001 0.4365
18 111 85.91451537200001 0.4365
18 112 81.98811158000001 0.2805
18 113 81.98811158000001 0.2805
18 114 81.716639396 0.486
18 115 81.716639396 0.486
18 116 83.81425902800001 0.3435
18 117 83.81425902800001 0.3435
18 118 85.91451537200001 0.4365
18 119 85.91451537200001 0.4365
18 120 85.91451537200001 0.4365
18 121 85.91451537200001 0.4365
18 122 85.956428228 0.46199999999999997
18 123 85.956428228 0.46199999999999997
18 124 85.956428228 0.46199999999999997
18 125 85.956428228 0.46199999999999997
18 126 85.91451537200001 0.4365
18 127 85.91451537200001 0.4365
19 0 67.320374756 0.2565
19 1 67.320374756 0.2565
19 2 65.84820679399999 0.18
19 3 65.84820679399999 0.18
19 4 62.495948479999996 0.1515
19 5 62.495948479999996 0.1515
19 6 63.441376952 0.213
19 7 63.441376952 0.213
19 8 63.441376952 0.213
19 9 63.441376952 0.213
19 10 65.111848142 0.219
19 11 65.111848142 0.219
19 12 65.84820679399999 0.18
19 13 65.84820679399999 0.18
19 14 67.320374756 0.2565
19 15 67.320374756 0.2565
19 16 75.352424324 0.1965
19 17 75.352424324 0.1965
19 18 75.927558596 0.20849999999999996
19 19 75.927558596 0.20849999999999996
19 20 78.14075439199999 0.2595
19 21 78.14075439199999 0.2595
19 22 79.45889405 0.0285
19 23 79.45889405 0.0285
19 24 78.14075439199999 0.2595
19 25 78.14075439199999 0.2595
19 26 79.45889405 0.0285
19 27 79.45889405 0.0285
19 28 75.352424324 0.1965
19 29 75.352424324 0.1965
19 30 75.927558596 0.20849999999999996
19 31 75.927558596 0.20849999999999996
19 32 79.45889405 0.0285
19 33 79.45889405 0.0285
19 34 78.14075439199999 0.2595
19 35 78.14075439199999 0.2595
19 36 80.311817624 0.1485
19 37 80.311817624 0.1485
19 38 82.172846678 0.252
19 39 82.172846678 0.252
19 40 82.172846678 0.252
19 41 82.172846678 0.252
19 42 81.563874512 0.2415
19 43 81.563874512 0.2415
19 44 81.563874512 0.2415
19 45 81.563874512 0.2415
19 46 82.172846678 0.252
19 47 82.172846678 0.252
19 48 86.89801146799999 0.237
19 49 86.89801146799999 0.237
19 50 81.563874512 0.2415
19 51 81.563874512 0.2415
19 52 81.563874512 0.2415
19 53 81.563874512 0.2415
19 54 82.172846678 0.252
19 55 82.172846678 0.252
19 56 79.45889405 0.0285
19 57 79.45889405 0.0285
19 58 78.14075439199999 0.2595
19 59 78.14075439199999 0.2595
19 60 80.311817624 0.1485
19 61 80.311817624 0.1485
19 62 82.172846678 0.252
19 63 82.172846678 0.252
19 64 79.45889405 0.0285
19 65 79.45889405 0.0285
19 66 78.14075439199999 0.2595
19 67 78.14075439199999 0.2595
19 68 80.311817624 0.1485
19 69 80.311817624 0.1485
19 70 82.172846678 0.252
19 71 82.172846678 0.252
19 72 82.172846678 0.252
19 73 82.172846678 0.252
19 74 81.563874512 0.2415
19 75 81.563874512 0.2415
19 76 81.563874512 0.2415
19 77 81.563874512 0.2415
19 78 82.172846678 0.252
19 79 82.172846678 0.252
19 80 86.89801146799999 0.237
19 81 86.89801146799999 0.237
19 82 81.563874512 0.2415
19 83 81.563874512 0.2415
19 84 81.563874512 0.2415
19 85 81.563874512 0.2415
19 86 82.172846678 0.252
19 87 82.172846678 0.252
19 88 79.45889405 0.0285
19 89 79.45889405 0.0285
19 90 78.14075439199999 0.2595
19 91 78.14075439199999 0.2595
19 92 80.311817624 0.1485
19 93 80.311817624 0.1485
19 94 82.172846678 0.252
19 95 82.172846678 0.252
19 96 86.89801146799999 0.237
19 97 86.89801146799999 0.237
19 98 81.563874512 0.2415
19 99 81.563874512 0.2415
19 100 81.563874512 0.2415
19 101 81.563874512 0.2415
19 102 82.172846678 0.252
19 103 82.172846678 0.252
19 104 79.45889405 0.0285
19 105 79.45889405 0.0285
19 106 78.14075439199999 0.2595
19 107 78.14075439199999 0.2595
19 108 80.311817624 0.1485
19 109 80.311817624 0.1485
19 110 82.172846678 0.252
19 111 82.172846678 0.252
19 112 79.45889405 0.0285
19 113 79.45889405 0.0285
19 114 78.14075439199999 0.2595
19 115 78.14075439199999 0.2595
19 116 80.311817624 0.1485
19 117 80.311817624 0.1485
19 118 82.172846678 0.252
19 119 82.172846678 0.252
19 120 82.172846678 0.252
19 121 82.172846678 0.252
19 122 81.563874512 0.2415
19 123 81.563874512 0.2415
19 124 81.563874512 0.2415
19 125 81.563874512 0.2415
19 126 82.172846678 0.252
19 127 82.172846678 0.252
20 0 65.756745608 0.072
20 1 65.756745608 0.072
20 2 63.201820064 0.0195
20 3 63.201820064 0.0195
20 4 61.28025634400001 0.0195
20 5 61.28025634400001 0.0195
20 6 60.646564940000005 0.06
20 7 60.646564940000005 0.06
20 8 60.646564940000005 0.06
20 9 60.646564940000005 0.06
20 10 62.506440428000005 0.045
20 11 62.506440428000005 0.045
20 12 63.201820064 0.0195
20 13 63.201820064 0.0195
20 14 65.756745608 0.072
20 15 65.756745608 0.072
20 16 71.734022222 0.0285
20 17 71.734022222 0.0285
20 18 72.47938964 0.039
20 19 72.47938964 0.039
20 20 74.8175 0.075
20 21 74.8175 0.075
20 22 77.01207396800001 0.006
20 23 77.01207396800001 0.006
20 24 74.8175 0.075
20 25 74.8175 0.075
20 26 77.01207396800001 0.006
20 27 77.01207396800001 0.006
20 28 71.734022222 0.0285
20 29 71.734022222 0.0285
20 30 72.47938964 0.039
20 31 72.47938964 0.039
20 32 77.01207396800001 0.006
20 33 77.01207396800001 0.006
20 34 74.8175 0.075
20 35 74.8175 0.075
20 36 77.64065673799999 0.0225
20 37 77.64065673799999 0.0225
20 38 78.70435302199999 0.072
20 39 78.70435302199999 0.072
20 40 78.70435302199999 0.072
20 41 78.70435302199999 0.072
20 42 76.99696777400001 0.0645
20 43 76.99696777400001 0.0645
20 44 76.99696777400001 0.0645
20 45 76.99696777400001 0.0645
20 46 78.70435302199999 0.072
20 47 78.70435302199999 0.072
20 48 82.790827628 0.06149999999999999
20 49 82.790827628 0.06149999999999999
20 50 76.99696777400001 0.0645
20 51 76.99696777400001 0.0645
20 52 76.99696777400001 0.0645
20 53 76.99696777400001 0.0645
20 54 78.70435302199999 0.072
20 55 78.70435302199999 0.072
20 56 77.01207396800001 0.006
20 57 77.01207396800001 0.006
20 58 74.8175 0.075
20 59 74.8175 0.075
20 60 77.64065673799999 0.0225
20 61 77.64065673799999 0.0225
20 62 78.70435302199999 0.072
20 63 78.70435302199999 0.072
20 64 77.01207396800001 0.006
20 65 77.01207396800001 0.006
20 66 74.8175 0.075
20 67 74.8175 0.075
20 68 77.64065673799999 0.0225
20 69 77.64065673799999 0.0225
20 70 78.70435302199999 0.072
20 71 78.70435302199999 0.072
20 72 78.70435302199999 0.072
20 73 78.70435302199999 0.072
20 74 76.99696777400001 0.0645
20 75 76.99696777400001 0.0645
20 76 76.99696777400001 0.0645
20 77 76.99696777400001 0.0645
20 78 78.70435302199999 0.072
20 79 78.70435302199999 0.072
20 80 82.790827628 0.06149999999999999
20 81 82.790827628 0.06149999999999999
20 82 76.99696777400001 0.0645
20 83 76.99696777400001 0.0645
20 84 76.99696777400001 0.0645
20 85 76.99696777400001 0.0645
20 86 78.70435302199999 0.072
20 87 78.70435302199999 0.072
20 88 77.01207396800001 0.006
20 89 77.01207396800001 0.006
20 90 74.8175 0.075
20 91 74.8175 0.075
20 92 77.64065673799999 0.0225
20 93 77.64065673799999 0.0225
20 94 78.70435302199999 0.072
20 95 78.70435302199999 0.072
20 96 82.790827628 0.06149999999999999
20 97 82.790827628 0.06149999999999999
20 98 76.99696777400001 0.0645
20 99 76.99696777400001 0.0645
20 100 76.99696777400001 0.0645
20 101 76.99696777400001 0.0645
20 102 78.70435302199999 0.072
20 103 78.70435302199999 0.072
20 104 77.01207396800001 0.006
20 105 77.01207396800001 0.006
20 106 74.8175 0.075
20 107 74.8175 0.075
20 108 77.64065673799999 0.0225
20 109 77.64065673799999 0.0225
20 110 78.70435302199999 0.072
20 111 78.70435302199999 0.072
20 112 77.01207396800001 0.006
20 113 77.01207396800001 0.006
20 114 74.8175 0.075
20 115 74.8175 0.075
20 116 77.64065673799999 0.0225
20 117 77.64065673799999 0.0225
20 118 78.70435302199999 0.072
20 119 78.70435302199999 0.072
20 120 78.70435302199999 0.072
20 121 78.70435302199999 0.072
20 122 76.99696777400001 0.0645
20 123 76.99696777400001 0.0645
20 124 76.99696777400001 0.0645
20 125 76.99696777400001 0.0645
20 126 78.70435302199999 0.072
20 127 78.70435302199999 0.072
21 0 64.954084478 0.0
21 1 64.642292474 0.0
21 2 61.492292474 0.0
21 3 60.689741216 0.0
21 4 60.356361092 0.0
21 5 58.551856682 0.0
21 6 58.551856682 0.0
21 7 60.356361092 0.0
21 8 58.551856682 0.0
21 9 60.356361092 0.0
21 10 60.689741216 0.0
21 11 59.81264771 0.0
21 12 61.492292474 0.0
21 13 60.689741216 0.0
21 14 64.954084478 0.0
21 15 64.642292474 0.0
21 16 69.507368168 0.0
21 17 70.106068112 0.0
21 18 70.27750976 0.0
21 19 70.97843750000001 0.0
21 20 73.350660398 0.0
21 21 72.930378416 0.0
21 22 75.119953622 0.0
21 23 74.14343384 0.0
21 24 73.350660398 0.0
21 25 72.930378416 0.0
21 26 75.119953622 0.0
21 27 74.14343384 0.0
21 28 69.507368168 0.0
21 29 70.106068112 0.0
21 30 70.27750976 0.0
21 31 70.97843750000001 0.0
21 32 75.119953622 0.0
21 33 74.14343384 0.0
21 34 73.350660398 0.0
21 35 72.930378416 0.0
21 36 75.84329345 0.0
21 37 75.119953622 0.0
21 38 76.970545646 0.0
21 39 75.84329345 0.0
21 40 76.970545646 0.0
21 41 75.84329345 0.0
21 42 74.14343384 0.0
21 43 75.119953622 0.0
21 44 74.14343384 0.0
21 45 75.119953622 0.0
21 46 76.970545646 0.0
21 47 75.84329345 0.0
21 48 80.367133784 0.0
21 49 76.970545646 0.0
21 50 74.14343384 0.0
21 51 75.119953622 0.0
21 52 74.14343384 0.0
21 53 75.119953622 0.0
21 54 76.970545646 0.0
21 55 75.84329345 0.0
21 56 75.119953622 0.0
21 57 74.14343384 0.0
21 58 73.350660398 0.0
21 59 72.930378416 0.0
21 60 75.84329345 0.0
21 61 75.119953622 0.0
21 62 76.970545646 0.0
21 63 75.84329345 0.0
21 64 75.119953622 0.0
21 65 74.14343384 0.0
21 66 73.350660398 0.0
21 67 72.930378416 0.0
21 68 75.84329345 0.0
21 69 75.119953622 0.0
21 70 76.970545646 0.0
21 71 75.84329345 0.0
21 72 76.970545646 0.0
21 73 75.84329345 0.0
21 74 74.14343384 0.0
21 75 75.119953622 0.0
21 76 74.14343384 0.0
21 77 75.119953622 0.0
21 78 76.970545646 0.0
21 79 75.84329345 0.0
21 80 80.367133784 0.0
21 81 76.970545646 0.0
21 82 74.14343384 0.0
21 83 75.119953622 0.0
21 84 74.14343384 0.0
21 85 75.119953622 0.0
21 86 76.970545646 0.0
21 87 75.84329345 0.0
21 88 75.119953622 0.0
21 89 74.14343384 0.0
21 90 73.350660398 0.0
21 91 72.930378416 0.0
21 92 75.84329345 0.0
21 93 75.119953622 0.0
21 94 76.970545646 0.0
21 95 75.84329345 0.0
21 96 80.367133784 0.0
21 97 76.970545646 0.0
21 98 74.14343384 0.0
21 99 75.119953622 0.0
21 100 74.14343384 0.0
21 101 75.119953622 0.0
21 102 76.970545646 0.0
21 103 75.84329345 0.0
21 104 75.119953622 0.0
21 105 74.14343384 0.0
21 106 73.350660398 0.0
21 107 72.930378416 0.0
21 108 75.84329345 0.0
21 109 75.119953622 0.0
21 110 76.970545646 0.0
21 111 75.84329345 0.0
21 112 75.119953622 0.0
21 113 74.14343384 0.0
21 114 73.350660398 0.0
21 115 72.930378416 0.0
21 116 75.84329345 0.0
21 117 75.119953622 0.0
21 118 76.970545646 0.0
21 119 75.84329345 0.0
21 120 76.970545646 0.0
21 121 75.84329345 0.0
21 122 74.14343384 0.0
21 123 75.119953622 0.0
21 124 74.14343384 0.0
21 125 75.119953622 0.0
21 126 76.970545646 0.0
21 127 75.84329345 0.0
22 0 64.00426146800001 0.0
22 1 63.45296753 0.0
22 2 60.047645270000004 0.0
22 3 59.427906494 0.0
22 4 59.593250732 0.0
22 5 57.261622316 0.0
22 6 57.261622316 0.0
22 7 59.593250732 0.0
22 8 57.261622316 0.0
22 9 59.593250732 0.0
22 10 59.427906494 0.0
22 11 58.241273198 0.0
22 12 60.047645270000004 0.0
22 13 59.427906494 0.0
22 14 64.00426146800001 0.0
22 15 63.45296753 0.0
22 16 67.80608033 0.0
22 17 68.955744632 0.0
22 18 68.661311036 0.0
22 19 69.537745364 0.0
22 20 72.161005856 0.0
22 21 71.67535521799999 0.0
22 22 73.606367192 0.0
22 23 72.457142342 0.0
22 24 72.161005856 0.0
22 25 71.67535521799999 0.0
22 26 73.606367192 0.0
22 27 72.457142342 0.0
22 28 67.80608033 0.0
22 29 68.955744632 0.0
22 30 68.661311036 0.0
22 31 69.537745364 0.0
22 32 73.606367192 0.0
22 33 72.457142342 0.0
22 34 72.161005856 0.0
22 35 71.67535521799999 0.0
22 36 73.980177008 0.0
22 37 73.606367192 0.0
22 38 75.92717408 0.0
22 39 73.980177008 0.0
22 40 75.92717408 0.0
22 41 73.980177008 0.0
22 42 72.457142342 0.0
22 43 73.606367192 0.0
22 44 72.457142342 0.0
22 45 73.606367192 0.0
22 46 75.92717408 0.0
22 47 73.980177008 0.0
22 48 78.544007564 0.0
22 49 75.92717408 0.0
22 50 72.457142342 0.0
22 51 73.606367192 0.0
22 52 72.457142342 0.0
22 53 73.606367192 0.0
22 54 75.92717408 0.0
22 55 73.980177008 0.0
22 56 73.606367192 0.0
22 57 72.457142342 0.0
22 58 72.161005856 0.0
22 59 71.67535521799999 0.0
22 60 73.980177008 0.0
22 61 73.606367192 0.0
22 62 75.92717408 0.0
22 63 73.980177008 0.0
22 64 73.606367192 0.0
22 65 72.457142342 0.0
22 66 72.161005856 0.0
22 67 71.67535521799999 0.0
22 68 73.980177008 0.0
22 69 73.606367192 0.0
22 70 75.92717408 0.0
22 71 73.980177008 0.0
22 72 75.92717408 0.0
22 73 73.980177008 0.0
22 74 72.457142342 0.0
22 75 73.606367192 0.0
22 76 72.457142342 0.0
22 77 73.606367192 0.0
22 78 75.92717408 0.0
22 79 73.980177008 0.0
22 80 78.544007564 0.0
22 81 75.92717408 0.0
22 82 72.457142342 0.0
22 83 73.606367192 0.0
22 84 72.457142342 0.0
22 85 73.606367192 0.0
22 86 75.92717408 0.0
22 87 73.980177008 0.0
22 88 73.606367192 0.0
22 89 72.457142342 0.0
22 90 72.161005856 0.0
22 91 71.67535521799999 0.0
22 92 73.980177008 0.0
22 93 73.606367192 0.0
22 94 75.92717408 0.0
22 95 73.980177008 0.0
22 96 78.544007564 0.0
22 97 75.92717408 0.0
22 98 72.457142342 0.0
22 99 73.606367192 0.0
22 100 72.457142342 0.0
22 101 73.606367192 0.0
22 102 75.92717408 0.0
22 103 73.980177008 0.0
22 104 73.606367192 0.0
22 105 72.457142342 0.0
22 106 72.161005856 0.0
22 107 71.67535521799999 0.0
22 108 73.980177008 0.0
22 109 73.606367192 0.0
22 110 75.92717408 0.0
22 111 73.980177008 0.0
22 112 73.606367192 0.0
22 113 72.457142342 0.0
22 114 72.161005856 0.0
22 115 71.67535521799999 0.0
22 116 73.980177008 0.0
22 117 73.606367192 0.0
22 118 75.92717408 0.0
22 119 73.980177008 0.0
22 120 75.92717408 0.0
22 121 73.980177008 0.0
22 122 72.457142342 0.0
22 123 73.606367192 0.0
22 124 72.457142342 0.0
22 125 73.606367192 0.0
22 126 75.92717408 0.0
22 127 73.980177008 0.0
23 0 63.104591066 0.0
23 1 62.048640128 0.0
23 2 58.677430424 0.0
23 3 58.363056644 0.0
23 4 59.023664546 0.0
23 5 56.22313964 0.0
23 6 56.22313964 0.0
23 7 59.023664546 0.0
23 8 56.22313964 0.0
23 9 59.023664546 0.0
23 10 58.363056644 0.0
23 11 56.695661618 0.0
23 12 58.677430424 0.0
23 13 58.363056644 0.0
23 14 63.104591066 0.0
23 15 62.048640128 0.0
23 16 66.29364746600001 0.0
23 17 67.439466554 0.0
23 18 67.27747314199999 0.0
23 19 68.362318112 0.0
23 20 70.688343506 0.0
23 21 70.39967774 0.0
23 22 72.238349606 0.0
23 23 71.095881344 0.0
23 24 70.688343506 0.0
23 25 70.39967774 0.0
23 26 72.238349606 0.0
23 27 71.095881344 0.0
23 28 66.29364746600001 0.0
23 29 67.439466554 0.0
23 30 67.27747314199999 0.0
23 31 68.362318112 0.0
23 32 72.238349606 0.0
23 33 71.095881344 0.0
23 34 70.688343506 0.0
23 35 70.39967774 0.0
23 36 72.182264396 0.0
23 37 72.238349606 0.0
23 38 74.878474118 0.0
23 39 72.182264396 0.0
23 40 74.878474118 0.0
23 41 72.182264396 0.0
23 42 71.095881344 0.0
23 43 72.238349606 0.0
23 44 71.095881344 0.0
23 45 72.238349606 0.0
23 46 74.878474118 0.0
23 47 72.182264396 0.0
23 48 76.917756344 0.0
23 49 74.878474118 0.0
23 50 71.095881344 0.0
23 51 72.238349606 0.0
23 52 71.095881344 0.0
23 53 72.238349606 0.0
23 54 74.878474118 0.0
23 55 72.182264396 0.0
23 56 72.238349606 0.0
23 57 71.095881344 0.0
23 58 70.688343506 0.0
23 59 70.39967774 0.0
23 60 72.182264396 0.0
23 61 72.238349606 0.0
23 62 74.878474118 0.0
23 63 72.182264396 0.0
23 64 72.238349606 0.0
23 65 71.095881344 0.0
23 66 70.688343506 0.0
23 67 70.39967774 0.0
23 68 72.182264396 0.0
23 69 72.238349606 0.0
23 70 74.878474118 0.0
23 71 72.182264396 0.0
23 72 74.878474118 0.0
23 73 72.182264396 0.0
23 74 71.095881344 0.0
23 75 72.238349606 0.0
23 76 71.095881344 0.0
23 77 72.238349606 0.0
23 78 74.878474118 0.0
23 79 72.182264396 0.0
23 80 76.917756344 0.0
23 81 74.878474118 0.0
23 82 71.095881344 0.0
23 83 72.238349606 0.0
23 84 71.095881344 0.0
23 85 72.238349606 0.0
23 86 74.878474118 0.0
23 87 72.182264396 0.0
23 88 72.238349606 0.0
23 89 71.095881344 0.0
23 90 70.688343506 0.0
23 91 70.39967774 0.0
23 92 72.182264396 0.0
23 93 72.238349606 0.0
23 94 74.878474118 0.0
23 95 72.182264396 0.0
23 96 76.917756344 0.0
23 97 74.878474118 0.0
23 98 71.095881344 0.0
23 99 72.238349606 0.0
23 100 71.095881344 0.0
23 101 72.238349606 0.0
23 102 74.878474118 0.0
23 103 72.182264396 0.0
23 104 72.238349606 0.0
23 105 71.095881344 0.0
23 106 70.688343506 0.0
23 107 70.39967774 0.0
23 108 72.182264396 0.0
23 109 72.238349606 0.0
23 110 74.878474118 0.0
23 111 72.182264396 0.0
23 112 72.238349606 0.0
23 113 71.095881344 0.0
23 114 70.688343506 0.0
23 115 70.39967774 0.0
23 116 72.182264396 0.0
23 117 72.238349606 0.0
23 118 74.878474118 0.0
23 119 72.182264396 0.0
23 120 74.878474118 0.0
23 121 72.182264396 0.0
23 122 71.095881344 0.0
23 123 72.238349606 0.0
23 124 71.095881344 0.0
23 125 72.238349606 0.0
23 126 74.878474118 0.0
23 127 72.182264396 0.0
