time period scenario temperature renewable energy
0 0 65.93406494 0.0
0 1 65.93406494 0.0
0 2 65.93406494 0.0
0 3 65.93406494 0.0
0 4 65.93406494 0.0
0 5 65.93406494 0.0
0 6 65.93406494 0.0
0 7 65.93406494 0.0
1 0 65.008851314 0.0
1 1 65.008851314 0.0
1 2 65.008851314 0.0
1 3 65.008851314 0.0
1 4 65.008851314 0.0
1 5 65.008851314 0.0
1 6 65.008851314 0.0
1 7 65.008851314 0.0
2 0 64.25255249599999 0.0
2 1 64.25255249599999 0.0
2 2 64.25255249599999 0.0
2 3 64.25255249599999 0.0
2 4 64.25255249599999 0.0
2 5 64.25255249599999 0.0
2 6 64.25255249599999 0.0
2 7 64.25255249599999 0.0
3 0 63.675056156000004 0.0
3 1 63.675056156000004 0.0
3 2 63.675056156000004 0.0
3 3 63.675056156000004 0.0
3 4 63.675056156000004 0.0
3 5 63.675056156000004 0.0
3 6 63.675056156000004 0.0
3 7 63.675056156000004 0.0
4 0 63.783765878 0.0
4 1 63.783765878 0.0
4 2 63.783765878 0.0
4 3 63.783765878 0.0
4 4 63.783765878 0.0
4 5 63.783765878 0.0
4 6 63.783765878 0.0
4 7 63.783765878 0.0
5 0 64.91343506000001 0.003
5 1 64.91343506000001 0.003
5 2 64.91343506000001 0.003
5 3 64.91343506000001 0.003
5 4 64.91343506000001 0.003
5 5 64.91343506000001 0.003
5 6 64.91343506000001 0.003
5 7 64.91343506000001 0.003
6 0 67.07834594600001 0.1365
6 1 67.07834594600001 0.1365
6 2 67.07834594600001 0.1365
6 3 67.07834594600001 0.1365
6 4 68.84280518 0.258
6 5 68.84280518 0.258
6 6 68.84280518 0.258
6 7 68.84280518 0.258
7 0 70.64423339000001 0.321
7 1 70.64423339000001 0.321
7 2 70.64423339000001 0.321
7 3 70.64423339000001 0.321
7 4 73.431959234 0.48
7 5 73.431959234 0.48
7 6 73.431959234 0.48
7 7 73.431959234 0.48
8 0 74.277137444 0.564
8 1 74.277137444 0.564
8 2 74.277137444 0.564
8 3 74.277137444 0.564
8 4 77.13116576600001 0.531
8 5 77.13116576600001 0.531
8 6 77.13116576600001 0.531
8 7 77.13116576600001 0.531
9 0 76.585419914 0.726
9 1 76.585419914 0.726
9 2 76.585419914 0.726
9 3 76.585419914 0.726
9 4 79.95437744 0.9255
9 5 79.95437744 0.9255
9 6 79.95437744 0.9255
9 7 79.95437744 0.9255
10 0 78.01919067200001 1.0139999999999998
10 1 78.01919067200001 1.0139999999999998
10 2 78.01919067200001 1.0139999999999998
10 3 78.01919067200001 1.0139999999999998
10 4 82.242609872 1.107
10 5 82.242609872 1.107
10 6 82.242609872 1.107
10 7 82.242609872 1.107
11 0 79.073933108 0.9389999999999998
11 1 79.073933108 0.9389999999999998
11 2 79.073933108 0.9389999999999998
11 3 79.073933108 0.9389999999999998
11 4 84.128028566 1.2375
11 5 84.128028566 1.2375
11 6 84.128028566 1.2375
11 7 84.128028566 1.2375
12 0 79.92350585599999 1.191
12 1 79.92350585599999 1.191
12 2 80.06803100600001 1.314
12 3 80.06803100600001 1.314
12 4 85.683088382 1.3079999999999998
12 5 85.683088382 1.3079999999999998
12 6 84.62329223 1.0395
12 7 84.62329223 1.0395
13 0 80.713093262 0.645
13 1 80.713093262 0.645
13 2 80.27951783 0.8955
13 3 80.27951783 0.8955
13 4 86.79419067200001 1.3125
13 5 86.79419067200001 1.3125
13 6 85.180573724 1.017
13 7 85.180573724 1.017
14 0 81.374635004 1.1955
14 1 81.374635004 1.1955
14 2 79.03147094600001 1.0905
14 3 79.03147094600001 1.0905
14 4 87.1784375 1.2495
14 5 87.1784375 1.2495
14 6 85.363551032 0.951
14 7 85.363551032 0.951
15 0 81.484663082 1.0695
15 1 81.484663082 1.0695
15 2 76.462482902 0.7514999999999998
15 3 76.462482902 0.7514999999999998
15 4 86.78238036799999 1.122
15 5 86.78238036799999 1.122
15 6 84.769904786 0.8805
15 7 84.769904786 0.8805
16 0 80.806037594 0.891
16 1 80.806037594 0.891
16 2 73.444044182 0.801
16 3 73.444044182 0.801
16 4 85.67968262 0.9405
16 5 85.67968262 0.9405
16 6 83.433198236 0.732
16 7 83.433198236 0.732
17 0 79.495093994 0.672
17 1 79.495093994 0.672
17 2 70.49564331799999 0.336
17 3 70.49564331799999 0.336
17 4 83.968397222 0.7214999999999999
17 5 83.968397222 0.7214999999999999
17 6 81.7284497 0.573
17 7 81.7284497 0.573
18 0 77.552326652 0.4425
18 1 76.48280762 0.4305
18 2 67.896772466 0.38699999999999996
18 3 69.523627928 0.48
18 4 81.716639396 0.486
18 5 81.98811158000001 0.2805
18 6 79.549146734 0.3465
18 7 79.270972898 0.4185
19 0 75.033491216 0.17849999999999996
19 1 73.189875488 0.2055
19 2 65.109046622 0.2205
19 3 67.320374756 0.2565
19 4 78.14075439199999 0.2595
19 5 79.45889405 0.0285
19 6 76.34108399 0.2445
19 7 75.352424324 0.1965
20 0 72.733063964 0.0525
20 1 71.021778566 0.0345
20 2 62.08484009 0.0705
20 3 65.756745608 0.072
20 4 74.8175 0.075
20 5 77.01207396800001 0.006
20 6 73.065675056 0.0705
20 7 71.734022222 0.0285
21 0 70.97843750000001 0.0
21 1 70.106068112 0.0
21 2 59.81264771 0.0
21 3 64.954084478 0.0
21 4 73.350660398 0.0
21 5 75.119953622 0.0
21 6 70.99244506400001 0.0
21 7 69.507368168 0.0
22 0 69.537745364 0.0
22 1 68.955744632 0.0
22 2 58.241273198 0.0
22 3 64.00426146800001 0.0
22 4 72.161005856 0.0
22 5 73.606367192 0.0
22 6 69.58998536000001 0.0
22 7 67.80608033 0.0
23 0 68.362318112 0.0
23 1 67.439466554 0.0
23 2 56.695661618 0.0
23 3 63.104591066 0.0
23 4 70.688343506 0.0
23 5 72.238349606 0.0
23 6 68.27997558199999 0.0
23 7 66.29364746600001 0.0
