time period scenario temperature renewable energy
0 0 66.763093262 0.0
0 1 66.763093262 0.0
0 2 66.763093262 0.0
0 3 66.763093262 0.0
0 4 66.763093262 0.0
0 5 66.763093262 0.0
0 6 66.763093262 0.0
0 7 66.763093262 0.0
1 0 66.121162106 0.0
1 1 66.121162106 0.0
1 2 66.121162106 0.0
1 3 66.121162106 0.0
1 4 66.121162106 0.0
1 5 66.121162106 0.0
1 6 66.121162106 0.0
1 7 66.121162106 0.0
2 0 65.47994506399999 0.0
2 1 65.47994506399999 0.0
2 2 65.47994506399999 0.0
2 3 65.47994506399999 0.0
2 4 65.47994506399999 0.0
2 5 65.47994506399999 0.0
2 6 65.47994506399999 0.0
2 7 65.47994506399999 0.0
3 0 64.99456908799999 0.0
3 1 64.99456908799999 0.0
3 2 64.99456908799999 0.0
3 3 64.99456908799999 0.0
3 4 64.99456908799999 0.0
3 5 64.99456908799999 0.0
3 6 64.99456908799999 0.0
3 7 64.99456908799999 0.0
4 0 65.01214722200001 0.0
4 1 65.01214722200001 0.0
4 2 65.01214722200001 0.0
4 3 65.01214722200001 0.0
4 4 65.01214722200001 0.0
4 5 65.01214722200001 0.0
4 6 65.01214722200001 0.0
4 7 65.01214722200001 0.0
5 0 65.937141122 0.0525
5 1 65.937141122 0.0525
5 2 65.937141122 0.0525
5 3 65.937141122 0.0525
5 4 65.937141122 0.0525
5 5 65.937141122 0.0525
5 6 65.937141122 0.0525
5 7 65.937141122 0.0525
6 0 68.101173104 0.222
6 1 68.101173104 0.222
6 2 68.101173104 0.222
6 3 68.101173104 0.222
6 4 68.96673095 0.2205
6 5 68.96673095 0.2205
6 6 68.96673095 0.2205
6 7 68.96673095 0.2205
7 0 70.865827628 0.435
7 1 70.865827628 0.435
7 2 70.865827628 0.435
7 3 70.865827628 0.435
7 4 73.637843018 0.438
7 5 73.637843018 0.438
7 6 73.637843018 0.438
7 7 73.637843018 0.438
8 0 73.31012085200001 0.66
8 1 73.31012085200001 0.66
8 2 73.31012085200001 0.66
8 3 73.31012085200001 0.66
8 4 77.38181884400001 0.6689999999999999
8 5 77.38181884400001 0.6689999999999999
8 6 77.38181884400001 0.6689999999999999
8 7 77.38181884400001 0.6689999999999999
9 0 74.937141122 0.87
9 1 74.937141122 0.87
9 2 74.937141122 0.87
9 3 74.937141122 0.87
9 4 79.170393074 0.8835
9 5 79.170393074 0.8835
9 6 79.170393074 0.8835
9 7 79.170393074 0.8835
10 0 75.64740722600001 0.8835
10 1 75.64740722600001 0.8835
10 2 75.64740722600001 0.8835
10 3 75.64740722600001 0.8835
10 4 80.31566283800001 1.0665
10 5 80.31566283800001 1.0665
10 6 80.31566283800001 1.0665
10 7 80.31566283800001 1.0665
11 0 75.89608276999999 0.7964999999999999
11 1 75.89608276999999 0.7964999999999999
11 2 75.89608276999999 0.7964999999999999
11 3 75.89608276999999 0.7964999999999999
11 4 81.002253416 1.197
11 5 81.002253416 1.197
11 6 81.002253416 1.197
11 7 81.002253416 1.197
12 0 76.042640372 1.242
12 1 76.042640372 1.242
12 2 75.335175788 0.5655
12 3 75.335175788 0.5655
12 4 81.27548339 1.266
12 5 81.27548339 1.266
12 6 80.93391845 1.257
12 7 80.93391845 1.257
13 0 76.083564452 0.078
13 1 76.083564452 0.078
13 2 74.787617192 1.272
13 3 74.787617192 1.272
13 4 81.346455086 0.2175
13 5 81.346455086 0.2175
13 6 82.29951905 1.263
13 7 82.29951905 1.263
14 0 75.81813475999999 0.501
14 1 75.81813475999999 0.501
14 2 73.646687012 1.2
14 3 73.646687012 1.2
14 4 81.115412594 0.39
14 5 81.115412594 0.39
14 6 83.01297119 0.867
14 7 83.01297119 0.867
15 0 75.342921134 0.7889999999999999
15 1 75.342921134 0.7889999999999999
15 2 72.363868412 0.9285
15 3 72.363868412 0.9285
15 4 80.304621584 1.0305
15 5 80.304621584 1.0305
15 6 82.586207282 0.9239999999999999
15 7 82.586207282 0.9239999999999999
16 0 74.62359131 0.8745
16 1 74.62359131 0.8745
16 2 71.123017586 0.7395
16 3 71.123017586 0.7395
16 4 79.320686036 0.7905
16 5 79.320686036 0.7905
16 6 81.228461918 0.888
16 7 81.228461918 0.888
17 0 73.5768689 0.5865
17 1 73.5768689 0.5865
17 2 69.63656738 0.672
17 3 69.63656738 0.672
17 4 78.350098874 0.312
17 5 78.350098874 0.312
17 6 79.231586918 0.6675
17 7 79.231586918 0.6675
18 0 72.34156616 0.408
18 1 71.85959594600001 0.444
18 2 67.69061402 0.441
18 3 67.896772466 0.38699999999999996
18 4 76.924567868 0.363
18 5 76.48280762 0.4305
18 6 76.48280762 0.4305
18 7 77.552326652 0.4425
19 0 70.885438232 0.21
19 1 68.713825676 0.219
19 2 65.111848142 0.219
19 3 65.109046622 0.2205
19 4 74.91148804400001 0.012
19 5 73.189875488 0.2055
19 6 73.189875488 0.2055
19 7 75.033491216 0.17849999999999996
20 0 69.563398442 0.051
20 1 66.505024418 0.0435
20 2 62.506440428000005 0.045
20 3 62.08484009 0.0705
20 4 73.002943112 0.003
20 5 71.021778566 0.0345
20 6 71.021778566 0.0345
20 7 72.733063964 0.0525
21 0 68.67103393400001 0.0
21 1 65.608485116 0.0
21 2 60.689741216 0.0
21 3 59.81264771 0.0
21 4 71.224256588 0.0
21 5 70.106068112 0.0
21 6 70.106068112 0.0
21 7 70.97843750000001 0.0
22 0 67.89655274 0.0
22 1 64.31418579199999 0.0
22 2 59.427906494 0.0
22 3 58.241273198 0.0
22 4 69.21342896 0.0
22 5 68.955744632 0.0
22 6 68.955744632 0.0
22 7 69.537745364 0.0
23 0 67.039509272 0.0
23 1 62.659150394 0.0
23 2 58.363056644 0.0
23 3 56.695661618 0.0
23 4 67.00874756 0.0
23 5 67.439466554 0.0
23 6 67.439466554 0.0
23 7 68.362318112 0.0
