time period scenario temperature renewable energy
0 0 69.35850341599999 0.0
0 1 69.35850341599999 0.0
0 2 69.35850341599999 0.0
0 3 69.35850341599999 0.0
0 4 69.35850341599999 0.0
0 5 69.35850341599999 0.0
0 6 69.35850341599999 0.0
0 7 69.35850341599999 0.0
1 0 68.24311646000001 0.0
1 1 68.24311646000001 0.0
1 2 68.24311646000001 0.0
1 3 68.24311646000001 0.0
1 4 68.24311646000001 0.0
1 5 68.24311646000001 0.0
1 6 68.24311646000001 0.0
1 7 68.24311646000001 0.0
2 0 67.154810792 0.0
2 1 67.154810792 0.0
2 2 67.154810792 0.0
2 3 67.154810792 0.0
2 4 67.154810792 0.0
2 5 67.154810792 0.0
2 6 67.154810792 0.0
2 7 67.154810792 0.0
3 0 65.948951408 0.0
3 1 65.948951408 0.0
3 2 65.948951408 0.0
3 3 65.948951408 0.0
3 4 65.948951408 0.0
3 5 65.948951408 0.0
3 6 65.948951408 0.0
3 7 65.948951408 0.0
4 0 65.64787109599999 0.0
4 1 65.64787109599999 0.0
4 2 65.64787109599999 0.0
4 3 65.64787109599999 0.0
4 4 65.64787109599999 0.0
4 5 65.64787109599999 0.0
4 6 65.64787109599999 0.0
4 7 65.64787109599999 0.0
5 0 67.52483033 0.0795
5 1 67.52483033 0.0795
5 2 67.52483033 0.0795
5 3 67.52483033 0.0795
5 4 67.52483033 0.0795
5 5 67.52483033 0.0795
5 6 67.52483033 0.0795
5 7 67.52483033 0.0795
6 0 71.234913326 0.264
6 1 71.234913326 0.264
6 2 71.234913326 0.264
6 3 71.234913326 0.264
6 4 69.869093018 0.1125
6 5 69.869093018 0.1125
6 6 69.869093018 0.1125
6 7 69.869093018 0.1125
7 0 76.792622072 0.4905
7 1 76.792622072 0.4905
7 2 76.792622072 0.4905
7 3 76.792622072 0.4905
7 4 74.34585692600001 0.228
7 5 74.34585692600001 0.228
7 6 74.34585692600001 0.228
7 7 74.34585692600001 0.228
8 0 82.349946284 0.7245
8 1 82.349946284 0.7245
8 2 82.349946284 0.7245
8 3 82.349946284 0.7245
8 4 78.655189208 0.3825
8 5 78.655189208 0.3825
8 6 78.655189208 0.3825
8 7 78.655189208 0.3825
9 0 85.987684328 0.855
9 1 85.987684328 0.855
9 2 85.987684328 0.855
9 3 85.987684328 0.855
9 4 81.442091066 0.3165
9 5 81.442091066 0.3165
9 6 81.442091066 0.3165
9 7 81.442091066 0.3165
10 0 88.527943112 1.002
10 1 88.527943112 1.002
10 2 88.527943112 1.002
10 3 88.527943112 1.002
10 4 83.317237556 0.678
10 5 83.317237556 0.678
10 6 83.317237556 0.678
10 7 83.317237556 0.678
11 0 90.40578125 1.122
11 1 90.40578125 1.122
11 2 90.40578125 1.122
11 3 90.40578125 1.122
11 4 84.80989502599999 1.176
11 5 84.80989502599999 1.176
11 6 84.80989502599999 1.176
11 7 84.80989502599999 1.176
12 0 91.75836304399999 1.206
12 1 91.75836304399999 1.206
12 2 90.40078247 1.269
12 3 90.40078247 1.269
12 4 85.91912963600001 1.2465
12 5 85.91912963600001 1.2465
12 6 85.683088382 1.3079999999999998
12 7 85.683088382 1.3079999999999998
13 0 92.632545158 1.1535
13 1 92.632545158 1.1535
13 2 89.805103754 1.2705
13 3 89.805103754 1.2705
13 4 86.474103998 1.2495
13 5 86.474103998 1.2495
13 6 86.79419067200001 1.3125
13 7 86.79419067200001 1.3125
14 0 92.752076408 1.1085
14 1 92.752076408 1.1085
14 2 89.04781616 1.203
14 3 89.04781616 1.203
14 4 86.34655273999999 1.1835
14 5 86.34655273999999 1.1835
14 6 87.1784375 1.2495
14 7 87.1784375 1.2495
15 0 91.932276614 0.9255
15 1 91.932276614 0.9255
15 2 87.81701783 0.9764999999999999
15 3 87.81701783 0.9764999999999999
15 4 85.50390137 1.053
15 5 85.50390137 1.053
15 6 86.78238036799999 1.122
15 7 86.78238036799999 1.122
16 0 90.474940184 0.8385
16 1 90.474940184 0.8385
16 2 86.11633423399999 0.6914999999999999
16 3 86.11633423399999 0.6914999999999999
16 4 84.04436768 0.8714999999999999
16 5 84.04436768 0.8714999999999999
16 6 85.67968262 0.9405
16 7 85.67968262 0.9405
17 0 88.51695679400001 0.711
17 1 88.51695679400001 0.711
17 2 84.19900024399999 0.6614999999999999
17 3 84.19900024399999 0.6614999999999999
17 4 82.03820923399999 0.6525
17 5 82.03820923399999 0.6525
17 6 83.968397222 0.7214999999999999
17 7 83.968397222 0.7214999999999999
18 0 85.91451537200001 0.4365
18 1 85.956428228 0.46199999999999997
18 2 81.98811158000001 0.2805
18 3 81.716639396 0.486
18 4 79.270972898 0.4185
18 5 79.653956306 0.429
18 6 81.716639396 0.486
18 7 81.98811158000001 0.2805
19 0 82.172846678 0.252
19 1 81.563874512 0.2415
19 2 79.45889405 0.0285
19 3 78.14075439199999 0.2595
19 4 75.352424324 0.1965
19 5 75.927558596 0.20849999999999996
19 6 78.14075439199999 0.2595
19 7 79.45889405 0.0285
20 0 78.70435302199999 0.072
20 1 76.99696777400001 0.0645
20 2 77.01207396800001 0.006
20 3 74.8175 0.075
20 4 71.734022222 0.0285
20 5 72.47938964 0.039
20 6 74.8175 0.075
20 7 77.01207396800001 0.006
21 0 76.970545646 0.0
21 1 74.14343384 0.0
21 2 75.119953622 0.0
21 3 73.350660398 0.0
21 4 69.507368168 0.0
21 5 70.27750976 0.0
21 6 73.350660398 0.0
21 7 75.119953622 0.0
22 0 75.92717408 0.0
22 1 72.457142342 0.0
22 2 73.606367192 0.0
22 3 72.161005856 0.0
22 4 67.80608033 0.0
22 5 68.661311036 0.0
22 6 72.161005856 0.0
22 7 73.606367192 0.0
23 0 74.878474118 0.0
23 1 71.095881344 0.0
23 2 72.238349606 0.0
23 3 70.688343506 0.0
23 4 66.29364746600001 0.0
23 5 67.27747314199999 0.0
23 6 70.688343506 0.0
23 7 72.238349606 0.0
