time period scenario temperature renewable energy
0 0 62.351258539999996 0.0
0 1 62.351258539999996 0.0
0 2 62.351258539999996 0.0
0 3 62.351258539999996 0.0
0 4 62.351258539999996 0.0
0 5 62.351258539999996 0.0
0 6 62.351258539999996 0.0
0 7 62.351258539999996 0.0
1 0 62.151032713999996 0.0
1 1 62.151032713999996 0.0
1 2 62.151032713999996 0.0
1 3 62.151032713999996 0.0
1 4 62.151032713999996 0.0
1 5 62.151032713999996 0.0
1 6 62.151032713999996 0.0
1 7 62.151032713999996 0.0
2 0 61.845667718 0.0
2 1 61.845667718 0.0
2 2 61.845667718 0.0
2 3 61.845667718 0.0
2 4 61.845667718 0.0
2 5 61.845667718 0.0
2 6 61.845667718 0.0
2 7 61.845667718 0.0
3 0 61.158308108 0.0
3 1 61.158308108 0.0
3 2 61.158308108 0.0
3 3 61.158308108 0.0
3 4 61.158308108 0.0
3 5 61.158308108 0.0
3 6 61.158308108 0.0
3 7 61.158308108 0.0
4 0 60.671174324 0.0
4 1 60.671174324 0.0
4 2 60.671174324 0.0
4 3 60.671174324 0.0
4 4 60.671174324 0.0
4 5 60.671174324 0.0
4 6 60.671174324 0.0
4 7 60.671174324 0.0
5 0 61.627753904 0.0165
5 1 61.627753904 0.0165
5 2 61.627753904 0.0165
5 3 61.627753904 0.0165
5 4 61.627753904 0.0165
5 5 61.627753904 0.0165
5 6 61.627753904 0.0165
5 7 61.627753904 0.0165
6 0 64.440583502 0.165
6 1 64.440583502 0.165
6 2 64.440583502 0.165
6 3 64.440583502 0.165
6 4 61.56397826600001 0.0225
6 5 61.56397826600001 0.0225
6 6 61.56397826600001 0.0225
6 7 61.56397826600001 0.0225
7 0 68.432081306 0.315
7 1 68.432081306 0.315
7 2 68.432081306 0.315
7 3 68.432081306 0.315
7 4 62.209644782000005 0.174
7 5 62.209644782000005 0.174
7 6 62.209644782000005 0.174
7 7 62.209644782000005 0.174
8 0 72.13172729 0.66
8 1 72.13172729 0.66
8 2 72.13172729 0.66
8 3 72.13172729 0.66
8 4 63.687690428 0.1455
8 5 63.687690428 0.1455
8 6 63.687690428 0.1455
8 7 63.687690428 0.1455
9 0 73.85405396 0.8805
9 1 73.85405396 0.8805
9 2 73.85405396 0.8805
9 3 73.85405396 0.8805
9 4 65.925715334 0.411
9 5 65.925715334 0.411
9 6 65.925715334 0.411
9 7 65.925715334 0.411
10 0 74.2971875 0.5925
10 1 74.2971875 0.5925
10 2 74.2971875 0.5925
10 3 74.2971875 0.5925
10 4 68.340290522 0.4425
10 5 68.340290522 0.4425
10 6 68.340290522 0.4425
10 7 68.340290522 0.4425
11 0 74.983942868 1.206
11 1 74.983942868 1.206
11 2 74.983942868 1.206
11 3 74.983942868 1.206
11 4 70.56842774 0.591
11 5 70.56842774 0.591
11 6 70.56842774 0.591
11 7 70.56842774 0.591
12 0 75.335175788 0.5655
12 1 75.335175788 0.5655
12 2 76.064173592 1.107
12 3 76.064173592 1.107
12 4 72.323328866 0.828
12 5 72.323328866 0.828
12 6 72.553107902 1.239
12 7 72.553107902 1.239
13 0 74.787617192 1.272
13 1 74.787617192 1.272
13 2 77.01553466600001 1.0545
13 3 77.01553466600001 1.0545
13 4 73.313691404 0.855
13 5 73.313691404 0.855
13 6 73.527210698 1.236
13 7 73.527210698 1.236
14 0 73.646687012 1.2
14 1 73.646687012 1.2
14 2 77.338862312 1.212
14 3 77.338862312 1.212
14 4 73.43525512400001 0.867
14 5 73.43525512400001 0.867
14 6 73.753089602 0.1455
14 7 73.753089602 0.1455
15 0 72.363868412 0.9285
15 1 72.363868412 0.9285
15 2 76.946485604 1.0815
15 3 76.946485604 1.0815
15 4 72.987727046 0.6225
15 5 72.987727046 0.6225
15 6 73.613398442 0.1275
15 7 73.613398442 0.1275
16 0 71.123017586 0.7395
16 1 71.123017586 0.7395
16 2 75.88108643000001 0.8985
16 3 75.88108643000001 0.8985
16 4 72.501142586 0.6885
16 5 72.501142586 0.6885
16 6 73.246180424 0.7935
16 7 73.246180424 0.7935
17 0 69.63656738 0.672
17 1 69.63656738 0.672
17 2 74.194355462 0.5535
17 3 74.194355462 0.5535
17 4 72.07657592000001 0.6105
17 5 72.07657592000001 0.6105
17 6 72.451044914 0.633
17 7 72.451044914 0.633
18 0 67.69061402 0.441
18 1 67.896772466 0.38699999999999996
18 2 71.85959594600001 0.444
18 3 72.874512932 0.0345
18 4 71.472602534 0.441
18 5 70.618800056 0.3555
18 6 70.618800056 0.3555
18 7 70.428681644 0.363
19 0 65.111848142 0.219
19 1 65.109046622 0.2205
19 2 68.713825676 0.219
19 3 69.83080566800001 0.192
19 4 70.297944332 0.225
19 5 67.870844726 0.0705
19 6 67.870844726 0.0705
19 7 67.77932862200001 0.17099999999999999
20 0 62.506440428000005 0.045
20 1 62.08484009 0.0705
20 2 66.505024418 0.0435
20 3 67.273353266 0.033
20 4 69.15382813400001 0.05399999999999999
20 5 65.774158934 0.0075
20 6 65.774158934 0.0075
20 7 65.908796378 0.0165
21 0 60.689741216 0.0
21 1 59.81264771 0.0
21 2 65.608485116 0.0
21 3 65.881495364 0.0
21 4 68.448560792 0.0
21 5 64.642292474 0.0
21 6 64.642292474 0.0
21 7 64.895856926 0.0
22 0 59.427906494 0.0
22 1 58.241273198 0.0
22 2 64.31418579199999 0.0
22 3 64.720515128 0.0
22 4 67.70819213600001 0.0
22 5 63.45296753 0.0
22 6 63.45296753 0.0
22 7 63.792719726 0.0
23 0 58.363056644 0.0
23 1 56.695661618 0.0
23 2 62.659150394 0.0
23 3 63.665662838 0.0
23 4 66.87125366000001 0.0
23 5 62.048640128 0.0
23 6 62.048640128 0.0
23 7 62.58773926400001 0.0
