time period scenario temperature renewable energy
0 0 59.758979486 0.0
0 1 59.758979486 0.0
0 2 59.758979486 0.0
0 3 59.758979486 0.0
0 4 59.758979486 0.0
0 5 59.758979486 0.0
0 6 59.758979486 0.0
0 7 59.758979486 0.0
1 0 58.699458014 0.0
1 1 58.699458014 0.0
1 2 58.699458014 0.0
1 3 58.699458014 0.0
1 4 58.699458014 0.0
1 5 58.699458014 0.0
1 6 58.699458014 0.0
1 7 58.699458014 0.0
2 0 57.84812744 0.0
2 1 57.84812744 0.0
2 2 57.84812744 0.0
2 3 57.84812744 0.0
2 4 57.84812744 0.0
2 5 57.84812744 0.0
2 6 57.84812744 0.0
2 7 57.84812744 0.0
3 0 56.758778078 0.0
3 1 56.758778078 0.0
3 2 56.758778078 0.0
3 3 56.758778078 0.0
3 4 56.758778078 0.0
3 5 56.758778078 0.0
3 6 56.758778078 0.0
3 7 56.758778078 0.0
4 0 55.89420899 0.0
4 1 55.89420899 0.0
4 2 55.89420899 0.0
4 3 55.89420899 0.0
4 4 55.89420899 0.0
4 5 55.89420899 0.0
4 6 55.89420899 0.0
4 7 55.89420899 0.0
5 0 56.508125 0.0255
5 1 56.508125 0.0255
5 2 56.508125 0.0255
5 3 56.508125 0.0255
5 4 56.508125 0.0255
5 5 56.508125 0.0255
5 6 56.508125 0.0255
5 7 56.508125 0.0255
6 0 59.045087894 0.10049999999999999
6 1 59.045087894 0.10049999999999999
6 2 59.045087894 0.10049999999999999
6 3 59.045087894 0.10049999999999999
6 4 60.393330086 0.21
6 5 60.393330086 0.21
6 6 60.393330086 0.21
6 7 60.393330086 0.21
7 0 61.61204345 0.249
7 1 61.61204345 0.249
7 2 61.61204345 0.249
7 3 61.61204345 0.249
7 4 64.57928588600001 0.43199999999999994
7 5 64.57928588600001 0.43199999999999994
7 6 64.57928588600001 0.43199999999999994
7 7 64.57928588600001 0.43199999999999994
8 0 62.821033934 0.504
8 1 62.821033934 0.504
8 2 62.821033934 0.504
8 3 62.821033934 0.504
8 4 67.83656737999999 0.6645
8 5 67.83656737999999 0.6645
8 6 67.83656737999999 0.6645
8 7 67.83656737999999 0.6645
9 0 64.166914058 0.4335
9 1 64.166914058 0.4335
9 2 64.166914058 0.4335
9 3 64.166914058 0.4335
9 4 70.477845458 0.885
9 5 70.477845458 0.885
9 6 70.477845458 0.885
9 7 70.477845458 0.885
10 0 66.66361206799999 0.276
10 1 66.66361206799999 0.276
10 2 66.66361206799999 0.276
10 3 66.66361206799999 0.276
10 4 72.732624512 1.0695
10 5 72.732624512 1.0695
10 6 72.732624512 1.0695
10 7 72.732624512 1.0695
11 0 69.79603393400001 0.8145
11 1 69.79603393400001 0.8145
11 2 69.79603393400001 0.8145
11 3 69.79603393400001 0.8145
11 4 74.61573609199999 1.203
11 5 74.61573609199999 1.203
11 6 74.61573609199999 1.203
11 7 74.61573609199999 1.203
12 0 72.31025512400001 1.164
12 1 72.31025512400001 1.164
12 2 72.323328866 0.828
12 3 72.323328866 0.828
12 4 76.064173592 1.107
12 5 76.064173592 1.107
12 6 76.480555424 1.3335
12 7 76.480555424 1.3335
13 0 73.662562256 1.1055
13 1 73.662562256 1.1055
13 2 73.313691404 0.855
13 3 73.313691404 0.855
13 4 77.01553466600001 1.0545
13 5 77.01553466600001 1.0545
13 6 77.91954467 1.3335
13 7 77.91954467 1.3335
14 0 74.000996096 0.7439999999999999
14 1 74.000996096 0.7439999999999999
14 2 73.43525512400001 0.867
14 3 73.43525512400001 0.867
14 4 77.338862312 1.212
14 5 77.338862312 1.212
14 6 78.661121828 1.062
14 7 78.661121828 1.062
15 0 73.63372314200001 0.6764999999999999
15 1 73.63372314200001 0.6764999999999999
15 2 72.987727046 0.6225
15 3 72.987727046 0.6225
15 4 76.946485604 1.0815
15 5 76.946485604 1.0815
15 6 78.680897222 1.131
15 7 78.680897222 1.131
16 0 72.865174568 0.8939999999999999
16 1 72.865174568 0.8939999999999999
16 2 72.501142586 0.6885
16 3 72.501142586 0.6885
16 4 75.88108643000001 0.8985
16 5 75.88108643000001 0.8985
16 6 77.971125488 0.9464999999999999
16 7 77.971125488 0.9464999999999999
17 0 71.658216554 0.6075
17 1 71.658216554 0.6075
17 2 72.07657592000001 0.6105
17 3 72.07657592000001 0.6105
17 4 74.194355462 0.5535
17 5 74.194355462 0.5535
17 6 76.54109009 0.7245
17 7 76.54109009 0.7245
18 0 69.85047119000001 0.411
18 1 69.970057376 0.45449999999999996
18 2 71.472602534 0.441
18 3 70.618800056 0.3555
18 4 71.85959594600001 0.444
18 5 72.874512932 0.0345
18 6 74.186665034 0.486
18 7 76.924567868 0.363
19 0 67.298347166 0.2055
19 1 69.368555912 0.066
19 2 70.297944332 0.225
19 3 67.870844726 0.0705
19 4 68.713825676 0.219
19 5 69.83080566800001 0.192
19 6 70.7034497 0.2565
19 7 74.91148804400001 0.012
20 0 65.188148198 0.0435
20 1 68.531013176 0.013499999999999998
20 2 69.15382813400001 0.05399999999999999
20 3 65.774158934 0.0075
20 4 66.505024418 0.0435
20 5 67.273353266 0.033
20 6 67.732307132 0.069
20 7 73.002943112 0.003
21 0 64.177076408 0.0
21 1 65.702088626 0.0
21 2 68.448560792 0.0
21 3 64.642292474 0.0
21 4 65.608485116 0.0
21 5 65.881495364 0.0
21 6 66.2753003 0.0
21 7 71.224256588 0.0
22 0 63.50405396000001 0.0
22 1 62.823341066 0.0
22 2 67.70819213600001 0.0
22 3 63.45296753 0.0
22 4 64.31418579199999 0.0
22 5 64.720515128 0.0
22 6 65.269117436 0.0
22 7 69.21342896 0.0
23 0 62.837293694 0.0
23 1 61.0565747 0.0
23 2 66.87125366000001 0.0
23 3 62.048640128 0.0
23 4 62.659150394 0.0
23 5 63.665662838 0.0
23 6 64.24376342 0.0
23 7 67.00874756 0.0
