time period scenario temperature renewable energy
0 0 64.761494144 0.0
0 1 64.761494144 0.0
0 2 64.761494144 0.0
0 3 64.761494144 0.0
0 4 64.761494144 0.0
0 5 64.761494144 0.0
0 6 64.761494144 0.0
0 7 64.761494144 0.0
1 0 62.77274902400001 0.0
1 1 62.77274902400001 0.0
1 2 62.77274902400001 0.0
1 3 62.77274902400001 0.0
1 4 62.77274902400001 0.0
1 5 62.77274902400001 0.0
1 6 62.77274902400001 0.0
1 7 62.77274902400001 0.0
2 0 60.910291742 0.0
2 1 60.910291742 0.0
2 2 60.910291742 0.0
2 3 60.910291742 0.0
2 4 60.910291742 0.0
2 5 60.910291742 0.0
2 6 60.910291742 0.0
2 7 60.910291742 0.0
3 0 59.137592774 0.0
3 1 59.137592774 0.0
3 2 59.137592774 0.0
3 3 59.137592774 0.0
3 4 59.137592774 0.0
3 5 59.137592774 0.0
3 6 59.137592774 0.0
3 7 59.137592774 0.0
4 0 57.676630856 0.0
4 1 57.676630856 0.0
4 2 57.676630856 0.0
4 3 57.676630856 0.0
4 4 57.676630856 0.0
4 5 57.676630856 0.0
4 6 57.676630856 0.0
4 7 57.676630856 0.0
5 0 57.043214114 0.04649999999999999
5 1 57.043214114 0.04649999999999999
5 2 57.043214114 0.04649999999999999
5 3 57.043214114 0.04649999999999999
5 4 57.043214114 0.04649999999999999
5 5 57.043214114 0.04649999999999999
5 6 57.043214114 0.04649999999999999
5 7 57.043214114 0.04649999999999999
6 0 57.643562012000004 0.219
6 1 57.643562012000004 0.219
6 2 57.643562012000004 0.219
6 3 57.643562012000004 0.219
6 4 61.116779786 0.0795
6 5 61.116779786 0.0795
6 6 61.116779786 0.0795
6 7 61.116779786 0.0795
7 0 59.173023686 0.444
7 1 59.173023686 0.444
7 2 59.173023686 0.444
7 3 59.173023686 0.444
7 4 66.49101685400001 0.483
7 5 66.49101685400001 0.483
7 6 66.49101685400001 0.483
7 7 66.49101685400001 0.483
8 0 61.139796133999994 0.6825
8 1 61.139796133999994 0.6825
8 2 61.139796133999994 0.6825
8 3 61.139796133999994 0.6825
8 4 71.27710082600001 0.6405
8 5 71.27710082600001 0.6405
8 6 71.27710082600001 0.6405
8 7 71.27710082600001 0.6405
9 0 63.436652834 0.693
9 1 63.436652834 0.693
9 2 63.436652834 0.693
9 3 63.436652834 0.693
9 4 74.994984122 0.9345
9 5 74.994984122 0.9345
9 6 74.994984122 0.9345
9 7 74.994984122 0.9345
10 0 66.033491216 0.4605
10 1 66.033491216 0.4605
10 2 66.033491216 0.4605
10 3 66.033491216 0.4605
10 4 77.71322143399999 1.1145
10 5 77.71322143399999 1.1145
10 6 77.71322143399999 1.1145
10 7 77.71322143399999 1.1145
11 0 68.560236824 1.224
11 1 68.560236824 1.224
11 2 68.560236824 1.224
11 3 68.560236824 1.224
11 4 79.265699456 1.245
11 5 79.265699456 1.245
11 6 79.265699456 1.245
11 7 79.265699456 1.245
12 0 70.667304692 1.1685
12 1 70.667304692 1.1685
12 2 69.30972411799999 0.3405
12 3 69.30972411799999 0.3405
12 4 80.06803100600001 1.314
12 5 80.06803100600001 1.314
12 6 79.92350585599999 1.191
12 7 79.92350585599999 1.191
13 0 72.285810548 0.8325
13 1 72.285810548 0.8325
13 2 69.21837280400001 0.4215
13 3 69.21837280400001 0.4215
13 4 80.27951783 0.8955
13 5 80.27951783 0.8955
13 6 80.713093262 0.645
13 7 80.713093262 0.645
14 0 73.321766366 1.2285
14 1 73.321766366 1.2285
14 2 68.91811646 0.42
14 3 68.91811646 0.42
14 4 79.03147094600001 1.0905
14 5 79.03147094600001 1.0905
14 6 81.374635004 1.1955
14 7 81.374635004 1.1955
15 0 73.383344726 1.0965
15 1 73.383344726 1.0965
15 2 67.768726802 0.858
15 3 67.768726802 0.858
15 4 76.462482902 0.7514999999999998
15 5 76.462482902 0.7514999999999998
15 6 81.484663082 1.0695
15 7 81.484663082 1.0695
16 0 72.508887932 0.912
16 1 72.508887932 0.912
16 2 66.445368656 0.72
16 3 66.445368656 0.72
16 4 73.444044182 0.801
16 5 73.444044182 0.801
16 6 80.806037594 0.891
16 7 80.806037594 0.891
17 0 71.34290893400001 0.6914999999999999
17 1 71.34290893400001 0.6914999999999999
17 2 65.27235839 0.1485
17 3 65.27235839 0.1485
17 4 70.49564331799999 0.336
17 5 70.49564331799999 0.336
17 6 79.495093994 0.672
17 7 79.495093994 0.672
18 0 69.970057376 0.45449999999999996
18 1 68.913172616 0.4035
18 2 63.9393872 0.06
18 3 65.989930424 0.48
18 4 67.896772466 0.38699999999999996
18 5 69.523627928 0.48
18 6 77.552326652 0.4425
18 7 76.48280762 0.4305
19 0 69.368555912 0.066
19 1 65.84820679399999 0.18
19 2 62.495948479999996 0.1515
19 3 63.441376952 0.213
19 4 65.109046622 0.2205
19 5 67.320374756 0.2565
19 6 75.033491216 0.17849999999999996
19 7 73.189875488 0.2055
20 0 68.531013176 0.013499999999999998
20 1 63.201820064 0.0195
20 2 61.28025634400001 0.0195
20 3 60.646564940000005 0.06
20 4 62.08484009 0.0705
20 5 65.756745608 0.072
20 6 72.733063964 0.0525
20 7 71.021778566 0.0345
21 0 65.702088626 0.0
21 1 61.492292474 0.0
21 2 60.356361092 0.0
21 3 58.551856682 0.0
21 4 59.81264771 0.0
21 5 64.954084478 0.0
21 6 70.97843750000001 0.0
21 7 70.106068112 0.0
22 0 62.823341066 0.0
22 1 60.047645270000004 0.0
22 2 59.593250732 0.0
22 3 57.261622316 0.0
22 4 58.241273198 0.0
22 5 64.00426146800001 0.0
22 6 69.537745364 0.0
22 7 68.955744632 0.0
23 0 61.0565747 0.0
23 1 58.677430424 0.0
23 2 59.023664546 0.0
23 3 56.22313964 0.0
23 4 56.695661618 0.0
23 5 63.104591066 0.0
23 6 68.362318112 0.0
23 7 67.439466554 0.0
