time period scenario temperature renewable energy
0 0 70.776453866 0.0
0 1 70.776453866 0.0
0 2 70.776453866 0.0
0 3 70.776453866 0.0
0 4 70.776453866 0.0
0 5 70.776453866 0.0
0 6 70.776453866 0.0
0 7 70.776453866 0.0
1 0 69.691059572 0.0
1 1 69.691059572 0.0
1 2 69.691059572 0.0
1 3 69.691059572 0.0
1 4 69.691059572 0.0
1 5 69.691059572 0.0
1 6 69.691059572 0.0
1 7 69.691059572 0.0
2 0 68.50437134 0.0
2 1 68.50437134 0.0
2 2 68.50437134 0.0
2 3 68.50437134 0.0
2 4 68.50437134 0.0
2 5 68.50437134 0.0
2 6 68.50437134 0.0
2 7 68.50437134 0.0
3 0 67.077741704 0.0
3 1 67.077741704 0.0
3 2 67.077741704 0.0
3 3 67.077741704 0.0
3 4 67.077741704 0.0
3 5 67.077741704 0.0
3 6 67.077741704 0.0
3 7 67.077741704 0.0
4 0 66.07859009 0.0
4 1 66.07859009 0.0
4 2 66.07859009 0.0
4 3 66.07859009 0.0
4 4 66.07859009 0.0
4 5 66.07859009 0.0
4 6 66.07859009 0.0
4 7 66.07859009 0.0
5 0 66.907947992 0.015
5 1 66.907947992 0.015
5 2 66.907947992 0.015
5 3 66.907947992 0.015
5 4 66.907947992 0.015
5 5 66.907947992 0.015
5 6 66.907947992 0.015
5 7 66.907947992 0.015
6 0 69.869093018 0.1125
6 1 69.869093018 0.1125
6 2 69.869093018 0.1125
6 3 69.869093018 0.1125
6 4 71.234913326 0.264
6 5 71.234913326 0.264
6 6 71.234913326 0.264
6 7 71.234913326 0.264
7 0 74.34585692600001 0.228
7 1 74.34585692600001 0.228
7 2 74.34585692600001 0.228
7 3 74.34585692600001 0.228
7 4 76.792622072 0.4905
7 5 76.792622072 0.4905
7 6 76.792622072 0.4905
7 7 76.792622072 0.4905
8 0 78.655189208 0.3825
8 1 78.655189208 0.3825
8 2 78.655189208 0.3825
8 3 78.655189208 0.3825
8 4 82.349946284 0.7245
8 5 82.349946284 0.7245
8 6 82.349946284 0.7245
8 7 82.349946284 0.7245
9 0 81.442091066 0.3165
9 1 81.442091066 0.3165
9 2 81.442091066 0.3165
9 3 81.442091066 0.3165
9 4 85.987684328 0.855
9 5 85.987684328 0.855
9 6 85.987684328 0.855
9 7 85.987684328 0.855
10 0 83.317237556 0.678
10 1 83.317237556 0.678
10 2 83.317237556 0.678
10 3 83.317237556 0.678
10 4 88.527943112 1.002
10 5 88.527943112 1.002
10 6 88.527943112 1.002
10 7 88.527943112 1.002
11 0 84.80989502599999 1.176
11 1 84.80989502599999 1.176
11 2 84.80989502599999 1.176
11 3 84.80989502599999 1.176
11 4 90.40578125 1.122
11 5 90.40578125 1.122
11 6 90.40578125 1.122
11 7 90.40578125 1.122
12 0 85.91912963600001 1.2465
12 1 85.91912963600001 1.2465
12 2 85.683088382 1.3079999999999998
12 3 85.683088382 1.3079999999999998
12 4 91.75836304399999 1.206
12 5 91.75836304399999 1.206
12 6 90.40078247 1.269
12 7 90.40078247 1.269
13 0 86.474103998 1.2495
13 1 86.474103998 1.2495
13 2 86.79419067200001 1.3125
13 3 86.79419067200001 1.3125
13 4 92.632545158 1.1535
13 5 92.632545158 1.1535
13 6 89.805103754 1.2705
13 7 89.805103754 1.2705
14 0 86.34655273999999 1.1835
14 1 86.34655273999999 1.1835
14 2 87.1784375 1.2495
14 3 87.1784375 1.2495
14 4 92.752076408 1.1085
14 5 92.752076408 1.1085
14 6 89.04781616 1.203
14 7 89.04781616 1.203
15 0 85.50390137 1.053
15 1 85.50390137 1.053
15 2 86.78238036799999 1.122
15 3 86.78238036799999 1.122
15 4 91.932276614 0.9255
15 5 91.932276614 0.9255
15 6 87.81701783 0.9764999999999999
15 7 87.81701783 0.9764999999999999
16 0 84.04436768 0.8714999999999999
16 1 84.04436768 0.8714999999999999
16 2 85.67968262 0.9405
16 3 85.67968262 0.9405
16 4 90.474940184 0.8385
16 5 90.474940184 0.8385
16 6 86.11633423399999 0.6914999999999999
16 7 86.11633423399999 0.6914999999999999
17 0 82.03820923399999 0.6525
17 1 82.03820923399999 0.6525
17 2 83.968397222 0.7214999999999999
17 3 83.968397222 0.7214999999999999
17 4 88.51695679400001 0.711
17 5 88.51695679400001 0.711
17 6 84.19900024399999 0.6614999999999999
17 7 84.19900024399999 0.6614999999999999
18 0 79.270972898 0.4185
18 1 79.653956306 0.429
18 2 81.716639396 0.486
18 3 81.98811158000001 0.2805
18 4 85.91451537200001 0.4365
18 5 85.956428228 0.46199999999999997
18 6 81.98811158000001 0.2805
18 7 81.716639396 0.486
19 0 75.352424324 0.1965
19 1 75.927558596 0.20849999999999996
19 2 78.14075439199999 0.2595
19 3 79.45889405 0.0285
19 4 82.172846678 0.252
19 5 81.563874512 0.2415
19 6 79.45889405 0.0285
19 7 78.14075439199999 0.2595
20 0 71.734022222 0.0285
20 1 72.47938964 0.039
20 2 74.8175 0.075
20 3 77.01207396800001 0.006
20 4 78.70435302199999 0.072
20 5 76.99696777400001 0.0645
20 6 77.01207396800001 0.006
20 7 74.8175 0.075
21 0 69.507368168 0.0
21 1 70.27750976 0.0
21 2 73.350660398 0.0
21 3 75.119953622 0.0
21 4 76.970545646 0.0
21 5 74.14343384 0.0
21 6 75.119953622 0.0
21 7 73.350660398 0.0
22 0 67.80608033 0.0
22 1 68.661311036 0.0
22 2 72.161005856 0.0
22 3 73.606367192 0.0
22 4 75.92717408 0.0
22 5 72.457142342 0.0
22 6 73.606367192 0.0
22 7 72.161005856 0.0
23 0 66.29364746600001 0.0
23 1 67.27747314199999 0.0
23 2 70.688343506 0.0
23 3 72.238349606 0.0
23 4 74.878474118 0.0
23 5 71.095881344 0.0
23 6 72.238349606 0.0
23 7 70.688343506 0.0
