time period scenario temperature renewable energy
0 0 70.94256713600001 0.0
0 1 70.94256713600001 0.0
0 2 70.94256713600001 0.0
0 3 70.94256713600001 0.0
0 4 70.94256713600001 0.0
0 5 70.94256713600001 0.0
0 6 70.94256713600001 0.0
0 7 70.94256713600001 0.0
1 0 69.693421622 0.0
1 1 69.693421622 0.0
1 2 69.693421622 0.0
1 3 69.693421622 0.0
1 4 69.693421622 0.0
1 5 69.693421622 0.0
1 6 69.693421622 0.0
1 7 69.693421622 0.0
2 0 68.50200927200001 0.0
2 1 68.50200927200001 0.0
2 2 68.50200927200001 0.0
2 3 68.50200927200001 0.0
2 4 68.50200927200001 0.0
2 5 68.50200927200001 0.0
2 6 68.50200927200001 0.0
2 7 68.50200927200001 0.0
3 0 67.42122924200001 0.0
3 1 67.42122924200001 0.0
3 2 67.42122924200001 0.0
3 3 67.42122924200001 0.0
3 4 67.42122924200001 0.0
3 5 67.42122924200001 0.0
3 6 67.42122924200001 0.0
3 7 67.42122924200001 0.0
4 0 67.11311768 0.0
4 1 67.11311768 0.0
4 2 67.11311768 0.0
4 3 67.11311768 0.0
4 4 67.11311768 0.0
4 5 67.11311768 0.0
4 6 67.11311768 0.0
4 7 67.11311768 0.0
5 0 68.427851558 0.0015
5 1 68.427851558 0.0015
5 2 68.427851558 0.0015
5 3 68.427851558 0.0015
5 4 68.427851558 0.0015
5 5 68.427851558 0.0015
5 6 68.427851558 0.0015
5 7 68.427851558 0.0015
6 0 71.24046143000001 0.147
6 1 71.24046143000001 0.147
6 2 71.24046143000001 0.147
6 3 71.24046143000001 0.147
6 4 72.903626708 0.23849999999999996
6 5 72.903626708 0.23849999999999996
6 6 72.903626708 0.23849999999999996
6 7 72.903626708 0.23849999999999996
7 0 74.572449944 0.18599999999999997
7 1 74.572449944 0.18599999999999997
7 2 74.572449944 0.18599999999999997
7 3 74.572449944 0.18599999999999997
7 4 78.78296021 0.459
7 5 78.78296021 0.459
7 6 78.78296021 0.459
7 7 78.78296021 0.459
8 0 77.251466066 0.192
8 1 77.251466066 0.192
8 2 77.251466066 0.192
8 3 77.251466066 0.192
8 4 85.320045158 0.69
8 5 85.320045158 0.69
8 6 85.320045158 0.69
8 7 85.320045158 0.69
9 0 78.85623902 0.35699999999999993
9 1 78.85623902 0.35699999999999993
9 2 78.85623902 0.35699999999999993
9 3 78.85623902 0.35699999999999993
9 4 90.688789058 0.9075
9 5 90.688789058 0.9075
9 6 90.688789058 0.9075
9 7 90.688789058 0.9075
10 0 79.566999512 0.4305
10 1 79.566999512 0.4305
10 2 79.566999512 0.4305
10 3 79.566999512 0.4305
10 4 94.57229125399999 1.089
10 5 94.57229125399999 1.089
10 6 94.57229125399999 1.089
10 7 94.57229125399999 1.089
11 0 79.605341798 0.1185
11 1 79.605341798 0.1185
11 2 79.605341798 0.1185
11 3 79.605341798 0.1185
11 4 97.08123902 1.218
11 5 97.08123902 1.218
11 6 97.08123902 1.218
11 7 97.08123902 1.218
12 0 79.28393676799999 0.438
12 1 79.28393676799999 0.438
12 2 80.93391845 1.257
12 3 80.93391845 1.257
12 4 98.57186402 1.2854999999999999
12 5 98.57186402 1.2854999999999999
12 6 90.40078247 1.269
12 7 90.40078247 1.269
13 0 78.7971875 0.456
13 1 78.7971875 0.456
13 2 82.29951905 1.263
13 3 82.29951905 1.263
13 4 99.245820308 1.287
13 5 99.245820308 1.287
13 6 89.805103754 1.2705
13 7 89.805103754 1.2705
14 0 78.074396978 0.6614999999999999
14 1 78.074396978 0.6614999999999999
14 2 83.01297119 0.867
14 3 83.01297119 0.867
14 4 99.177320552 1.218
14 5 99.177320552 1.218
14 6 89.04781616 1.203
14 7 89.04781616 1.203
15 0 77.04827393 0.768
15 1 77.04827393 0.768
15 2 82.586207282 0.9239999999999999
15 3 82.586207282 0.9239999999999999
15 4 98.405036618 1.0875
15 5 98.405036618 1.0875
15 6 87.81701783 0.9764999999999999
15 7 87.81701783 0.9764999999999999
16 0 75.824451896 0.7425
16 1 75.824451896 0.7425
16 2 81.228461918 0.888
16 3 81.228461918 0.888
16 4 96.902052008 0.9045
16 5 96.902052008 0.9045
16 6 86.11633423399999 0.6914999999999999
16 7 86.11633423399999 0.6914999999999999
17 0 74.474946284 0.585
17 1 74.474946284 0.585
17 2 79.231586918 0.6675
17 3 79.231586918 0.6675
17 4 94.69682128400001 0.6885
17 5 94.69682128400001 0.6885
17 6 84.19900024399999 0.6614999999999999
17 7 84.19900024399999 0.6614999999999999
18 0 73.09385497400001 0.2925
18 1 71.90843018000001 0.49199999999999994
18 2 76.48280762 0.4305
18 3 77.552326652 0.4425
18 4 91.483210454 0.4575
18 5 85.956428228 0.46199999999999997
18 6 81.98811158000001 0.2805
18 7 81.716639396 0.486
19 0 71.638166498 0.213
19 1 68.583802496 0.261
19 2 73.189875488 0.2055
19 3 75.033491216 0.17849999999999996
19 4 86.89801146799999 0.237
19 5 81.563874512 0.2415
19 6 79.45889405 0.0285
19 7 78.14075439199999 0.2595
20 0 70.22807128400001 0.0525
20 1 65.693244632 0.0735
20 2 71.021778566 0.0345
20 3 72.733063964 0.0525
20 4 82.790827628 0.06149999999999999
20 5 76.99696777400001 0.0645
20 6 77.01207396800001 0.006
20 7 74.8175 0.075
21 0 69.103620608 0.0
21 1 63.750037838 0.0
21 2 70.106068112 0.0
21 3 70.97843750000001 0.0
21 4 80.367133784 0.0
21 5 74.14343384 0.0
21 6 75.119953622 0.0
21 7 73.350660398 0.0
22 0 68.189503172 0.0
22 1 61.91977051400001 0.0
22 2 68.955744632 0.0
22 3 69.537745364 0.0
22 4 78.544007564 0.0
22 5 72.457142342 0.0
22 6 73.606367192 0.0
22 7 72.161005856 0.0
23 0 67.42809570200001 0.0
23 1 60.426398930000005 0.0
23 2 67.439466554 0.0
23 3 68.362318112 0.0
23 4 76.917756344 0.0
23 5 71.095881344 0.0
23 6 72.238349606 0.0
23 7 70.688343506 0.0
