time period scenario temperature renewable energy
0 0 66.1346753 0.0
0 1 66.1346753 0.0
0 2 66.1346753 0.0
0 3 66.1346753 0.0
0 4 66.1346753 0.0
0 5 66.1346753 0.0
0 6 66.1346753 0.0
0 7 66.1346753 0.0
1 0 65.16732911 0.0
1 1 65.16732911 0.0
1 2 65.16732911 0.0
1 3 65.16732911 0.0
1 4 65.16732911 0.0
1 5 65.16732911 0.0
1 6 65.16732911 0.0
1 7 65.16732911 0.0
2 0 64.097480462 0.0
2 1 64.097480462 0.0
2 2 64.097480462 0.0
2 3 64.097480462 0.0
2 4 64.097480462 0.0
2 5 64.097480462 0.0
2 6 64.097480462 0.0
2 7 64.097480462 0.0
3 0 62.986762688 0.0
3 1 62.986762688 0.0
3 2 62.986762688 0.0
3 3 62.986762688 0.0
3 4 62.986762688 0.0
3 5 62.986762688 0.0
3 6 62.986762688 0.0
3 7 62.986762688 0.0
4 0 62.056605218 0.0
4 1 62.056605218 0.0
4 2 62.056605218 0.0
4 3 62.056605218 0.0
4 4 62.056605218 0.0
4 5 62.056605218 0.0
4 6 62.056605218 0.0
4 7 62.056605218 0.0
5 0 61.535963138 0.0045
5 1 61.535963138 0.0045
5 2 61.535963138 0.0045
5 3 61.535963138 0.0045
5 4 61.535963138 0.0045
5 5 61.535963138 0.0045
5 6 61.535963138 0.0045
5 7 61.535963138 0.0045
6 0 61.56397826600001 0.0225
6 1 61.56397826600001 0.0225
6 2 61.56397826600001 0.0225
6 3 61.56397826600001 0.0225
6 4 64.440583502 0.165
6 5 64.440583502 0.165
6 6 64.440583502 0.165
6 7 64.440583502 0.165
7 0 62.209644782000005 0.174
7 1 62.209644782000005 0.174
7 2 62.209644782000005 0.174
7 3 62.209644782000005 0.174
7 4 68.432081306 0.315
7 5 68.432081306 0.315
7 6 68.432081306 0.315
7 7 68.432081306 0.315
8 0 63.687690428 0.1455
8 1 63.687690428 0.1455
8 2 63.687690428 0.1455
8 3 63.687690428 0.1455
8 4 72.13172729 0.66
8 5 72.13172729 0.66
8 6 72.13172729 0.66
8 7 72.13172729 0.66
9 0 65.925715334 0.411
9 1 65.925715334 0.411
9 2 65.925715334 0.411
9 3 65.925715334 0.411
9 4 73.85405396 0.8805
9 5 73.85405396 0.8805
9 6 73.85405396 0.8805
9 7 73.85405396 0.8805
10 0 68.340290522 0.4425
10 1 68.340290522 0.4425
10 2 68.340290522 0.4425
10 3 68.340290522 0.4425
10 4 74.2971875 0.5925
10 5 74.2971875 0.5925
10 6 74.2971875 0.5925
10 7 74.2971875 0.5925
11 0 70.56842774 0.591
11 1 70.56842774 0.591
11 2 70.56842774 0.591
11 3 70.56842774 0.591
11 4 74.983942868 1.206
11 5 74.983942868 1.206
11 6 74.983942868 1.206
11 7 74.983942868 1.206
12 0 72.323328866 0.828
12 1 72.323328866 0.828
12 2 72.553107902 1.239
12 3 72.553107902 1.239
12 4 75.335175788 0.5655
12 5 75.335175788 0.5655
12 6 76.064173592 1.107
12 7 76.064173592 1.107
13 0 73.313691404 0.855
13 1 73.313691404 0.855
13 2 73.527210698 1.236
13 3 73.527210698 1.236
13 4 74.787617192 1.272
13 5 74.787617192 1.272
13 6 77.01553466600001 1.0545
13 7 77.01553466600001 1.0545
14 0 73.43525512400001 0.867
14 1 73.43525512400001 0.867
14 2 73.753089602 0.1455
14 3 73.753089602 0.1455
14 4 73.646687012 1.2
14 5 73.646687012 1.2
14 6 77.338862312 1.212
14 7 77.338862312 1.212
15 0 72.987727046 0.6225
15 1 72.987727046 0.6225
15 2 73.613398442 0.1275
15 3 73.613398442 0.1275
15 4 72.363868412 0.9285
15 5 72.363868412 0.9285
15 6 76.946485604 1.0815
15 7 76.946485604 1.0815
16 0 72.501142586 0.6885
16 1 72.501142586 0.6885
16 2 73.246180424 0.7935
16 3 73.246180424 0.7935
16 4 71.123017586 0.7395
16 5 71.123017586 0.7395
16 6 75.88108643000001 0.8985
16 7 75.88108643000001 0.8985
17 0 72.07657592000001 0.6105
17 1 72.07657592000001 0.6105
17 2 72.451044914 0.633
17 3 72.451044914 0.633
17 4 69.63656738 0.672
17 5 69.63656738 0.672
17 6 74.194355462 0.5535
17 7 74.194355462 0.5535
18 0 71.472602534 0.441
18 1 70.618800056 0.3555
18 2 70.618800056 0.3555
18 3 70.428681644 0.363
18 4 67.69061402 0.441
18 5 67.896772466 0.38699999999999996
18 6 71.85959594600001 0.444
18 7 72.874512932 0.0345
19 0 70.297944332 0.225
19 1 67.870844726 0.0705
19 2 67.870844726 0.0705
19 3 67.77932862200001 0.17099999999999999
19 4 65.111848142 0.219
19 5 65.109046622 0.2205
19 6 68.713825676 0.219
19 7 69.83080566800001 0.192
20 0 69.15382813400001 0.05399999999999999
20 1 65.774158934 0.0075
20 2 65.774158934 0.0075
20 3 65.908796378 0.0165
20 4 62.506440428000005 0.045
20 5 62.08484009 0.0705
20 6 66.505024418 0.0435
20 7 67.273353266 0.033
21 0 68.448560792 0.0
21 1 64.642292474 0.0
21 2 64.642292474 0.0
21 3 64.895856926 0.0
21 4 60.689741216 0.0
21 5 59.81264771 0.0
21 6 65.608485116 0.0
21 7 65.881495364 0.0
22 0 67.70819213600001 0.0
22 1 63.45296753 0.0
22 2 63.45296753 0.0
22 3 63.792719726 0.0
22 4 59.427906494 0.0
22 5 58.241273198 0.0
22 6 64.31418579199999 0.0
22 7 64.720515128 0.0
23 0 66.87125366000001 0.0
23 1 62.048640128 0.0
23 2 62.048640128 0.0
23 3 62.58773926400001 0.0
23 4 58.363056644 0.0
23 5 56.695661618 0.0
23 6 62.659150394 0.0
23 7 63.665662838 0.0
