time period scenario temperature renewable energy
0 0 65.828376464 0.0
0 1 65.828376464 0.0
0 2 65.828376464 0.0
0 3 65.828376464 0.0
0 4 65.828376464 0.0
0 5 65.828376464 0.0
0 6 65.828376464 0.0
0 7 65.828376464 0.0
1 0 64.32379883600001 0.0
1 1 64.32379883600001 0.0
1 2 64.32379883600001 0.0
1 3 64.32379883600001 0.0
1 4 64.32379883600001 0.0
1 5 64.32379883600001 0.0
1 6 64.32379883600001 0.0
1 7 64.32379883600001 0.0
2 0 63.247523197999996 0.0
2 1 63.247523197999996 0.0
2 2 63.247523197999996 0.0
2 3 63.247523197999996 0.0
2 4 63.247523197999996 0.0
2 5 63.247523197999996 0.0
2 6 63.247523197999996 0.0
2 7 63.247523197999996 0.0
3 0 62.7628064 0.0
3 1 62.7628064 0.0
3 2 62.7628064 0.0
3 3 62.7628064 0.0
3 4 62.7628064 0.0
3 5 62.7628064 0.0
3 6 62.7628064 0.0
3 7 62.7628064 0.0
4 0 62.817243656 0.0
4 1 62.817243656 0.0
4 2 62.817243656 0.0
4 3 62.817243656 0.0
4 4 62.817243656 0.0
4 5 62.817243656 0.0
4 6 62.817243656 0.0
4 7 62.817243656 0.0
5 0 64.112586674 0.026999999999999996
5 1 64.112586674 0.026999999999999996
5 2 64.112586674 0.026999999999999996
5 3 64.112586674 0.026999999999999996
5 4 64.112586674 0.026999999999999996
5 5 64.112586674 0.026999999999999996
5 6 64.112586674 0.026999999999999996
5 7 64.112586674 0.026999999999999996
6 0 66.95172851000001 0.0795
6 1 66.95172851000001 0.0795
6 2 66.95172851000001 0.0795
6 3 66.95172851000001 0.0795
6 4 64.174165034 0.0645
6 5 64.174165034 0.0645
6 6 64.174165034 0.0645
6 7 64.174165034 0.0645
7 0 71.369331062 0.3075
7 1 71.369331062 0.3075
7 2 71.369331062 0.3075
7 3 71.369331062 0.3075
7 4 64.763966066 0.1515
7 5 64.763966066 0.1515
7 6 64.763966066 0.1515
7 7 64.763966066 0.1515
8 0 76.47890747 0.642
8 1 76.47890747 0.642
8 2 76.47890747 0.642
8 3 76.47890747 0.642
8 4 65.2300061 0.1485
8 5 65.2300061 0.1485
8 6 65.2300061 0.1485
8 7 65.2300061 0.1485
9 0 80.699470214 0.8085
9 1 80.699470214 0.8085
9 2 80.699470214 0.8085
9 3 80.699470214 0.8085
9 4 66.721674812 0.15
9 5 66.721674812 0.15
9 6 66.721674812 0.15
9 7 66.721674812 0.15
10 0 84.131599118 1.0425
10 1 84.131599118 1.0425
10 2 84.131599118 1.0425
10 3 84.131599118 1.0425
10 4 68.185712894 0.1995
10 5 68.185712894 0.1995
10 6 68.185712894 0.1995
10 7 68.185712894 0.1995
11 0 86.837476802 1.1745
11 1 86.837476802 1.1745
11 2 86.837476802 1.1745
11 3 86.837476802 1.1745
11 4 68.957777102 0.3494999999999999
11 5 68.957777102 0.3494999999999999
11 6 68.957777102 0.3494999999999999
11 7 68.957777102 0.3494999999999999
12 0 88.570350338 1.245
12 1 88.570350338 1.245
12 2 90.10140503 1.281
12 3 90.10140503 1.281
12 4 69.30972411799999 0.3405
12 5 69.30972411799999 0.3405
12 6 70.667304692 1.1685
12 7 70.667304692 1.1685
13 0 89.374439696 1.245
13 1 89.374439696 1.245
13 2 91.996931156 1.281
13 3 91.996931156 1.281
13 4 69.21837280400001 0.4215
13 5 69.21837280400001 0.4215
13 6 72.285810548 0.8325
13 7 72.285810548 0.8325
14 0 89.54703491000001 1.179
14 1 89.54703491000001 1.179
14 2 92.811347654 1.212
14 3 92.811347654 1.212
14 4 68.91811646 0.42
14 5 68.91811646 0.42
14 6 73.321766366 1.2285
14 7 73.321766366 1.2285
15 0 89.219587406 0.9389999999999998
15 1 89.219587406 0.9389999999999998
15 2 92.52471435800001 1.0845
15 3 92.52471435800001 1.0845
15 4 67.768726802 0.858
15 5 67.768726802 0.858
15 6 73.383344726 1.0965
15 7 73.383344726 1.0965
16 0 88.21499756 0.7725
16 1 88.21499756 0.7725
16 2 91.181745608 0.9045
16 3 91.181745608 0.9045
16 4 66.445368656 0.72
16 5 66.445368656 0.72
16 6 72.508887932 0.912
16 7 72.508887932 0.912
17 0 86.534034422 0.5835
17 1 86.534034422 0.5835
17 2 88.94932372400001 0.6914999999999999
17 3 88.94932372400001 0.6914999999999999
17 4 65.27235839 0.1485
17 5 65.27235839 0.1485
17 6 71.34290893400001 0.6914999999999999
17 7 71.34290893400001 0.6914999999999999
18 0 83.81425902800001 0.3435
18 1 85.91451537200001 0.4365
18 2 85.956428228 0.46199999999999997
18 3 85.91451537200001 0.4365
18 4 63.9393872 0.06
18 5 65.989930424 0.48
18 6 69.970057376 0.45449999999999996
18 7 68.913172616 0.4035
19 0 80.311817624 0.1485
19 1 82.172846678 0.252
19 2 81.563874512 0.2415
19 3 82.172846678 0.252
19 4 62.495948479999996 0.1515
19 5 63.441376952 0.213
19 6 69.368555912 0.066
19 7 65.84820679399999 0.18
20 0 77.64065673799999 0.0225
20 1 78.70435302199999 0.072
20 2 76.99696777400001 0.0645
20 3 78.70435302199999 0.072
20 4 61.28025634400001 0.0195
20 5 60.646564940000005 0.06
20 6 68.531013176 0.013499999999999998
20 7 63.201820064 0.0195
21 0 75.84329345 0.0
21 1 76.970545646 0.0
21 2 74.14343384 0.0
21 3 76.970545646 0.0
21 4 60.356361092 0.0
21 5 58.551856682 0.0
21 6 65.702088626 0.0
21 7 61.492292474 0.0
22 0 73.980177008 0.0
22 1 75.92717408 0.0
22 2 72.457142342 0.0
22 3 75.92717408 0.0
22 4 59.593250732 0.0
22 5 57.261622316 0.0
22 6 62.823341066 0.0
22 7 60.047645270000004 0.0
23 0 72.182264396 0.0
23 1 74.878474118 0.0
23 2 71.095881344 0.0
23 3 74.878474118 0.0
23 4 59.023664546 0.0
23 5 56.22313964 0.0
23 6 61.0565747 0.0
23 7 58.677430424 0.0
