time period scenario temperature renewable energy
0 0 69.845966798 0.0
0 1 69.845966798 0.0
0 2 69.845966798 0.0
0 3 69.845966798 0.0
0 4 69.845966798 0.0
0 5 69.845966798 0.0
0 6 69.845966798 0.0
0 7 69.845966798 0.0
1 0 68.71833008600001 0.0
1 1 68.71833008600001 0.0
1 2 68.71833008600001 0.0
1 3 68.71833008600001 0.0
1 4 68.71833008600001 0.0
1 5 68.71833008600001 0.0
1 6 68.71833008600001 0.0
1 7 68.71833008600001 0.0
2 0 67.75548828800001 0.0
2 1 67.75548828800001 0.0
2 2 67.75548828800001 0.0
2 3 67.75548828800001 0.0
2 4 67.75548828800001 0.0
2 5 67.75548828800001 0.0
2 6 67.75548828800001 0.0
2 7 67.75548828800001 0.0
3 0 67.03110473000001 0.0
3 1 67.03110473000001 0.0
3 2 67.03110473000001 0.0
3 3 67.03110473000001 0.0
3 4 67.03110473000001 0.0
3 5 67.03110473000001 0.0
3 6 67.03110473000001 0.0
3 7 67.03110473000001 0.0
4 0 67.1753003 0.0
4 1 67.1753003 0.0
4 2 67.1753003 0.0
4 3 67.1753003 0.0
4 4 67.1753003 0.0
4 5 67.1753003 0.0
4 6 67.1753003 0.0
4 7 67.1753003 0.0
5 0 69.065498048 0.06149999999999999
5 1 69.065498048 0.06149999999999999
5 2 69.065498048 0.06149999999999999
5 3 69.065498048 0.06149999999999999
5 4 69.065498048 0.06149999999999999
5 5 69.065498048 0.06149999999999999
5 6 69.065498048 0.06149999999999999
5 7 69.065498048 0.06149999999999999
6 0 72.903626708 0.23849999999999996
6 1 72.903626708 0.23849999999999996
6 2 72.903626708 0.23849999999999996
6 3 72.903626708 0.23849999999999996
6 4 71.24046143000001 0.147
6 5 71.24046143000001 0.147
6 6 71.24046143000001 0.147
6 7 71.24046143000001 0.147
7 0 78.78296021 0.459
7 1 78.78296021 0.459
7 2 78.78296021 0.459
7 3 78.78296021 0.459
7 4 74.572449944 0.18599999999999997
7 5 74.572449944 0.18599999999999997
7 6 74.572449944 0.18599999999999997
7 7 74.572449944 0.18599999999999997
8 0 85.320045158 0.69
8 1 85.320045158 0.69
8 2 85.320045158 0.69
8 3 85.320045158 0.69
8 4 77.251466066 0.192
8 5 77.251466066 0.192
8 6 77.251466066 0.192
8 7 77.251466066 0.192
9 0 90.688789058 0.9075
9 1 90.688789058 0.9075
9 2 90.688789058 0.9075
9 3 90.688789058 0.9075
9 4 78.85623902 0.35699999999999993
9 5 78.85623902 0.35699999999999993
9 6 78.85623902 0.35699999999999993
9 7 78.85623902 0.35699999999999993
10 0 94.57229125399999 1.089
10 1 94.57229125399999 1.089
10 2 94.57229125399999 1.089
10 3 94.57229125399999 1.089
10 4 79.566999512 0.4305
10 5 79.566999512 0.4305
10 6 79.566999512 0.4305
10 7 79.566999512 0.4305
11 0 97.08123902 1.218
11 1 97.08123902 1.218
11 2 97.08123902 1.218
11 3 97.08123902 1.218
11 4 79.605341798 0.1185
11 5 79.605341798 0.1185
11 6 79.605341798 0.1185
11 7 79.605341798 0.1185
12 0 98.57186402 1.2854999999999999
12 1 98.57186402 1.2854999999999999
12 2 90.40078247 1.269
12 3 90.40078247 1.269
12 4 79.28393676799999 0.438
12 5 79.28393676799999 0.438
12 6 80.93391845 1.257
12 7 80.93391845 1.257
13 0 99.245820308 1.287
13 1 99.245820308 1.287
13 2 89.805103754 1.2705
13 3 89.805103754 1.2705
13 4 78.7971875 0.456
13 5 78.7971875 0.456
13 6 82.29951905 1.263
13 7 82.29951905 1.263
14 0 99.177320552 1.218
14 1 99.177320552 1.218
14 2 89.04781616 1.203
14 3 89.04781616 1.203
14 4 78.074396978 0.6614999999999999
14 5 78.074396978 0.6614999999999999
14 6 83.01297119 0.867
14 7 83.01297119 0.867
15 0 98.405036618 1.0875
15 1 98.405036618 1.0875
15 2 87.81701783 0.9764999999999999
15 3 87.81701783 0.9764999999999999
15 4 77.04827393 0.768
15 5 77.04827393 0.768
15 6 82.586207282 0.9239999999999999
15 7 82.586207282 0.9239999999999999
16 0 96.902052008 0.9045
16 1 96.902052008 0.9045
16 2 86.11633423399999 0.6914999999999999
16 3 86.11633423399999 0.6914999999999999
16 4 75.824451896 0.7425
16 5 75.824451896 0.7425
16 6 81.228461918 0.888
16 7 81.228461918 0.888
17 0 94.69682128400001 0.6885
17 1 94.69682128400001 0.6885
17 2 84.19900024399999 0.6614999999999999
17 3 84.19900024399999 0.6614999999999999
17 4 74.474946284 0.585
17 5 74.474946284 0.585
17 6 79.231586918 0.6675
17 7 79.231586918 0.6675
18 0 91.483210454 0.4575
18 1 85.956428228 0.46199999999999997
18 2 81.98811158000001 0.2805
18 3 81.716639396 0.486
18 4 73.09385497400001 0.2925
18 5 71.90843018000001 0.49199999999999994
18 6 76.48280762 0.4305
18 7 77.552326652 0.4425
19 0 86.89801146799999 0.237
19 1 81.563874512 0.2415
19 2 79.45889405 0.0285
19 3 78.14075439199999 0.2595
19 4 71.638166498 0.213
19 5 68.583802496 0.261
19 6 73.189875488 0.2055
19 7 75.033491216 0.17849999999999996
20 0 82.790827628 0.06149999999999999
20 1 76.99696777400001 0.0645
20 2 77.01207396800001 0.006
20 3 74.8175 0.075
20 4 70.22807128400001 0.0525
20 5 65.693244632 0.0735
20 6 71.021778566 0.0345
20 7 72.733063964 0.0525
21 0 80.367133784 0.0
21 1 74.14343384 0.0
21 2 75.119953622 0.0
21 3 73.350660398 0.0
21 4 69.103620608 0.0
21 5 63.750037838 0.0
21 6 70.106068112 0.0
21 7 70.97843750000001 0.0
22 0 78.544007564 0.0
22 1 72.457142342 0.0
22 2 73.606367192 0.0
22 3 72.161005856 0.0
22 4 68.189503172 0.0
22 5 61.91977051400001 0.0
22 6 68.955744632 0.0
22 7 69.537745364 0.0
23 0 76.917756344 0.0
23 1 71.095881344 0.0
23 2 72.238349606 0.0
23 3 70.688343506 0.0
23 4 67.42809570200001 0.0
23 5 60.426398930000005 0.0
23 6 67.439466554 0.0
23 7 68.362318112 0.0
