time period scenario temperature renewable energy
0 0 67.05873536000001 0.0
0 1 67.05873536000001 0.0
0 2 67.05873536000001 0.0
0 3 67.05873536000001 0.0
0 4 67.05873536000001 0.0
0 5 67.05873536000001 0.0
0 6 67.05873536000001 0.0
0 7 67.05873536000001 0.0
1 0 65.903193356 0.0
1 1 65.903193356 0.0
1 2 65.903193356 0.0
1 3 65.903193356 0.0
1 4 65.903193356 0.0
1 5 65.903193356 0.0
1 6 65.903193356 0.0
1 7 65.903193356 0.0
2 0 64.73941161799999 0.0
2 1 64.73941161799999 0.0
2 2 64.73941161799999 0.0
2 3 64.73941161799999 0.0
2 4 64.73941161799999 0.0
2 5 64.73941161799999 0.0
2 6 64.73941161799999 0.0
2 7 64.73941161799999 0.0
3 0 63.597218018 0.0
3 1 63.597218018 0.0
3 2 63.597218018 0.0
3 3 63.597218018 0.0
3 4 63.597218018 0.0
3 5 63.597218018 0.0
3 6 63.597218018 0.0
3 7 63.597218018 0.0
4 0 63.425227046 0.0
4 1 63.425227046 0.0
4 2 63.425227046 0.0
4 3 63.425227046 0.0
4 4 63.425227046 0.0
4 5 63.425227046 0.0
4 6 63.425227046 0.0
4 7 63.425227046 0.0
5 0 65.088612068 0.078
5 1 65.088612068 0.078
5 2 65.088612068 0.078
5 3 65.088612068 0.078
5 4 65.088612068 0.078
5 5 65.088612068 0.078
5 6 65.088612068 0.078
5 7 65.088612068 0.078
6 0 68.84280518 0.258
6 1 68.84280518 0.258
6 2 68.84280518 0.258
6 3 68.84280518 0.258
6 4 67.07834594600001 0.1365
6 5 67.07834594600001 0.1365
6 6 67.07834594600001 0.1365
6 7 67.07834594600001 0.1365
7 0 73.431959234 0.48
7 1 73.431959234 0.48
7 2 73.431959234 0.48
7 3 73.431959234 0.48
7 4 70.64423339000001 0.321
7 5 70.64423339000001 0.321
7 6 70.64423339000001 0.321
7 7 70.64423339000001 0.321
8 0 77.13116576600001 0.531
8 1 77.13116576600001 0.531
8 2 77.13116576600001 0.531
8 3 77.13116576600001 0.531
8 4 74.277137444 0.564
8 5 74.277137444 0.564
8 6 74.277137444 0.564
8 7 74.277137444 0.564
9 0 79.95437744 0.9255
9 1 79.95437744 0.9255
9 2 79.95437744 0.9255
9 3 79.95437744 0.9255
9 4 76.585419914 0.726
9 5 76.585419914 0.726
9 6 76.585419914 0.726
9 7 76.585419914 0.726
10 0 82.242609872 1.107
10 1 82.242609872 1.107
10 2 82.242609872 1.107
10 3 82.242609872 1.107
10 4 78.01919067200001 1.0139999999999998
10 5 78.01919067200001 1.0139999999999998
10 6 78.01919067200001 1.0139999999999998
10 7 78.01919067200001 1.0139999999999998
11 0 84.128028566 1.2375
11 1 84.128028566 1.2375
11 2 84.128028566 1.2375
11 3 84.128028566 1.2375
11 4 79.073933108 0.9389999999999998
11 5 79.073933108 0.9389999999999998
11 6 79.073933108 0.9389999999999998
11 7 79.073933108 0.9389999999999998
12 0 85.683088382 1.3079999999999998
12 1 85.683088382 1.3079999999999998
12 2 84.62329223 1.0395
12 3 84.62329223 1.0395
12 4 79.92350585599999 1.191
12 5 79.92350585599999 1.191
12 6 80.06803100600001 1.314
12 7 80.06803100600001 1.314
13 0 86.79419067200001 1.3125
13 1 86.79419067200001 1.3125
13 2 85.180573724 1.017
13 3 85.180573724 1.017
13 4 80.713093262 0.645
13 5 80.713093262 0.645
13 6 80.27951783 0.8955
13 7 80.27951783 0.8955
14 0 87.1784375 1.2495
14 1 87.1784375 1.2495
14 2 85.363551032 0.951
14 3 85.363551032 0.951
14 4 81.374635004 1.1955
14 5 81.374635004 1.1955
14 6 79.03147094600001 1.0905
14 7 79.03147094600001 1.0905
15 0 86.78238036799999 1.122
15 1 86.78238036799999 1.122
15 2 84.769904786 0.8805
15 3 84.769904786 0.8805
15 4 81.484663082 1.0695
15 5 81.484663082 1.0695
15 6 76.462482902 0.7514999999999998
15 7 76.462482902 0.7514999999999998
16 0 85.67968262 0.9405
16 1 85.67968262 0.9405
16 2 83.433198236 0.732
16 3 83.433198236 0.732
16 4 80.806037594 0.891
16 5 80.806037594 0.891
16 6 73.444044182 0.801
16 7 73.444044182 0.801
17 0 83.968397222 0.7214999999999999
17 1 83.968397222 0.7214999999999999
17 2 81.7284497 0.573
17 3 81.7284497 0.573
17 4 79.495093994 0.672
17 5 79.495093994 0.672
17 6 70.49564331799999 0.336
17 7 70.49564331799999 0.336
18 0 81.716639396 0.486
18 1 81.98811158000001 0.2805
18 2 79.549146734 0.3465
18 3 79.270972898 0.4185
18 4 77.552326652 0.4425
18 5 76.48280762 0.4305
18 6 67.896772466 0.38699999999999996
18 7 69.523627928 0.48
19 0 78.14075439199999 0.2595
19 1 79.45889405 0.0285
19 2 76.34108399 0.2445
19 3 75.352424324 0.1965
19 4 75.033491216 0.17849999999999996
19 5 73.189875488 0.2055
19 6 65.109046622 0.2205
19 7 67.320374756 0.2565
20 0 74.8175 0.075
20 1 77.01207396800001 0.006
20 2 73.065675056 0.0705
20 3 71.734022222 0.0285
20 4 72.733063964 0.0525
20 5 71.021778566 0.0345
20 6 62.08484009 0.0705
20 7 65.756745608 0.072
21 0 73.350660398 0.0
21 1 75.119953622 0.0
21 2 70.99244506400001 0.0
21 3 69.507368168 0.0
21 4 70.97843750000001 0.0
21 5 70.106068112 0.0
21 6 59.81264771 0.0
21 7 64.954084478 0.0
22 0 72.161005856 0.0
22 1 73.606367192 0.0
22 2 69.58998536000001 0.0
22 3 67.80608033 0.0
22 4 69.537745364 0.0
22 5 68.955744632 0.0
22 6 58.241273198 0.0
22 7 64.00426146800001 0.0
23 0 70.688343506 0.0
23 1 72.238349606 0.0
23 2 68.27997558199999 0.0
23 3 66.29364746600001 0.0
23 4 68.362318112 0.0
23 5 67.439466554 0.0
23 6 56.695661618 0.0
23 7 63.104591066 0.0
