time period scenario temperature renewable energy
0 0 64.993635248 0.0
0 1 64.993635248 0.0
0 2 64.993635248 0.0
0 3 64.993635248 0.0
0 4 64.993635248 0.0
0 5 64.993635248 0.0
0 6 64.993635248 0.0
0 7 64.993635248 0.0
1 0 64.282215578 0.0
1 1 64.282215578 0.0
1 2 64.282215578 0.0
1 3 64.282215578 0.0
1 4 64.282215578 0.0
1 5 64.282215578 0.0
1 6 64.282215578 0.0
1 7 64.282215578 0.0
2 0 64.252442624 0.0
2 1 64.252442624 0.0
2 2 64.252442624 0.0
2 3 64.252442624 0.0
2 4 64.252442624 0.0
2 5 64.252442624 0.0
2 6 64.252442624 0.0
2 7 64.252442624 0.0
3 0 64.023981926 0.0
3 1 64.023981926 0.0
3 2 64.023981926 0.0
3 3 64.023981926 0.0
3 4 64.023981926 0.0
3 5 64.023981926 0.0
3 6 64.023981926 0.0
3 7 64.023981926 0.0
4 0 63.556129148000004 0.0
4 1 63.556129148000004 0.0
4 2 63.556129148000004 0.0
4 3 63.556129148000004 0.0
4 4 63.556129148000004 0.0
4 5 63.556129148000004 0.0
4 6 63.556129148000004 0.0
4 7 63.556129148000004 0.0
5 0 63.593867192000005 0.0105
5 1 63.593867192000005 0.0105
5 2 63.593867192000005 0.0105
5 3 63.593867192000005 0.0105
5 4 63.593867192000005 0.0105
5 5 63.593867192000005 0.0105
5 6 63.593867192000005 0.0105
5 7 63.593867192000005 0.0105
6 0 64.174165034 0.0645
6 1 64.174165034 0.0645
6 2 64.174165034 0.0645
6 3 64.174165034 0.0645
6 4 65.729334722 0.1545
6 5 65.729334722 0.1545
6 6 65.729334722 0.1545
6 7 65.729334722 0.1545
7 0 64.763966066 0.1515
7 1 64.763966066 0.1515
7 2 64.763966066 0.1515
7 3 64.763966066 0.1515
7 4 69.817292474 0.411
7 5 69.817292474 0.411
7 6 69.817292474 0.411
7 7 69.817292474 0.411
8 0 65.2300061 0.1485
8 1 65.2300061 0.1485
8 2 65.2300061 0.1485
8 3 65.2300061 0.1485
8 4 74.402711186 0.636
8 5 74.402711186 0.636
8 6 74.402711186 0.636
8 7 74.402711186 0.636
9 0 66.721674812 0.15
9 1 66.721674812 0.15
9 2 66.721674812 0.15
9 3 66.721674812 0.15
9 4 78.17717408 0.8489999999999999
9 5 78.17717408 0.8489999999999999
9 6 78.17717408 0.8489999999999999
9 7 78.17717408 0.8489999999999999
10 0 68.185712894 0.1995
10 1 68.185712894 0.1995
10 2 68.185712894 0.1995
10 3 68.185712894 0.1995
10 4 81.16281860000001 1.0275
10 5 81.16281860000001 1.0275
10 6 81.16281860000001 1.0275
10 7 81.16281860000001 1.0275
11 0 68.957777102 0.3494999999999999
11 1 68.957777102 0.3494999999999999
11 2 68.957777102 0.3494999999999999
11 3 68.957777102 0.3494999999999999
11 4 82.856525882 1.047
11 5 82.856525882 1.047
11 6 82.856525882 1.047
11 7 82.856525882 1.047
12 0 69.30972411799999 0.3405
12 1 69.30972411799999 0.3405
12 2 70.667304692 1.1685
12 3 70.667304692 1.1685
12 4 83.143653566 1.2285
12 5 83.143653566 1.2285
12 6 84.62329223 1.0395
12 7 84.62329223 1.0395
13 0 69.21837280400001 0.4215
13 1 69.21837280400001 0.4215
13 2 72.285810548 0.8325
13 3 72.285810548 0.8325
13 4 83.22467774 1.2315
13 5 83.22467774 1.2315
13 6 85.180573724 1.017
13 7 85.180573724 1.017
14 0 68.91811646 0.42
14 1 68.91811646 0.42
14 2 73.321766366 1.2285
14 3 73.321766366 1.2285
14 4 83.37140015 1.0455
14 5 83.37140015 1.0455
14 6 85.363551032 0.951
14 7 85.363551032 0.951
15 0 67.768726802 0.858
15 1 67.768726802 0.858
15 2 73.383344726 1.0965
15 3 73.383344726 1.0965
15 4 83.06208008600001 0.927
15 5 83.06208008600001 0.927
15 6 84.769904786 0.8805
15 7 84.769904786 0.8805
16 0 66.445368656 0.72
16 1 66.445368656 0.72
16 2 72.508887932 0.912
16 3 72.508887932 0.912
16 4 82.373841554 0.792
16 5 82.373841554 0.792
16 6 83.433198236 0.732
16 7 83.433198236 0.732
17 0 65.27235839 0.1485
17 1 65.27235839 0.1485
17 2 71.34290893400001 0.6914999999999999
17 3 71.34290893400001 0.6914999999999999
17 4 81.11469848 0.5775
17 5 81.11469848 0.5775
17 6 81.7284497 0.573
17 7 81.7284497 0.573
18 0 63.9393872 0.06
18 1 65.989930424 0.48
18 2 69.970057376 0.45449999999999996
18 3 68.913172616 0.4035
18 4 79.24592408000001 0.021
18 5 79.549146734 0.3465
18 6 79.549146734 0.3465
18 7 79.270972898 0.4185
19 0 62.495948479999996 0.1515
19 1 63.441376952 0.213
19 2 69.368555912 0.066
19 3 65.84820679399999 0.18
19 4 76.79663207600001 0.159
19 5 76.34108399 0.2445
19 6 76.34108399 0.2445
19 7 75.352424324 0.1965
20 0 61.28025634400001 0.0195
20 1 60.646564940000005 0.06
20 2 68.531013176 0.013499999999999998
20 3 63.201820064 0.0195
20 4 74.446931156 0.0285
20 5 73.065675056 0.0705
20 6 73.065675056 0.0705
20 7 71.734022222 0.0285
21 0 60.356361092 0.0
21 1 58.551856682 0.0
21 2 65.702088626 0.0
21 3 61.492292474 0.0
21 4 72.930378416 0.0
21 5 70.99244506400001 0.0
21 6 70.99244506400001 0.0
21 7 69.507368168 0.0
22 0 59.593250732 0.0
22 1 57.261622316 0.0
22 2 62.823341066 0.0
22 3 60.047645270000004 0.0
22 4 71.67535521799999 0.0
22 5 69.58998536000001 0.0
22 6 69.58998536000001 0.0
22 7 67.80608033 0.0
23 0 59.023664546 0.0
23 1 56.22313964 0.0
23 2 61.0565747 0.0
23 3 58.677430424 0.0
23 4 70.39967774 0.0
23 5 68.27997558199999 0.0
23 6 68.27997558199999 0.0
23 7 66.29364746600001 0.0
