time period scenario temperature renewable energy
0 0 69.291926276 0.0
0 1 69.291926276 0.0
0 2 69.291926276 0.0
0 3 69.291926276 0.0
0 4 69.291926276 0.0
0 5 69.291926276 0.0
0 6 69.291926276 0.0
0 7 69.291926276 0.0
1 0 68.17906615999999 0.0
1 1 68.17906615999999 0.0
1 2 68.17906615999999 0.0
1 3 68.17906615999999 0.0
1 4 68.17906615999999 0.0
1 5 68.17906615999999 0.0
1 6 68.17906615999999 0.0
1 7 68.17906615999999 0.0
2 0 66.667951652 0.0
2 1 66.667951652 0.0
2 2 66.667951652 0.0
2 3 66.667951652 0.0
2 4 66.667951652 0.0
2 5 66.667951652 0.0
2 6 66.667951652 0.0
2 7 66.667951652 0.0
3 0 64.724964602 0.0
3 1 64.724964602 0.0
3 2 64.724964602 0.0
3 3 64.724964602 0.0
3 4 64.724964602 0.0
3 5 64.724964602 0.0
3 6 64.724964602 0.0
3 7 64.724964602 0.0
4 0 63.291688232 0.0
4 1 63.291688232 0.0
4 2 63.291688232 0.0
4 3 63.291688232 0.0
4 4 63.291688232 0.0
4 5 63.291688232 0.0
4 6 63.291688232 0.0
4 7 63.291688232 0.0
5 0 63.140351558 0.026999999999999996
5 1 63.140351558 0.026999999999999996
5 2 63.140351558 0.026999999999999996
5 3 63.140351558 0.026999999999999996
5 4 63.140351558 0.026999999999999996
5 5 63.140351558 0.026999999999999996
5 6 63.140351558 0.026999999999999996
5 7 63.140351558 0.026999999999999996
6 0 64.165650638 0.1665
6 1 64.165650638 0.1665
6 2 64.165650638 0.1665
6 3 64.165650638 0.1665
6 4 65.729334722 0.1545
6 5 65.729334722 0.1545
6 6 65.729334722 0.1545
6 7 65.729334722 0.1545
7 0 66.437403566 0.37949999999999995
7 1 66.437403566 0.37949999999999995
7 2 66.437403566 0.37949999999999995
7 3 66.437403566 0.37949999999999995
7 4 69.817292474 0.411
7 5 69.817292474 0.411
7 6 69.817292474 0.411
7 7 69.817292474 0.411
8 0 69.431782226 0.4815
8 1 69.431782226 0.4815
8 2 69.431782226 0.4815
8 3 69.431782226 0.4815
8 4 74.402711186 0.636
8 5 74.402711186 0.636
8 6 74.402711186 0.636
8 7 74.402711186 0.636
9 0 71.837073968 0.7064999999999999
9 1 71.837073968 0.7064999999999999
9 2 71.837073968 0.7064999999999999
9 3 71.837073968 0.7064999999999999
9 4 78.17717408 0.8489999999999999
9 5 78.17717408 0.8489999999999999
9 6 78.17717408 0.8489999999999999
9 7 78.17717408 0.8489999999999999
10 0 73.129615484 0.9839999999999999
10 1 73.129615484 0.9839999999999999
10 2 73.129615484 0.9839999999999999
10 3 73.129615484 0.9839999999999999
10 4 81.16281860000001 1.0275
10 5 81.16281860000001 1.0275
10 6 81.16281860000001 1.0275
10 7 81.16281860000001 1.0275
11 0 74.059718018 0.993
11 1 74.059718018 0.993
11 2 74.059718018 0.993
11 3 74.059718018 0.993
11 4 82.856525882 1.047
11 5 82.856525882 1.047
11 6 82.856525882 1.047
11 7 82.856525882 1.047
12 0 75.093311768 0.963
12 1 75.093311768 0.963
12 2 76.18875854 1.341
12 3 76.18875854 1.341
12 4 83.143653566 1.2285
12 5 83.143653566 1.2285
12 6 84.62329223 1.0395
12 7 84.62329223 1.0395
13 0 75.747108146 1.1115
13 1 75.747108146 1.1115
13 2 77.44070557399999 1.341
13 3 77.44070557399999 1.341
13 4 83.22467774 1.2315
13 5 83.22467774 1.2315
13 6 85.180573724 1.017
13 7 85.180573724 1.017
14 0 75.78638427199999 0.87
14 1 75.78638427199999 0.87
14 2 77.87922485 1.272
14 3 77.87922485 1.272
14 4 83.37140015 1.0455
14 5 83.37140015 1.0455
14 6 85.363551032 0.951
14 7 85.363551032 0.951
15 0 75.38208740600001 0.501
15 1 75.38208740600001 0.501
15 2 77.442792962 1.14
15 3 77.442792962 1.14
15 4 83.06208008600001 0.927
15 5 83.06208008600001 0.927
15 6 84.769904786 0.8805
15 7 84.769904786 0.8805
16 0 74.797559816 0.4005
16 1 74.797559816 0.4005
16 2 76.261488044 0.9539999999999998
16 3 76.261488044 0.9539999999999998
16 4 82.373841554 0.792
16 5 82.373841554 0.792
16 6 83.433198236 0.732
16 7 83.433198236 0.732
17 0 74.318500976 0.37949999999999995
17 1 74.318500976 0.37949999999999995
17 2 74.417158202 0.7305
17 3 74.417158202 0.7305
17 4 81.11469848 0.5775
17 5 81.11469848 0.5775
17 6 81.7284497 0.573
17 7 81.7284497 0.573
18 0 72.874512932 0.0345
18 1 71.90843018000001 0.49199999999999994
18 2 71.90843018000001 0.49199999999999994
18 3 73.09385497400001 0.2925
18 4 79.24592408000001 0.021
18 5 79.549146734 0.3465
18 6 79.549146734 0.3465
18 7 79.270972898 0.4185
19 0 69.83080566800001 0.192
19 1 68.583802496 0.261
19 2 68.583802496 0.261
19 3 71.638166498 0.213
19 4 76.79663207600001 0.159
19 5 76.34108399 0.2445
19 6 76.34108399 0.2445
19 7 75.352424324 0.1965
20 0 67.273353266 0.033
20 1 65.693244632 0.0735
20 2 65.693244632 0.0735
20 3 70.22807128400001 0.0525
20 4 74.446931156 0.0285
20 5 73.065675056 0.0705
20 6 73.065675056 0.0705
20 7 71.734022222 0.0285
21 0 65.881495364 0.0
21 1 63.750037838 0.0
21 2 63.750037838 0.0
21 3 69.103620608 0.0
21 4 72.930378416 0.0
21 5 70.99244506400001 0.0
21 6 70.99244506400001 0.0
21 7 69.507368168 0.0
22 0 64.720515128 0.0
22 1 61.91977051400001 0.0
22 2 61.91977051400001 0.0
22 3 68.189503172 0.0
22 4 71.67535521799999 0.0
22 5 69.58998536000001 0.0
22 6 69.58998536000001 0.0
22 7 67.80608033 0.0
23 0 63.665662838 0.0
23 1 60.426398930000005 0.0
23 2 60.426398930000005 0.0
23 3 67.42809570200001 0.0
23 4 70.39967774 0.0
23 5 68.27997558199999 0.0
23 6 68.27997558199999 0.0
23 7 66.29364746600001 0.0
