time period scenario temperature renewable energy
0 0 63.208192136 0.0
0 1 63.208192136 0.0
0 2 63.208192136 0.0
0 3 63.208192136 0.0
0 4 63.208192136 0.0
0 5 63.208192136 0.0
0 6 63.208192136 0.0
0 7 63.208192136 0.0
1 0 62.068031006 0.0
1 1 62.068031006 0.0
1 2 62.068031006 0.0
1 3 62.068031006 0.0
1 4 62.068031006 0.0
1 5 62.068031006 0.0
1 6 62.068031006 0.0
1 7 62.068031006 0.0
2 0 60.870136712 0.0
2 1 60.870136712 0.0
2 2 60.870136712 0.0
2 3 60.870136712 0.0
2 4 60.870136712 0.0
2 5 60.870136712 0.0
2 6 60.870136712 0.0
2 7 60.870136712 0.0
3 0 59.895209965999996 0.0
3 1 59.895209965999996 0.0
3 2 59.895209965999996 0.0
3 3 59.895209965999996 0.0
3 4 59.895209965999996 0.0
3 5 59.895209965999996 0.0
3 6 59.895209965999996 0.0
3 7 59.895209965999996 0.0
4 0 59.890046378 0.0
4 1 59.890046378 0.0
4 2 59.890046378 0.0
4 3 59.890046378 0.0
4 4 59.890046378 0.0
4 5 59.890046378 0.0
4 6 59.890046378 0.0
4 7 59.890046378 0.0
5 0 62.000849606 0.0375
5 1 62.000849606 0.0375
5 2 62.000849606 0.0375
5 3 62.000849606 0.0375
5 4 62.000849606 0.0375
5 5 62.000849606 0.0375
5 6 62.000849606 0.0375
5 7 62.000849606 0.0375
6 0 65.96652954199999 0.24
6 1 65.96652954199999 0.24
6 2 65.96652954199999 0.24
6 3 65.96652954199999 0.24
6 4 64.440583502 0.165
6 5 64.440583502 0.165
6 6 64.440583502 0.165
6 7 64.440583502 0.165
7 0 70.48202026999999 0.36449999999999994
7 1 70.48202026999999 0.36449999999999994
7 2 70.48202026999999 0.36449999999999994
7 3 70.48202026999999 0.36449999999999994
7 4 68.432081306 0.315
7 5 68.432081306 0.315
7 6 68.432081306 0.315
7 7 68.432081306 0.315
8 0 74.842988288 0.624
8 1 74.842988288 0.624
8 2 74.842988288 0.624
8 3 74.842988288 0.624
8 4 72.13172729 0.66
8 5 72.13172729 0.66
8 6 72.13172729 0.66
8 7 72.13172729 0.66
9 0 79.496027834 0.7335
9 1 79.496027834 0.7335
9 2 79.496027834 0.7335
9 3 79.496027834 0.7335
9 4 73.85405396 0.8805
9 5 73.85405396 0.8805
9 6 73.85405396 0.8805
9 7 73.85405396 0.8805
10 0 83.854578866 0.4605
10 1 83.854578866 0.4605
10 2 83.854578866 0.4605
10 3 83.854578866 0.4605
10 4 74.2971875 0.5925
10 5 74.2971875 0.5925
10 6 74.2971875 0.5925
10 7 74.2971875 0.5925
11 0 87.285444332 1.215
11 1 87.285444332 1.215
11 2 87.285444332 1.215
11 3 87.285444332 1.215
11 4 74.983942868 1.206
11 5 74.983942868 1.206
11 6 74.983942868 1.206
11 7 74.983942868 1.206
12 0 90.10140503 1.281
12 1 90.10140503 1.281
12 2 88.570350338 1.245
12 3 88.570350338 1.245
12 4 75.335175788 0.5655
12 5 75.335175788 0.5655
12 6 76.064173592 1.107
12 7 76.064173592 1.107
13 0 91.996931156 1.281
13 1 91.996931156 1.281
13 2 89.374439696 1.245
13 3 89.374439696 1.245
13 4 74.787617192 1.272
13 5 74.787617192 1.272
13 6 77.01553466600001 1.0545
13 7 77.01553466600001 1.0545
14 0 92.811347654 1.212
14 1 92.811347654 1.212
14 2 89.54703491000001 1.179
14 3 89.54703491000001 1.179
14 4 73.646687012 1.2
14 5 73.646687012 1.2
14 6 77.338862312 1.212
14 7 77.338862312 1.212
15 0 92.52471435800001 1.0845
15 1 92.52471435800001 1.0845
15 2 89.219587406 0.9389999999999998
15 3 89.219587406 0.9389999999999998
15 4 72.363868412 0.9285
15 5 72.363868412 0.9285
15 6 76.946485604 1.0815
15 7 76.946485604 1.0815
16 0 91.181745608 0.9045
16 1 91.181745608 0.9045
16 2 88.21499756 0.7725
16 3 88.21499756 0.7725
16 4 71.123017586 0.7395
16 5 71.123017586 0.7395
16 6 75.88108643000001 0.8985
16 7 75.88108643000001 0.8985
17 0 88.94932372400001 0.6914999999999999
17 1 88.94932372400001 0.6914999999999999
17 2 86.534034422 0.5835
17 3 86.534034422 0.5835
17 4 69.63656738 0.672
17 5 69.63656738 0.672
17 6 74.194355462 0.5535
17 7 74.194355462 0.5535
18 0 85.956428228 0.46199999999999997
18 1 85.91451537200001 0.4365
18 2 83.81425902800001 0.3435
18 3 85.91451537200001 0.4365
18 4 67.69061402 0.441
18 5 67.896772466 0.38699999999999996
18 6 71.85959594600001 0.444
18 7 72.874512932 0.0345
19 0 81.563874512 0.2415
19 1 82.172846678 0.252
19 2 80.311817624 0.1485
19 3 82.172846678 0.252
19 4 65.111848142 0.219
19 5 65.109046622 0.2205
19 6 68.713825676 0.219
19 7 69.83080566800001 0.192
20 0 76.99696777400001 0.0645
20 1 78.70435302199999 0.072
20 2 77.64065673799999 0.0225
20 3 78.70435302199999 0.072
20 4 62.506440428000005 0.045
20 5 62.08484009 0.0705
20 6 66.505024418 0.0435
20 7 67.273353266 0.033
21 0 74.14343384 0.0
21 1 76.970545646 0.0
21 2 75.84329345 0.0
21 3 76.970545646 0.0
21 4 60.689741216 0.0
21 5 59.81264771 0.0
21 6 65.608485116 0.0
21 7 65.881495364 0.0
22 0 72.457142342 0.0
22 1 75.92717408 0.0
22 2 73.980177008 0.0
22 3 75.92717408 0.0
22 4 59.427906494 0.0
22 5 58.241273198 0.0
22 6 64.31418579199999 0.0
22 7 64.720515128 0.0
23 0 71.095881344 0.0
23 1 74.878474118 0.0
23 2 72.182264396 0.0
23 3 74.878474118 0.0
23 4 58.363056644 0.0
23 5 56.695661618 0.0
23 6 62.659150394 0.0
23 7 63.665662838 0.0
