time period scenario temperature renewable energy
0 0 55.214429936 0.0
0 1 55.214429936 0.0
0 2 55.214429936 0.0
0 3 55.214429936 0.0
0 4 55.214429936 0.0
0 5 55.214429936 0.0
0 6 55.214429936 0.0
0 7 55.214429936 0.0
1 0 54.133320307999995 0.0
1 1 54.133320307999995 0.0
1 2 54.133320307999995 0.0
1 3 54.133320307999995 0.0
1 4 54.133320307999995 0.0
1 5 54.133320307999995 0.0
1 6 54.133320307999995 0.0
1 7 54.133320307999995 0.0
2 0 54.116950676 0.0
2 1 54.116950676 0.0
2 2 54.116950676 0.0
2 3 54.116950676 0.0
2 4 54.116950676 0.0
2 5 54.116950676 0.0
2 6 54.116950676 0.0
2 7 54.116950676 0.0
3 0 55.02343262 0.0
3 1 55.02343262 0.0
3 2 55.02343262 0.0
3 3 55.02343262 0.0
3 4 55.02343262 0.0
3 5 55.02343262 0.0
3 6 55.02343262 0.0
3 7 55.02343262 0.0
4 0 56.446052252 0.0
4 1 56.446052252 0.0
4 2 56.446052252 0.0
4 3 56.446052252 0.0
4 4 56.446052252 0.0
4 5 56.446052252 0.0
4 6 56.446052252 0.0
4 7 56.446052252 0.0
5 0 56.979603266 0.072
5 1 56.979603266 0.072
5 2 56.979603266 0.072
5 3 56.979603266 0.072
5 4 56.979603266 0.072
5 5 56.979603266 0.072
5 6 56.979603266 0.072
5 7 56.979603266 0.072
6 0 58.707148442000005 0.2595
6 1 58.707148442000005 0.2595
6 2 58.707148442000005 0.2595
6 3 58.707148442000005 0.2595
6 4 57.643562012000004 0.219
6 5 57.643562012000004 0.219
6 6 57.643562012000004 0.219
6 7 57.643562012000004 0.219
7 0 62.782526858 0.489
7 1 62.782526858 0.489
7 2 62.782526858 0.489
7 3 62.782526858 0.489
7 4 59.173023686 0.444
7 5 59.173023686 0.444
7 6 59.173023686 0.444
7 7 59.173023686 0.444
8 0 66.340229486 0.726
8 1 66.340229486 0.726
8 2 66.340229486 0.726
8 3 66.340229486 0.726
8 4 61.139796133999994 0.6825
8 5 61.139796133999994 0.6825
8 6 61.139796133999994 0.6825
8 7 61.139796133999994 0.6825
9 0 69.360920402 0.948
9 1 69.360920402 0.948
9 2 69.360920402 0.948
9 3 69.360920402 0.948
9 4 63.436652834 0.693
9 5 63.436652834 0.693
9 6 63.436652834 0.693
9 7 63.436652834 0.693
10 0 72.13859375000001 1.1325
10 1 72.13859375000001 1.1325
10 2 72.13859375000001 1.1325
10 3 72.13859375000001 1.1325
10 4 66.033491216 0.4605
10 5 66.033491216 0.4605
10 6 66.033491216 0.4605
10 7 66.033491216 0.4605
11 0 74.52345092 1.2645
11 1 74.52345092 1.2645
11 2 74.52345092 1.2645
11 3 74.52345092 1.2645
11 4 68.560236824 1.224
11 5 68.560236824 1.224
11 6 68.560236824 1.224
11 7 68.560236824 1.224
12 0 76.480555424 1.3335
12 1 76.480555424 1.3335
12 2 76.064173592 1.107
12 3 76.064173592 1.107
12 4 70.667304692 1.1685
12 5 70.667304692 1.1685
12 6 69.30972411799999 0.3405
12 7 69.30972411799999 0.3405
13 0 77.91954467 1.3335
13 1 77.91954467 1.3335
13 2 77.01553466600001 1.0545
13 3 77.01553466600001 1.0545
13 4 72.285810548 0.8325
13 5 72.285810548 0.8325
13 6 69.21837280400001 0.4215
13 7 69.21837280400001 0.4215
14 0 78.661121828 1.062
14 1 78.661121828 1.062
14 2 77.338862312 1.212
14 3 77.338862312 1.212
14 4 73.321766366 1.2285
14 5 73.321766366 1.2285
14 6 68.91811646 0.42
14 7 68.91811646 0.42
15 0 78.680897222 1.131
15 1 78.680897222 1.131
15 2 76.946485604 1.0815
15 3 76.946485604 1.0815
15 4 73.383344726 1.0965
15 5 73.383344726 1.0965
15 6 67.768726802 0.858
15 7 67.768726802 0.858
16 0 77.971125488 0.9464999999999999
16 1 77.971125488 0.9464999999999999
16 2 75.88108643000001 0.8985
16 3 75.88108643000001 0.8985
16 4 72.508887932 0.912
16 5 72.508887932 0.912
16 6 66.445368656 0.72
16 7 66.445368656 0.72
17 0 76.54109009 0.7245
17 1 76.54109009 0.7245
17 2 74.194355462 0.5535
17 3 74.194355462 0.5535
17 4 71.34290893400001 0.6914999999999999
17 5 71.34290893400001 0.6914999999999999
17 6 65.27235839 0.1485
17 7 65.27235839 0.1485
18 0 74.186665034 0.486
18 1 76.924567868 0.363
18 2 71.85959594600001 0.444
18 3 72.874512932 0.0345
18 4 69.970057376 0.45449999999999996
18 5 68.913172616 0.4035
18 6 63.9393872 0.06
18 7 65.989930424 0.48
19 0 70.7034497 0.2565
19 1 74.91148804400001 0.012
19 2 68.713825676 0.219
19 3 69.83080566800001 0.192
19 4 69.368555912 0.066
19 5 65.84820679399999 0.18
19 6 62.495948479999996 0.1515
19 7 63.441376952 0.213
20 0 67.732307132 0.069
20 1 73.002943112 0.003
20 2 66.505024418 0.0435
20 3 67.273353266 0.033
20 4 68.531013176 0.013499999999999998
20 5 63.201820064 0.0195
20 6 61.28025634400001 0.0195
20 7 60.646564940000005 0.06
21 0 66.2753003 0.0
21 1 71.224256588 0.0
21 2 65.608485116 0.0
21 3 65.881495364 0.0
21 4 65.702088626 0.0
21 5 61.492292474 0.0
21 6 60.356361092 0.0
21 7 58.551856682 0.0
22 0 65.269117436 0.0
22 1 69.21342896 0.0
22 2 64.31418579199999 0.0
22 3 64.720515128 0.0
22 4 62.823341066 0.0
22 5 60.047645270000004 0.0
22 6 59.593250732 0.0
22 7 57.261622316 0.0
23 0 64.24376342 0.0
23 1 67.00874756 0.0
23 2 62.659150394 0.0
23 3 63.665662838 0.0
23 4 61.0565747 0.0
23 5 58.677430424 0.0
23 6 59.023664546 0.0
23 7 56.22313964 0.0
