time period scenario temperature renewable energy
0 0 67.28016479 0.0
0 1 67.28016479 0.0
0 2 67.28016479 0.0
0 3 67.28016479 0.0
0 4 67.28016479 0.0
0 5 67.28016479 0.0
0 6 67.28016479 0.0
0 7 67.28016479 0.0
1 0 66.216138908 0.0
1 1 66.216138908 0.0
1 2 66.216138908 0.0
1 3 66.216138908 0.0
1 4 66.216138908 0.0
1 5 66.216138908 0.0
1 6 66.216138908 0.0
1 7 66.216138908 0.0
2 0 65.217921134 0.0
2 1 65.217921134 0.0
2 2 65.217921134 0.0
2 3 65.217921134 0.0
2 4 65.217921134 0.0
2 5 65.217921134 0.0
2 6 65.217921134 0.0
2 7 65.217921134 0.0
3 0 64.35999878000001 0.0
3 1 64.35999878000001 0.0
3 2 64.35999878000001 0.0
3 3 64.35999878000001 0.0
3 4 64.35999878000001 0.0
3 5 64.35999878000001 0.0
3 6 64.35999878000001 0.0
3 7 64.35999878000001 0.0
4 0 64.27666747399999 0.0
4 1 64.27666747399999 0.0
4 2 64.27666747399999 0.0
4 3 64.27666747399999 0.0
4 4 64.27666747399999 0.0
4 5 64.27666747399999 0.0
4 6 64.27666747399999 0.0
4 7 64.27666747399999 0.0
5 0 65.763062744 0.048
5 1 65.763062744 0.048
5 2 65.763062744 0.048
5 3 65.763062744 0.048
5 4 65.763062744 0.048
5 5 65.763062744 0.048
5 6 65.763062744 0.048
5 7 65.763062744 0.048
6 0 68.96673095 0.2205
6 1 68.96673095 0.2205
6 2 68.96673095 0.2205
6 3 68.96673095 0.2205
6 4 68.101173104 0.222
6 5 68.101173104 0.222
6 6 68.101173104 0.222
6 7 68.101173104 0.222
7 0 73.637843018 0.438
7 1 73.637843018 0.438
7 2 73.637843018 0.438
7 3 73.637843018 0.438
7 4 70.865827628 0.435
7 5 70.865827628 0.435
7 6 70.865827628 0.435
7 7 70.865827628 0.435
8 0 77.38181884400001 0.6689999999999999
8 1 77.38181884400001 0.6689999999999999
8 2 77.38181884400001 0.6689999999999999
8 3 77.38181884400001 0.6689999999999999
8 4 73.31012085200001 0.66
8 5 73.31012085200001 0.66
8 6 73.31012085200001 0.66
8 7 73.31012085200001 0.66
9 0 79.170393074 0.8835
9 1 79.170393074 0.8835
9 2 79.170393074 0.8835
9 3 79.170393074 0.8835
9 4 74.937141122 0.87
9 5 74.937141122 0.87
9 6 74.937141122 0.87
9 7 74.937141122 0.87
10 0 80.31566283800001 1.0665
10 1 80.31566283800001 1.0665
10 2 80.31566283800001 1.0665
10 3 80.31566283800001 1.0665
10 4 75.64740722600001 0.8835
10 5 75.64740722600001 0.8835
10 6 75.64740722600001 0.8835
10 7 75.64740722600001 0.8835
11 0 81.002253416 1.197
11 1 81.002253416 1.197
11 2 81.002253416 1.197
11 3 81.002253416 1.197
11 4 75.89608276999999 0.7964999999999999
11 5 75.89608276999999 0.7964999999999999
11 6 75.89608276999999 0.7964999999999999
11 7 75.89608276999999 0.7964999999999999
12 0 81.27548339 1.266
12 1 81.27548339 1.266
12 2 80.93391845 1.257
12 3 80.93391845 1.257
12 4 76.042640372 1.242
12 5 76.042640372 1.242
12 6 75.335175788 0.5655
12 7 75.335175788 0.5655
13 0 81.346455086 0.2175
13 1 81.346455086 0.2175
13 2 82.29951905 1.263
13 3 82.29951905 1.263
13 4 76.083564452 0.078
13 5 76.083564452 0.078
13 6 74.787617192 1.272
13 7 74.787617192 1.272
14 0 81.115412594 0.39
14 1 81.115412594 0.39
14 2 83.01297119 0.867
14 3 83.01297119 0.867
14 4 75.81813475999999 0.501
14 5 75.81813475999999 0.501
14 6 73.646687012 1.2
14 7 73.646687012 1.2
15 0 80.304621584 1.0305
15 1 80.304621584 1.0305
15 2 82.586207282 0.9239999999999999
15 3 82.586207282 0.9239999999999999
15 4 75.342921134 0.7889999999999999
15 5 75.342921134 0.7889999999999999
15 6 72.363868412 0.9285
15 7 72.363868412 0.9285
16 0 79.320686036 0.7905
16 1 79.320686036 0.7905
16 2 81.228461918 0.888
16 3 81.228461918 0.888
16 4 74.62359131 0.8745
16 5 74.62359131 0.8745
16 6 71.123017586 0.7395
16 7 71.123017586 0.7395
17 0 78.350098874 0.312
17 1 78.350098874 0.312
17 2 79.231586918 0.6675
17 3 79.231586918 0.6675
17 4 73.5768689 0.5865
17 5 73.5768689 0.5865
17 6 69.63656738 0.672
17 7 69.63656738 0.672
18 0 76.924567868 0.363
18 1 76.48280762 0.4305
18 2 76.48280762 0.4305
18 3 77.552326652 0.4425
18 4 72.34156616 0.408
18 5 71.85959594600001 0.444
18 6 67.69061402 0.441
18 7 67.896772466 0.38699999999999996
19 0 74.91148804400001 0.012
19 1 73.189875488 0.2055
19 2 73.189875488 0.2055
19 3 75.033491216 0.17849999999999996
19 4 70.885438232 0.21
19 5 68.713825676 0.219
19 6 65.111848142 0.219
19 7 65.109046622 0.2205
20 0 73.002943112 0.003
20 1 71.021778566 0.0345
20 2 71.021778566 0.0345
20 3 72.733063964 0.0525
20 4 69.563398442 0.051
20 5 66.505024418 0.0435
20 6 62.506440428000005 0.045
20 7 62.08484009 0.0705
21 0 71.224256588 0.0
21 1 70.106068112 0.0
21 2 70.106068112 0.0
21 3 70.97843750000001 0.0
21 4 68.67103393400001 0.0
21 5 65.608485116 0.0
21 6 60.689741216 0.0
21 7 59.81264771 0.0
22 0 69.21342896 0.0
22 1 68.955744632 0.0
22 2 68.955744632 0.0
22 3 69.537745364 0.0
22 4 67.89655274 0.0
22 5 64.31418579199999 0.0
22 6 59.427906494 0.0
22 7 58.241273198 0.0
23 0 67.00874756 0.0
23 1 67.439466554 0.0
23 2 67.439466554 0.0
23 3 68.362318112 0.0
23 4 67.039509272 0.0
23 5 62.659150394 0.0
23 6 58.363056644 0.0
23 7 56.695661618 0.0
