time period scenario temperature renewable energy
0 0 55.29594848 0.0
0 1 55.29594848 0.0
0 2 55.29594848 0.0
0 3 55.29594848 0.0
0 4 55.29594848 0.0
0 5 55.29594848 0.0
0 6 55.29594848 0.0
0 7 55.29594848 0.0
1 0 55.279084478 0.0
1 1 55.279084478 0.0
1 2 55.279084478 0.0
1 3 55.279084478 0.0
1 4 55.279084478 0.0
1 5 55.279084478 0.0
1 6 55.279084478 0.0
1 7 55.279084478 0.0
2 0 55.098963626 0.0
2 1 55.098963626 0.0
2 2 55.098963626 0.0
2 3 55.098963626 0.0
2 4 55.098963626 0.0
2 5 55.098963626 0.0
2 6 55.098963626 0.0
2 7 55.098963626 0.0
3 0 54.83798339 0.0
3 1 54.83798339 0.0
3 2 54.83798339 0.0
3 3 54.83798339 0.0
3 4 54.83798339 0.0
3 5 54.83798339 0.0
3 6 54.83798339 0.0
3 7 54.83798339 0.0
4 0 54.582441404 0.0
4 1 54.582441404 0.0
4 2 54.582441404 0.0
4 3 54.582441404 0.0
4 4 54.582441404 0.0
4 5 54.582441404 0.0
4 6 54.582441404 0.0
4 7 54.582441404 0.0
5 0 54.866602778 0.0195
5 1 54.866602778 0.0195
5 2 54.866602778 0.0195
5 3 54.866602778 0.0195
5 4 54.866602778 0.0195
5 5 54.866602778 0.0195
5 6 54.866602778 0.0195
5 7 54.866602778 0.0195
6 0 56.266041254 0.18
6 1 56.266041254 0.18
6 2 56.266041254 0.18
6 3 56.266041254 0.18
6 4 57.555506588 0.17099999999999999
6 5 57.555506588 0.17099999999999999
6 6 57.555506588 0.17099999999999999
6 7 57.555506588 0.17099999999999999
7 0 58.978455818 0.405
7 1 58.978455818 0.405
7 2 58.978455818 0.405
7 3 58.978455818 0.405
7 4 61.089973142 0.393
7 5 61.089973142 0.393
7 6 61.089973142 0.393
7 7 61.089973142 0.393
8 0 62.533356925999996 0.606
8 1 62.533356925999996 0.606
8 2 62.533356925999996 0.606
8 3 62.533356925999996 0.606
8 4 65.026978754 0.6285
8 5 65.026978754 0.6285
8 6 65.026978754 0.6285
8 7 65.026978754 0.6285
9 0 65.829090578 0.8625
9 1 65.829090578 0.8625
9 2 65.829090578 0.8625
9 3 65.829090578 0.8625
9 4 68.694709478 0.8489999999999999
9 5 68.694709478 0.8489999999999999
9 6 68.694709478 0.8489999999999999
9 7 68.694709478 0.8489999999999999
10 0 68.42829101000001 1.0455
10 1 68.42829101000001 1.0455
10 2 68.42829101000001 1.0455
10 3 68.42829101000001 1.0455
10 4 71.49792603200001 1.032
10 5 71.49792603200001 1.032
10 6 71.49792603200001 1.032
10 7 71.49792603200001 1.032
11 0 70.70399902400001 1.173
11 1 70.70399902400001 1.173
11 2 70.70399902400001 1.173
11 3 70.70399902400001 1.173
11 4 73.342310792 1.164
11 5 73.342310792 1.164
11 6 73.342310792 1.164
11 7 73.342310792 1.164
12 0 72.553107902 1.239
12 1 72.553107902 1.239
12 2 72.323328866 0.828
12 3 72.323328866 0.828
12 4 74.538557132 1.2315
12 5 74.538557132 1.2315
12 6 72.67884643400001 1.002
12 7 72.67884643400001 1.002
13 0 73.527210698 1.236
13 1 73.527210698 1.236
13 2 73.313691404 0.855
13 3 73.313691404 0.855
13 4 75.191694332 1.23
13 5 75.191694332 1.23
13 6 72.837434084 0.8264999999999999
13 7 72.837434084 0.8264999999999999
14 0 73.753089602 0.1455
14 1 73.753089602 0.1455
14 2 73.43525512400001 0.867
14 3 73.43525512400001 0.867
14 4 75.311390372 1.1595
14 5 75.311390372 1.1595
14 6 72.67884643400001 0.1545
14 7 72.67884643400001 0.1545
15 0 73.613398442 0.1275
15 1 73.613398442 0.1275
15 2 72.987727046 0.6225
15 3 72.987727046 0.6225
15 4 74.875068356 1.026
15 5 74.875068356 1.026
15 6 71.74770018800001 0.4605
15 7 71.74770018800001 0.4605
16 0 73.246180424 0.7935
16 1 73.246180424 0.7935
16 2 72.501142586 0.6885
16 3 72.501142586 0.6885
16 4 73.952875976 0.8414999999999999
16 5 73.952875976 0.8414999999999999
16 6 70.162592774 0.5295
16 7 70.162592774 0.5295
17 0 72.451044914 0.633
17 1 72.451044914 0.633
17 2 72.07657592000001 0.6105
17 3 72.07657592000001 0.6105
17 4 72.54942749599999 0.6225
17 5 72.54942749599999 0.6225
17 6 68.17110107 0.504
17 7 68.17110107 0.504
18 0 70.618800056 0.3555
18 1 70.428681644 0.363
18 2 71.472602534 0.441
18 3 70.618800056 0.3555
18 4 70.428681644 0.363
18 5 70.618800056 0.3555
18 6 65.989930424 0.48
18 7 67.69061402 0.441
19 0 67.870844726 0.0705
19 1 67.77932862200001 0.17099999999999999
19 2 70.297944332 0.225
19 3 67.870844726 0.0705
19 4 67.77932862200001 0.17099999999999999
19 5 67.870844726 0.0705
19 6 63.441376952 0.213
19 7 65.111848142 0.219
20 0 65.774158934 0.0075
20 1 65.908796378 0.0165
20 2 69.15382813400001 0.05399999999999999
20 3 65.774158934 0.0075
20 4 65.908796378 0.0165
20 5 65.774158934 0.0075
20 6 60.646564940000005 0.06
20 7 62.506440428000005 0.045
21 0 64.642292474 0.0
21 1 64.895856926 0.0
21 2 68.448560792 0.0
21 3 64.642292474 0.0
21 4 64.895856926 0.0
21 5 64.642292474 0.0
21 6 58.551856682 0.0
21 7 60.689741216 0.0
22 0 63.45296753 0.0
22 1 63.792719726 0.0
22 2 67.70819213600001 0.0
22 3 63.45296753 0.0
22 4 63.792719726 0.0
22 5 63.45296753 0.0
22 6 57.261622316 0.0
22 7 59.427906494 0.0
23 0 62.048640128 0.0
23 1 62.58773926400001 0.0
23 2 66.87125366000001 0.0
23 3 62.048640128 0.0
23 4 62.58773926400001 0.0
23 5 62.048640128 0.0
23 6 56.22313964 0.0
23 7 58.363056644 0.0
