time period scenario temperature renewable energy
0 0 60.698859872 0.0
0 1 60.698859872 0.0
0 2 60.698859872 0.0
0 3 60.698859872 0.0
0 4 60.698859872 0.0
0 5 60.698859872 0.0
0 6 60.698859872 0.0
0 7 60.698859872 0.0
1 0 59.419007564 0.0
1 1 59.419007564 0.0
1 2 59.419007564 0.0
1 3 59.419007564 0.0
1 4 59.419007564 0.0
1 5 59.419007564 0.0
1 6 59.419007564 0.0
1 7 59.419007564 0.0
2 0 58.02204101 0.0
2 1 58.02204101 0.0
2 2 58.02204101 0.0
2 3 58.02204101 0.0
2 4 58.02204101 0.0
2 5 58.02204101 0.0
2 6 58.02204101 0.0
2 7 58.02204101 0.0
3 0 56.56140869 0.0
3 1 56.56140869 0.0
3 2 56.56140869 0.0
3 3 56.56140869 0.0
3 4 56.56140869 0.0
3 5 56.56140869 0.0
3 6 56.56140869 0.0
3 7 56.56140869 0.0
4 0 55.464313964 0.0
4 1 55.464313964 0.0
4 2 55.464313964 0.0
4 3 55.464313964 0.0
4 4 55.464313964 0.0
4 5 55.464313964 0.0
4 6 55.464313964 0.0
4 7 55.464313964 0.0
5 0 55.838013908 0.0165
5 1 55.838013908 0.0165
5 2 55.838013908 0.0165
5 3 55.838013908 0.0165
5 4 55.838013908 0.0165
5 5 55.838013908 0.0165
5 6 55.838013908 0.0165
5 7 55.838013908 0.0165
6 0 58.2737378 0.174
6 1 58.2737378 0.174
6 2 58.2737378 0.174
6 3 58.2737378 0.174
6 4 57.841041254000004 0.267
6 5 57.841041254000004 0.267
6 6 57.841041254000004 0.267
6 7 57.841041254000004 0.267
7 0 61.988489996 0.39449999999999996
7 1 61.988489996 0.39449999999999996
7 2 61.988489996 0.39449999999999996
7 3 61.988489996 0.39449999999999996
7 4 62.139332282000005 0.498
7 5 62.139332282000005 0.498
7 6 62.139332282000005 0.498
7 7 62.139332282000005 0.498
8 0 65.71867798400001 0.6315
8 1 65.71867798400001 0.6315
8 2 65.71867798400001 0.6315
8 3 65.71867798400001 0.6315
8 4 65.746583258 0.735
8 5 65.746583258 0.735
8 6 65.746583258 0.735
8 7 65.746583258 0.735
9 0 68.49530762 0.8535
9 1 68.49530762 0.8535
9 2 68.49530762 0.8535
9 3 68.49530762 0.8535
9 4 68.976234122 0.957
9 5 68.976234122 0.957
9 6 68.976234122 0.957
9 7 68.976234122 0.957
10 0 70.225599362 1.041
10 1 70.225599362 1.041
10 2 70.225599362 1.041
10 3 70.225599362 1.041
10 4 71.864979242 1.14
10 5 71.864979242 1.14
10 6 71.864979242 1.14
10 7 71.864979242 1.14
11 0 71.34823731200001 1.1745
11 1 71.34823731200001 1.1745
11 2 71.34823731200001 1.1745
11 3 71.34823731200001 1.1745
11 4 74.2971875 1.272
11 5 74.2971875 1.272
11 6 74.2971875 1.272
11 7 74.2971875 1.272
12 0 72.143647466 1.068
12 1 72.143647466 1.068
12 2 72.553107902 1.239
12 3 72.553107902 1.239
12 4 76.18875854 1.341
12 5 76.18875854 1.341
12 6 76.480555424 1.3335
12 7 76.480555424 1.3335
13 0 72.705433352 0.81
13 1 72.705433352 0.81
13 2 73.527210698 1.236
13 3 73.527210698 1.236
13 4 77.44070557399999 1.341
13 5 77.44070557399999 1.341
13 6 77.91954467 1.3335
13 7 77.91954467 1.3335
14 0 72.99294555200001 0.711
14 1 72.99294555200001 0.711
14 2 73.753089602 0.1455
14 3 73.753089602 0.1455
14 4 77.87922485 1.272
14 5 77.87922485 1.272
14 6 78.661121828 1.062
14 7 78.661121828 1.062
15 0 72.870338138 1.0455
15 1 72.870338138 1.0455
15 2 73.613398442 0.1275
15 3 73.613398442 0.1275
15 4 77.442792962 1.14
15 5 77.442792962 1.14
15 6 78.680897222 1.131
15 7 78.680897222 1.131
16 0 72.26944091600001 0.861
16 1 72.26944091600001 0.861
16 2 73.246180424 0.7935
16 3 73.246180424 0.7935
16 4 76.261488044 0.9539999999999998
16 5 76.261488044 0.9539999999999998
16 6 77.971125488 0.9464999999999999
16 7 77.971125488 0.9464999999999999
17 0 71.07182128400001 0.639
17 1 71.07182128400001 0.639
17 2 72.451044914 0.633
17 3 72.451044914 0.633
17 4 74.417158202 0.7305
17 5 74.417158202 0.7305
17 6 76.54109009 0.7245
17 7 76.54109009 0.7245
18 0 68.913172616 0.4035
18 1 69.523627928 0.48
18 2 70.618800056 0.3555
18 3 70.428681644 0.363
18 4 71.90843018000001 0.49199999999999994
18 5 73.09385497400001 0.2925
18 6 74.186665034 0.486
18 7 76.924567868 0.363
19 0 65.84820679399999 0.18
19 1 67.320374756 0.2565
19 2 67.870844726 0.0705
19 3 67.77932862200001 0.17099999999999999
19 4 68.583802496 0.261
19 5 71.638166498 0.213
19 6 70.7034497 0.2565
19 7 74.91148804400001 0.012
20 0 63.201820064 0.0195
20 1 65.756745608 0.072
20 2 65.774158934 0.0075
20 3 65.908796378 0.0165
20 4 65.693244632 0.0735
20 5 70.22807128400001 0.0525
20 6 67.732307132 0.069
20 7 73.002943112 0.003
21 0 61.492292474 0.0
21 1 64.954084478 0.0
21 2 64.642292474 0.0
21 3 64.895856926 0.0
21 4 63.750037838 0.0
21 5 69.103620608 0.0
21 6 66.2753003 0.0
21 7 71.224256588 0.0
22 0 60.047645270000004 0.0
22 1 64.00426146800001 0.0
22 2 63.45296753 0.0
22 3 63.792719726 0.0
22 4 61.91977051400001 0.0
22 5 68.189503172 0.0
22 6 65.269117436 0.0
22 7 69.21342896 0.0
23 0 58.677430424 0.0
23 1 63.104591066 0.0
23 2 62.048640128 0.0
23 3 62.58773926400001 0.0
23 4 60.426398930000005 0.0
23 5 67.42809570200001 0.0
23 6 64.24376342 0.0
23 7 67.00874756 0.0
