time period scenario temperature renewable energy
0 0 58.547791742 0.0
0 1 58.547791742 0.0
0 2 58.547791742 0.0
0 3 58.547791742 0.0
0 4 58.547791742 0.0
0 5 58.547791742 0.0
0 6 58.547791742 0.0
0 7 58.547791742 0.0
1 0 58.029676519999995 0.0
1 1 58.029676519999995 0.0
1 2 58.029676519999995 0.0
1 3 58.029676519999995 0.0
1 4 58.029676519999995 0.0
1 5 58.029676519999995 0.0
1 6 58.029676519999995 0.0
1 7 58.029676519999995 0.0
2 0 57.557539058 0.0
2 1 57.557539058 0.0
2 2 57.557539058 0.0
2 3 57.557539058 0.0
2 4 57.557539058 0.0
2 5 57.557539058 0.0
2 6 57.557539058 0.0
2 7 57.557539058 0.0
3 0 57.279749756 0.0
3 1 57.279749756 0.0
3 2 57.279749756 0.0
3 3 57.279749756 0.0
3 4 57.279749756 0.0
3 5 57.279749756 0.0
3 6 57.279749756 0.0
3 7 57.279749756 0.0
4 0 57.258875732 0.0
4 1 57.258875732 0.0
4 2 57.258875732 0.0
4 3 57.258875732 0.0
4 4 57.258875732 0.0
4 5 57.258875732 0.0
4 6 57.258875732 0.0
4 7 57.258875732 0.0
5 0 57.65141723 0.0015
5 1 57.65141723 0.0015
5 2 57.65141723 0.0015
5 3 57.65141723 0.0015
5 4 57.65141723 0.0015
5 5 57.65141723 0.0015
5 6 57.65141723 0.0015
5 7 57.65141723 0.0015
6 0 58.565589602 0.006
6 1 58.565589602 0.006
6 2 58.565589602 0.006
6 3 58.565589602 0.006
6 4 61.116779786 0.0795
6 5 61.116779786 0.0795
6 6 61.116779786 0.0795
6 7 61.116779786 0.0795
7 0 59.80468262 0.013499999999999998
7 1 59.80468262 0.013499999999999998
7 2 59.80468262 0.013499999999999998
7 3 59.80468262 0.013499999999999998
7 4 66.49101685400001 0.483
7 5 66.49101685400001 0.483
7 6 66.49101685400001 0.483
7 7 66.49101685400001 0.483
8 0 61.107441404 0.075
8 1 61.107441404 0.075
8 2 61.107441404 0.075
8 3 61.107441404 0.075
8 4 71.27710082600001 0.6405
8 5 71.27710082600001 0.6405
8 6 71.27710082600001 0.6405
8 7 71.27710082600001 0.6405
9 0 62.28874634 0.06
9 1 62.28874634 0.06
9 2 62.28874634 0.06
9 3 62.28874634 0.06
9 4 74.994984122 0.9345
9 5 74.994984122 0.9345
9 6 74.994984122 0.9345
9 7 74.994984122 0.9345
10 0 63.284821772 0.0765
10 1 63.284821772 0.0765
10 2 63.284821772 0.0765
10 3 63.284821772 0.0765
10 4 77.71322143399999 1.1145
10 5 77.71322143399999 1.1145
10 6 77.71322143399999 1.1145
10 7 77.71322143399999 1.1145
11 0 64.113465578 0.0735
11 1 64.113465578 0.0735
11 2 64.113465578 0.0735
11 3 64.113465578 0.0735
11 4 79.265699456 1.245
11 5 79.265699456 1.245
11 6 79.265699456 1.245
11 7 79.265699456 1.245
12 0 64.381696772 0.0795
12 1 64.381696772 0.0795
12 2 70.667304692 1.1685
12 3 70.667304692 1.1685
12 4 80.06803100600001 1.314
12 5 80.06803100600001 1.314
12 6 79.92350585599999 1.191
12 7 79.92350585599999 1.191
13 0 64.088966066 0.0705
13 1 64.088966066 0.0705
13 2 72.285810548 0.8325
13 3 72.285810548 0.8325
13 4 80.27951783 0.8955
13 5 80.27951783 0.8955
13 6 80.713093262 0.645
13 7 80.713093262 0.645
14 0 63.441102289999996 0.32699999999999996
14 1 63.441102289999996 0.32699999999999996
14 2 73.321766366 1.2285
14 3 73.321766366 1.2285
14 4 79.03147094600001 1.0905
14 5 79.03147094600001 1.0905
14 6 81.374635004 1.1955
14 7 81.374635004 1.1955
15 0 62.13889283 0.33449999999999996
15 1 62.13889283 0.33449999999999996
15 2 73.383344726 1.0965
15 3 73.383344726 1.0965
15 4 76.462482902 0.7514999999999998
15 5 76.462482902 0.7514999999999998
15 6 81.484663082 1.0695
15 7 81.484663082 1.0695
16 0 60.463697503999995 0.3075
16 1 60.463697503999995 0.3075
16 2 72.508887932 0.912
16 3 72.508887932 0.912
16 4 73.444044182 0.801
16 5 73.444044182 0.801
16 6 80.806037594 0.891
16 7 80.806037594 0.891
17 0 58.676826164000005 0.1845
17 1 58.676826164000005 0.1845
17 2 71.34290893400001 0.6914999999999999
17 3 71.34290893400001 0.6914999999999999
17 4 70.49564331799999 0.336
17 5 70.49564331799999 0.336
17 6 79.495093994 0.672
17 7 79.495093994 0.672
18 0 56.862763664 0.006
18 1 63.9393872 0.06
18 2 69.970057376 0.45449999999999996
18 3 68.913172616 0.4035
18 4 67.896772466 0.38699999999999996
18 5 69.523627928 0.48
18 6 77.552326652 0.4425
18 7 76.48280762 0.4305
19 0 55.391914058 0.039
19 1 62.495948479999996 0.1515
19 2 69.368555912 0.066
19 3 65.84820679399999 0.18
19 4 65.109046622 0.2205
19 5 67.320374756 0.2565
19 6 75.033491216 0.17849999999999996
19 7 73.189875488 0.2055
20 0 54.649293205999996 0.0045
20 1 61.28025634400001 0.0195
20 2 68.531013176 0.013499999999999998
20 3 63.201820064 0.0195
20 4 62.08484009 0.0705
20 5 65.756745608 0.072
20 6 72.733063964 0.0525
20 7 71.021778566 0.0345
21 0 54.615070796 0.0
21 1 60.356361092 0.0
21 2 65.702088626 0.0
21 3 61.492292474 0.0
21 4 59.81264771 0.0
21 5 64.954084478 0.0
21 6 70.97843750000001 0.0
21 7 70.106068112 0.0
22 0 54.845234384 0.0
22 1 59.593250732 0.0
22 2 62.823341066 0.0
22 3 60.047645270000004 0.0
22 4 58.241273198 0.0
22 5 64.00426146800001 0.0
22 6 69.537745364 0.0
22 7 68.955744632 0.0
23 0 55.110334478 0.0
23 1 59.023664546 0.0
23 2 61.0565747 0.0
23 3 58.677430424 0.0
23 4 56.695661618 0.0
23 5 63.104591066 0.0
23 6 68.362318112 0.0
23 7 67.439466554 0.0
