time period scenario temperature renewable energy
0 0 73.78187378000001 0.0
0 1 73.78187378000001 0.0
0 2 73.78187378000001 0.0
0 3 73.78187378000001 0.0
0 4 73.78187378000001 0.0
0 5 73.78187378000001 0.0
0 6 73.78187378000001 0.0
0 7 73.78187378000001 0.0
1 0 72.76239746600001 0.0
1 1 72.76239746600001 0.0
1 2 72.76239746600001 0.0
1 3 72.76239746600001 0.0
1 4 72.76239746600001 0.0
1 5 72.76239746600001 0.0
1 6 72.76239746600001 0.0
1 7 72.76239746600001 0.0
2 0 71.87453735 0.0
2 1 71.87453735 0.0
2 2 71.87453735 0.0
2 3 71.87453735 0.0
2 4 71.87453735 0.0
2 5 71.87453735 0.0
2 6 71.87453735 0.0
2 7 71.87453735 0.0
3 0 71.05111206800001 0.0
3 1 71.05111206800001 0.0
3 2 71.05111206800001 0.0
3 3 71.05111206800001 0.0
3 4 71.05111206800001 0.0
3 5 71.05111206800001 0.0
3 6 71.05111206800001 0.0
3 7 71.05111206800001 0.0
4 0 70.571284178 0.0
4 1 70.571284178 0.0
4 2 70.571284178 0.0
4 3 70.571284178 0.0
4 4 70.571284178 0.0
4 5 70.571284178 0.0
4 6 70.571284178 0.0
4 7 70.571284178 0.0
5 0 70.927570796 0.05399999999999999
5 1 70.927570796 0.05399999999999999
5 2 70.927570796 0.05399999999999999
5 3 70.927570796 0.05399999999999999
5 4 70.927570796 0.05399999999999999
5 5 70.927570796 0.05399999999999999
5 6 70.927570796 0.05399999999999999
5 7 70.927570796 0.05399999999999999
6 0 72.376667474 0.17849999999999996
6 1 72.376667474 0.17849999999999996
6 2 72.376667474 0.17849999999999996
6 3 72.376667474 0.17849999999999996
6 4 73.66085938399999 0.234
6 5 73.66085938399999 0.234
6 6 73.66085938399999 0.234
6 7 73.66085938399999 0.234
7 0 75.31342286 0.189
7 1 75.31342286 0.189
7 2 75.31342286 0.189
7 3 75.31342286 0.189
7 4 79.05234497000001 0.453
7 5 79.05234497000001 0.453
7 6 79.05234497000001 0.453
7 7 79.05234497000001 0.453
8 0 78.48380249600001 0.0165
8 1 78.48380249600001 0.0165
8 2 78.48380249600001 0.0165
8 3 78.48380249600001 0.0165
8 4 84.347150882 0.681
8 5 84.347150882 0.681
8 6 84.347150882 0.681
8 7 84.347150882 0.681
9 0 79.25894286799999 0.43199999999999994
9 1 79.25894286799999 0.43199999999999994
9 2 79.25894286799999 0.43199999999999994
9 3 79.25894286799999 0.43199999999999994
9 4 88.142158202 0.8939999999999999
9 5 88.142158202 0.8939999999999999
9 6 88.142158202 0.8939999999999999
9 7 88.142158202 0.8939999999999999
10 0 76.74439209799999 0.2835
10 1 76.74439209799999 0.2835
10 2 76.74439209799999 0.2835
10 3 76.74439209799999 0.2835
10 4 90.1206311 1.0725
10 5 90.1206311 1.0725
10 6 90.1206311 1.0725
10 7 90.1206311 1.0725
11 0 72.64907348 0.525
11 1 72.64907348 0.525
11 2 72.64907348 0.525
11 3 72.64907348 0.525
11 4 90.63226439600001 1.2015
11 5 90.63226439600001 1.2015
11 6 90.63226439600001 1.2015
11 7 90.63226439600001 1.2015
12 0 69.731818844 0.6645
12 1 69.731818844 0.6645
12 2 72.67884643400001 1.002
12 3 72.67884643400001 1.002
12 4 90.40078247 1.269
12 5 90.40078247 1.269
12 6 91.75836304399999 1.206
12 7 91.75836304399999 1.206
13 0 68.417359628 1.0995
13 1 68.417359628 1.0995
13 2 72.837434084 0.8264999999999999
13 3 72.837434084 0.8264999999999999
13 4 89.805103754 1.2705
13 5 89.805103754 1.2705
13 6 92.632545158 1.1535
13 7 92.632545158 1.1535
14 0 68.749805912 0.192
14 1 68.749805912 0.192
14 2 72.67884643400001 0.1545
14 3 72.67884643400001 0.1545
14 4 89.04781616 1.203
14 5 89.04781616 1.203
14 6 92.752076408 1.1085
14 7 92.752076408 1.1085
15 0 70.40039185399999 1.0905
15 1 70.40039185399999 1.0905
15 2 71.74770018800001 0.4605
15 3 71.74770018800001 0.4605
15 4 87.81701783 0.9764999999999999
15 5 87.81701783 0.9764999999999999
15 6 91.932276614 0.9255
15 7 91.932276614 0.9255
16 0 71.35603759400001 0.921
16 1 71.35603759400001 0.921
16 2 70.162592774 0.5295
16 3 70.162592774 0.5295
16 4 86.11633423399999 0.6914999999999999
16 5 86.11633423399999 0.6914999999999999
16 6 90.474940184 0.8385
16 7 90.474940184 0.8385
17 0 70.94421509 0.711
17 1 70.94421509 0.711
17 2 68.17110107 0.504
17 3 68.17110107 0.504
17 4 84.19900024399999 0.6614999999999999
17 5 84.19900024399999 0.6614999999999999
17 6 88.51695679400001 0.711
17 7 88.51695679400001 0.711
18 0 69.523627928 0.48
18 1 68.913172616 0.4035
18 2 65.989930424 0.48
18 3 67.69061402 0.441
18 4 81.98811158000001 0.2805
18 5 81.716639396 0.486
18 6 85.91451537200001 0.4365
18 7 85.956428228 0.46199999999999997
19 0 67.320374756 0.2565
19 1 65.84820679399999 0.18
19 2 63.441376952 0.213
19 3 65.111848142 0.219
19 4 79.45889405 0.0285
19 5 78.14075439199999 0.2595
19 6 82.172846678 0.252
19 7 81.563874512 0.2415
20 0 65.756745608 0.072
20 1 63.201820064 0.0195
20 2 60.646564940000005 0.06
20 3 62.506440428000005 0.045
20 4 77.01207396800001 0.006
20 5 74.8175 0.075
20 6 78.70435302199999 0.072
20 7 76.99696777400001 0.0645
21 0 64.954084478 0.0
21 1 61.492292474 0.0
21 2 58.551856682 0.0
21 3 60.689741216 0.0
21 4 75.119953622 0.0
21 5 73.350660398 0.0
21 6 76.970545646 0.0
21 7 74.14343384 0.0
22 0 64.00426146800001 0.0
22 1 60.047645270000004 0.0
22 2 57.261622316 0.0
22 3 59.427906494 0.0
22 4 73.606367192 0.0
22 5 72.161005856 0.0
22 6 75.92717408 0.0
22 7 72.457142342 0.0
23 0 63.104591066 0.0
23 1 58.677430424 0.0
23 2 56.22313964 0.0
23 3 58.363056644 0.0
23 4 72.238349606 0.0
23 5 70.688343506 0.0
23 6 74.878474118 0.0
23 7 71.095881344 0.0
