time period scenario temperature renewable energy
0 0 62.713477778 0.0
0 1 62.713477778 0.0
0 2 62.713477778 0.0
0 3 62.713477778 0.0
0 4 62.713477778 0.0
0 5 62.713477778 0.0
0 6 62.713477778 0.0
0 7 62.713477778 0.0
1 0 61.907081305999995 0.0
1 1 61.907081305999995 0.0
1 2 61.907081305999995 0.0
1 3 61.907081305999995 0.0
1 4 61.907081305999995 0.0
1 5 61.907081305999995 0.0
1 6 61.907081305999995 0.0
1 7 61.907081305999995 0.0
2 0 61.141279298 0.0
2 1 61.141279298 0.0
2 2 61.141279298 0.0
2 3 61.141279298 0.0
2 4 61.141279298 0.0
2 5 61.141279298 0.0
2 6 61.141279298 0.0
2 7 61.141279298 0.0
3 0 60.23688476 0.0
3 1 60.23688476 0.0
3 2 60.23688476 0.0
3 3 60.23688476 0.0
3 4 60.23688476 0.0
3 5 60.23688476 0.0
3 6 60.23688476 0.0
3 7 60.23688476 0.0
4 0 59.915040278 0.0
4 1 59.915040278 0.0
4 2 59.915040278 0.0
4 3 59.915040278 0.0
4 4 59.915040278 0.0
4 5 59.915040278 0.0
4 6 59.915040278 0.0
4 7 59.915040278 0.0
5 0 61.284925544000004 0.0225
5 1 61.284925544000004 0.0225
5 2 61.284925544000004 0.0225
5 3 61.284925544000004 0.0225
5 4 61.284925544000004 0.0225
5 5 61.284925544000004 0.0225
5 6 61.284925544000004 0.0225
5 7 61.284925544000004 0.0225
6 0 64.167738044 0.15
6 1 64.167738044 0.15
6 2 64.167738044 0.15
6 3 64.167738044 0.15
6 4 61.56397826600001 0.0225
6 5 61.56397826600001 0.0225
6 6 61.56397826600001 0.0225
6 7 61.56397826600001 0.0225
7 0 68.757441404 0.4125
7 1 68.757441404 0.4125
7 2 68.757441404 0.4125
7 3 68.757441404 0.4125
7 4 62.209644782000005 0.174
7 5 62.209644782000005 0.174
7 6 62.209644782000005 0.174
7 7 62.209644782000005 0.174
8 0 73.97704589 0.6435
8 1 73.97704589 0.6435
8 2 73.97704589 0.6435
8 3 73.97704589 0.6435
8 4 63.687690428 0.1455
8 5 63.687690428 0.1455
8 6 63.687690428 0.1455
8 7 63.687690428 0.1455
9 0 77.265253904 0.3915
9 1 77.265253904 0.3915
9 2 77.265253904 0.3915
9 3 77.265253904 0.3915
9 4 65.925715334 0.411
9 5 65.925715334 0.411
9 6 65.925715334 0.411
9 7 65.925715334 0.411
10 0 78.67342651999999 1.0485
10 1 78.67342651999999 1.0485
10 2 78.67342651999999 1.0485
10 3 78.67342651999999 1.0485
10 4 68.340290522 0.4425
10 5 68.340290522 0.4425
10 6 68.340290522 0.4425
10 7 68.340290522 0.4425
11 0 79.65686768 1.1835
11 1 79.65686768 1.1835
11 2 79.65686768 1.1835
11 3 79.65686768 1.1835
11 4 70.56842774 0.591
11 5 70.56842774 0.591
11 6 70.56842774 0.591
11 7 70.56842774 0.591
12 0 80.93391845 1.257
12 1 80.93391845 1.257
12 2 79.28393676799999 0.438
12 3 79.28393676799999 0.438
12 4 72.323328866 0.828
12 5 72.323328866 0.828
12 6 72.553107902 1.239
12 7 72.553107902 1.239
13 0 82.29951905 1.263
13 1 82.29951905 1.263
13 2 78.7971875 0.456
13 3 78.7971875 0.456
13 4 73.313691404 0.855
13 5 73.313691404 0.855
13 6 73.527210698 1.236
13 7 73.527210698 1.236
14 0 83.01297119 0.867
14 1 83.01297119 0.867
14 2 78.074396978 0.6614999999999999
14 3 78.074396978 0.6614999999999999
14 4 73.43525512400001 0.867
14 5 73.43525512400001 0.867
14 6 73.753089602 0.1455
14 7 73.753089602 0.1455
15 0 82.586207282 0.9239999999999999
15 1 82.586207282 0.9239999999999999
15 2 77.04827393 0.768
15 3 77.04827393 0.768
15 4 72.987727046 0.6225
15 5 72.987727046 0.6225
15 6 73.613398442 0.1275
15 7 73.613398442 0.1275
16 0 81.228461918 0.888
16 1 81.228461918 0.888
16 2 75.824451896 0.7425
16 3 75.824451896 0.7425
16 4 72.501142586 0.6885
16 5 72.501142586 0.6885
16 6 73.246180424 0.7935
16 7 73.246180424 0.7935
17 0 79.231586918 0.6675
17 1 79.231586918 0.6675
17 2 74.474946284 0.585
17 3 74.474946284 0.585
17 4 72.07657592000001 0.6105
17 5 72.07657592000001 0.6105
17 6 72.451044914 0.633
17 7 72.451044914 0.633
18 0 76.48280762 0.4305
18 1 77.552326652 0.4425
18 2 73.09385497400001 0.2925
18 3 71.90843018000001 0.49199999999999994
18 4 71.472602534 0.441
18 5 70.618800056 0.3555
18 6 70.618800056 0.3555
18 7 70.428681644 0.363
19 0 73.189875488 0.2055
19 1 75.033491216 0.17849999999999996
19 2 71.638166498 0.213
19 3 68.583802496 0.261
19 4 70.297944332 0.225
19 5 67.870844726 0.0705
19 6 67.870844726 0.0705
19 7 67.77932862200001 0.17099999999999999
20 0 71.021778566 0.0345
20 1 72.733063964 0.0525
20 2 70.22807128400001 0.0525
20 3 65.693244632 0.0735
20 4 69.15382813400001 0.05399999999999999
20 5 65.774158934 0.0075
20 6 65.774158934 0.0075
20 7 65.908796378 0.0165
21 0 70.106068112 0.0
21 1 70.97843750000001 0.0
21 2 69.103620608 0.0
21 3 63.750037838 0.0
21 4 68.448560792 0.0
21 5 64.642292474 0.0
21 6 64.642292474 0.0
21 7 64.895856926 0.0
22 0 68.955744632 0.0
22 1 69.537745364 0.0
22 2 68.189503172 0.0
22 3 61.91977051400001 0.0
22 4 67.70819213600001 0.0
22 5 63.45296753 0.0
22 6 63.45296753 0.0
22 7 63.792719726 0.0
23 0 67.439466554 0.0
23 1 68.362318112 0.0
23 2 67.42809570200001 0.0
23 3 60.426398930000005 0.0
23 4 66.87125366000001 0.0
23 5 62.048640128 0.0
23 6 62.048640128 0.0
23 7 62.58773926400001 0.0
