time period scenario temperature renewable energy
0 0 59.288544914 0.0
0 1 59.288544914 0.0
0 2 59.288544914 0.0
0 3 59.288544914 0.0
0 4 59.288544914 0.0
0 5 59.288544914 0.0
0 6 59.288544914 0.0
0 7 59.288544914 0.0
1 0 58.236823724000004 0.0
1 1 58.236823724000004 0.0
1 2 58.236823724000004 0.0
1 3 58.236823724000004 0.0
1 4 58.236823724000004 0.0
1 5 58.236823724000004 0.0
1 6 58.236823724000004 0.0
1 7 58.236823724000004 0.0
2 0 57.136378172 0.0
2 1 57.136378172 0.0
2 2 57.136378172 0.0
2 3 57.136378172 0.0
2 4 57.136378172 0.0
2 5 57.136378172 0.0
2 6 57.136378172 0.0
2 7 57.136378172 0.0
3 0 56.009565428 0.0
3 1 56.009565428 0.0
3 2 56.009565428 0.0
3 3 56.009565428 0.0
3 4 56.009565428 0.0
3 5 56.009565428 0.0
3 6 56.009565428 0.0
3 7 56.009565428 0.0
4 0 55.584339602 0.0
4 1 55.584339602 0.0
4 2 55.584339602 0.0
4 3 55.584339602 0.0
4 4 55.584339602 0.0
4 5 55.584339602 0.0
4 6 55.584339602 0.0
4 7 55.584339602 0.0
5 0 57.086719970000004 0.072
5 1 57.086719970000004 0.072
5 2 57.086719970000004 0.072
5 3 57.086719970000004 0.072
5 4 57.086719970000004 0.072
5 5 57.086719970000004 0.072
5 6 57.086719970000004 0.072
5 7 57.086719970000004 0.072
6 0 61.116779786 0.0795
6 1 61.116779786 0.0795
6 2 61.116779786 0.0795
6 3 61.116779786 0.0795
6 4 57.643562012000004 0.219
6 5 57.643562012000004 0.219
6 6 57.643562012000004 0.219
6 7 57.643562012000004 0.219
7 0 66.49101685400001 0.483
7 1 66.49101685400001 0.483
7 2 66.49101685400001 0.483
7 3 66.49101685400001 0.483
7 4 59.173023686 0.444
7 5 59.173023686 0.444
7 6 59.173023686 0.444
7 7 59.173023686 0.444
8 0 71.27710082600001 0.6405
8 1 71.27710082600001 0.6405
8 2 71.27710082600001 0.6405
8 3 71.27710082600001 0.6405
8 4 61.139796133999994 0.6825
8 5 61.139796133999994 0.6825
8 6 61.139796133999994 0.6825
8 7 61.139796133999994 0.6825
9 0 74.994984122 0.9345
9 1 74.994984122 0.9345
9 2 74.994984122 0.9345
9 3 74.994984122 0.9345
9 4 63.436652834 0.693
9 5 63.436652834 0.693
9 6 63.436652834 0.693
9 7 63.436652834 0.693
10 0 77.71322143399999 1.1145
10 1 77.71322143399999 1.1145
10 2 77.71322143399999 1.1145
10 3 77.71322143399999 1.1145
10 4 66.033491216 0.4605
10 5 66.033491216 0.4605
10 6 66.033491216 0.4605
10 7 66.033491216 0.4605
11 0 79.265699456 1.245
11 1 79.265699456 1.245
11 2 79.265699456 1.245
11 3 79.265699456 1.245
11 4 68.560236824 1.224
11 5 68.560236824 1.224
11 6 68.560236824 1.224
11 7 68.560236824 1.224
12 0 80.06803100600001 1.314
12 1 80.06803100600001 1.314
12 2 79.92350585599999 1.191
12 3 79.92350585599999 1.191
12 4 70.667304692 1.1685
12 5 70.667304692 1.1685
12 6 69.30972411799999 0.3405
12 7 69.30972411799999 0.3405
13 0 80.27951783 0.8955
13 1 80.27951783 0.8955
13 2 80.713093262 0.645
13 3 80.713093262 0.645
13 4 72.285810548 0.8325
13 5 72.285810548 0.8325
13 6 69.21837280400001 0.4215
13 7 69.21837280400001 0.4215
14 0 79.03147094600001 1.0905
14 1 79.03147094600001 1.0905
14 2 81.374635004 1.1955
14 3 81.374635004 1.1955
14 4 73.321766366 1.2285
14 5 73.321766366 1.2285
14 6 68.91811646 0.42
14 7 68.91811646 0.42
15 0 76.462482902 0.7514999999999998
15 1 76.462482902 0.7514999999999998
15 2 81.484663082 1.0695
15 3 81.484663082 1.0695
15 4 73.383344726 1.0965
15 5 73.383344726 1.0965
15 6 67.768726802 0.858
15 7 67.768726802 0.858
16 0 73.444044182 0.801
16 1 73.444044182 0.801
16 2 80.806037594 0.891
16 3 80.806037594 0.891
16 4 72.508887932 0.912
16 5 72.508887932 0.912
16 6 66.445368656 0.72
16 7 66.445368656 0.72
17 0 70.49564331799999 0.336
17 1 70.49564331799999 0.336
17 2 79.495093994 0.672
17 3 79.495093994 0.672
17 4 71.34290893400001 0.6914999999999999
17 5 71.34290893400001 0.6914999999999999
17 6 65.27235839 0.1485
17 7 65.27235839 0.1485
18 0 67.896772466 0.38699999999999996
18 1 69.523627928 0.48
18 2 77.552326652 0.4425
18 3 76.48280762 0.4305
18 4 69.970057376 0.45449999999999996
18 5 68.913172616 0.4035
18 6 63.9393872 0.06
18 7 65.989930424 0.48
19 0 65.109046622 0.2205
19 1 67.320374756 0.2565
19 2 75.033491216 0.17849999999999996
19 3 73.189875488 0.2055
19 4 69.368555912 0.066
19 5 65.84820679399999 0.18
19 6 62.495948479999996 0.1515
19 7 63.441376952 0.213
20 0 62.08484009 0.0705
20 1 65.756745608 0.072
20 2 72.733063964 0.0525
20 3 71.021778566 0.0345
20 4 68.531013176 0.013499999999999998
20 5 63.201820064 0.0195
20 6 61.28025634400001 0.0195
20 7 60.646564940000005 0.06
21 0 59.81264771 0.0
21 1 64.954084478 0.0
21 2 70.97843750000001 0.0
21 3 70.106068112 0.0
21 4 65.702088626 0.0
21 5 61.492292474 0.0
21 6 60.356361092 0.0
21 7 58.551856682 0.0
22 0 58.241273198 0.0
22 1 64.00426146800001 0.0
22 2 69.537745364 0.0
22 3 68.955744632 0.0
22 4 62.823341066 0.0
22 5 60.047645270000004 0.0
22 6 59.593250732 0.0
22 7 57.261622316 0.0
23 0 56.695661618 0.0
23 1 63.104591066 0.0
23 2 68.362318112 0.0
23 3 67.439466554 0.0
23 4 61.0565747 0.0
23 5 58.677430424 0.0
23 6 59.023664546 0.0
23 7 56.22313964 0.0
