time period scenario temperature renewable energy
0 0 60.171131588 0.0
0 1 60.171131588 0.0
0 2 60.171131588 0.0
0 3 60.171131588 0.0
0 4 60.171131588 0.0
0 5 60.171131588 0.0
0 6 60.171131588 0.0
0 7 60.171131588 0.0
0 8 60.171131588 0.0
0 9 60.171131588 0.0
0 10 60.171131588 0.0
0 11 60.171131588 0.0
0 12 60.171131588 0.0
0 13 60.171131588 0.0
0 14 60.171131588 0.0
0 15 60.171131588 0.0
0 16 60.171131588 0.0
0 17 60.171131588 0.0
0 18 60.171131588 0.0
0 19 60.171131588 0.0
0 20 60.171131588 0.0
0 21 60.171131588 0.0
0 22 60.171131588 0.0
0 23 60.171131588 0.0
0 24 60.171131588 0.0
0 25 60.171131588 0.0
0 26 60.171131588 0.0
0 27 60.171131588 0.0
0 28 60.171131588 0.0
0 29 60.171131588 0.0
0 30 60.171131588 0.0
0 31 60.171131588 0.0
0 32 60.171131588 0.0
0 33 60.171131588 0.0
0 34 60.171131588 0.0
0 35 60.171131588 0.0
0 36 60.171131588 0.0
0 37 60.171131588 0.0
0 38 60.171131588 0.0
0 39 60.171131588 0.0
0 40 60.171131588 0.0
0 41 60.171131588 0.0
0 42 60.171131588 0.0
0 43 60.171131588 0.0
0 44 60.171131588 0.0
0 45 60.171131588 0.0
0 46 60.171131588 0.0
0 47 60.171131588 0.0
0 48 60.171131588 0.0
0 49 60.171131588 0.0
0 50 60.171131588 0.0
0 51 60.171131588 0.0
0 52 60.171131588 0.0
0 53 60.171131588 0.0
0 54 60.171131588 0.0
0 55 60.171131588 0.0
0 56 60.171131588 0.0
0 57 60.171131588 0.0
0 58 60.171131588 0.0
0 59 60.171131588 0.0
0 60 60.171131588 0.0
0 61 60.171131588 0.0
0 62 60.171131588 0.0
0 63 60.171131588 0.0
0 64 60.171131588 0.0
0 65 60.171131588 0.0
0 66 60.171131588 0.0
0 67 60.171131588 0.0
0 68 60.171131588 0.0
0 69 60.171131588 0.0
0 70 60.171131588 0.0
0 71 60.171131588 0.0
0 72 60.171131588 0.0
0 73 60.171131588 0.0
0 74 60.171131588 0.0
0 75 60.171131588 0.0
0 76 60.171131588 0.0
0 77 60.171131588 0.0
0 78 60.171131588 0.0
0 79 60.171131588 0.0
0 80 60.171131588 0.0
0 81 60.171131588 0.0
0 82 60.171131588 0.0
0 83 60.171131588 0.0
0 84 60.171131588 0.0
0 85 60.171131588 0.0
0 86 60.171131588 0.0
0 87 60.171131588 0.0
0 88 60.171131588 0.0
0 89 60.171131588 0.0
0 90 60.171131588 0.0
0 91 60.171131588 0.0
0 92 60.171131588 0.0
0 93 60.171131588 0.0
0 94 60.171131588 0.0
0 95 60.171131588 0.0
0 96 60.171131588 0.0
0 97 60.171131588 0.0
0 98 60.171131588 0.0
0 99 60.171131588 0.0
0 100 60.171131588 0.0
0 101 60.171131588 0.0
0 102 60.171131588 0.0
0 103 60.171131588 0.0
0 104 60.171131588 0.0
0 105 60.171131588 0.0
0 106 60.171131588 0.0
0 107 60.171131588 0.0
0 108 60.171131588 0.0
0 109 60.171131588 0.0
0 110 60.171131588 0.0
0 111 60.171131588 0.0
0 112 60.171131588 0.0
0 113 60.171131588 0.0
0 114 60.171131588 0.0
0 115 60.171131588 0.0
0 116 60.171131588 0.0
0 117 60.171131588 0.0
0 118 60.171131588 0.0
0 119 60.171131588 0.0
0 120 60.171131588 0.0
0 121 60.171131588 0.0
0 122 60.171131588 0.0
0 123 60.171131588 0.0
0 124 60.171131588 0.0
0 125 60.171131588 0.0
0 126 60.171131588 0.0
0 127 60.171131588 0.0
1 0 58.44501464 0.0
1 1 58.44501464 0.0
1 2 58.44501464 0.0
1 3 58.44501464 0.0
1 4 58.44501464 0.0
1 5 58.44501464 0.0
1 6 58.44501464 0.0
1 7 58.44501464 0.0
1 8 58.44501464 0.0
1 9 58.44501464 0.0
1 10 58.44501464 0.0
1 11 58.44501464 0.0
1 12 58.44501464 0.0
1 13 58.44501464 0.0
1 14 58.44501464 0.0
1 15 58.44501464 0.0
1 16 58.44501464 0.0
1 17 58.44501464 0.0
1 18 58.44501464 0.0
1 19 58.44501464 0.0
1 20 58.44501464 0.0
1 21 58.44501464 0.0
1 22 58.44501464 0.0
1 23 58.44501464 0.0
1 24 58.44501464 0.0
1 25 58.44501464 0.0
1 26 58.44501464 0.0
1 27 58.44501464 0.0
1 28 58.44501464 0.0
1 29 58.44501464 0.0
1 30 58.44501464 0.0
1 31 58.44501464 0.0
1 32 58.44501464 0.0
1 33 58.44501464 0.0
1 34 58.44501464 0.0
1 35 58.44501464 0.0
1 36 58.44501464 0.0
1 37 58.44501464 0.0
1 38 58.44501464 0.0
1 39 58.44501464 0.0
1 40 58.44501464 0.0
1 41 58.44501464 0.0
1 42 58.44501464 0.0
1 43 58.44501464 0.0
1 44 58.44501464 0.0
1 45 58.44501464 0.0
1 46 58.44501464 0.0
1 47 58.44501464 0.0
1 48 58.44501464 0.0
1 49 58.44501464 0.0
1 50 58.44501464 0.0
1 51 58.44501464 0.0
1 52 58.44501464 0.0
1 53 58.44501464 0.0
1 54 58.44501464 0.0
1 55 58.44501464 0.0
1 56 58.44501464 0.0
1 57 58.44501464 0.0
1 58 58.44501464 0.0
1 59 58.44501464 0.0
1 60 58.44501464 0.0
1 61 58.44501464 0.0
1 62 58.44501464 0.0
1 63 58.44501464 0.0
1 64 58.44501464 0.0
1 65 58.44501464 0.0
1 66 58.44501464 0.0
1 67 58.44501464 0.0
1 68 58.44501464 0.0
1 69 58.44501464 0.0
1 70 58.44501464 0.0
1 71 58.44501464 0.0
1 72 58.44501464 0.0
1 73 58.44501464 0.0
1 74 58.44501464 0.0
1 75 58.44501464 0.0
1 76 58.44501464 0.0
1 77 58.44501464 0.0
1 78 58.44501464 0.0
1 79 58.44501464 0.0
1 80 58.44501464 0.0
1 81 58.44501464 0.0
1 82 58.44501464 0.0
1 83 58.44501464 0.0
1 84 58.44501464 0.0
1 85 58.44501464 0.0
1 86 58.44501464 0.0
1 87 58.44501464 0.0
1 88 58.44501464 0.0
1 89 58.44501464 0.0
1 90 58.44501464 0.0
1 91 58.44501464 0.0
1 92 58.44501464 0.0
1 93 58.44501464 0.0
1 94 58.44501464 0.0
1 95 58.44501464 0.0
1 96 58.44501464 0.0
1 97 58.44501464 0.0
1 98 58.44501464 0.0
1 99 58.44501464 0.0
1 100 58.44501464 0.0
1 101 58.44501464 0.0
1 102 58.44501464 0.0
1 103 58.44501464 0.0
1 104 58.44501464 0.0
1 105 58.44501464 0.0
1 106 58.44501464 0.0
1 107 58.44501464 0.0
1 108 58.44501464 0.0
1 109 58.44501464 0.0
1 110 58.44501464 0.0
1 111 58.44501464 0.0
1 112 58.44501464 0.0
1 113 58.44501464 0.0
1 114 58.44501464 0.0
1 115 58.44501464 0.0
1 116 58.44501464 0.0
1 117 58.44501464 0.0
1 118 58.44501464 0.0
1 119 58.44501464 0.0
1 120 58.44501464 0.0
1 121 58.44501464 0.0
1 122 58.44501464 0.0
1 123 58.44501464 0.0
1 124 58.44501464 0.0
1 125 58.44501464 0.0
1 126 58.44501464 0.0
1 127 58.44501464 0.0
2 0 57.103419182 0.0
2 1 57.103419182 0.0
2 2 57.103419182 0.0
2 3 57.103419182 0.0
2 4 57.103419182 0.0
2 5 57.103419182 0.0
2 6 57.103419182 0.0
2 7 57.103419182 0.0
2 8 57.103419182 0.0
2 9 57.103419182 0.0
2 10 57.103419182 0.0
2 11 57.103419182 0.0
2 12 57.103419182 0.0
2 13 57.103419182 0.0
2 14 57.103419182 0.0
2 15 57.103419182 0.0
2 16 57.103419182 0.0
2 17 57.103419182 0.0
2 18 57.103419182 0.0
2 19 57.103419182 0.0
2 20 57.103419182 0.0
2 21 57.103419182 0.0
2 22 57.103419182 0.0
2 23 57.103419182 0.0
2 24 57.103419182 0.0
2 25 57.103419182 0.0
2 26 57.103419182 0.0
2 27 57.103419182 0.0
2 28 57.103419182 0.0
2 29 57.103419182 0.0
2 30 57.103419182 0.0
2 31 57.103419182 0.0
2 32 57.103419182 0.0
2 33 57.103419182 0.0
2 34 57.103419182 0.0
2 35 57.103419182 0.0
2 36 57.103419182 0.0
2 37 57.103419182 0.0
2 38 57.103419182 0.0
2 39 57.103419182 0.0
2 40 57.103419182 0.0
2 41 57.103419182 0.0
2 42 57.103419182 0.0
2 43 57.103419182 0.0
2 44 57.103419182 0.0
2 45 57.103419182 0.0
2 46 57.103419182 0.0
2 47 57.103419182 0.0
2 48 57.103419182 0.0
2 49 57.103419182 0.0
2 50 57.103419182 0.0
2 51 57.103419182 0.0
2 52 57.103419182 0.0
2 53 57.103419182 0.0
2 54 57.103419182 0.0
2 55 57.103419182 0.0
2 56 57.103419182 0.0
2 57 57.103419182 0.0
2 58 57.103419182 0.0
2 59 57.103419182 0.0
2 60 57.103419182 0.0
2 61 57.103419182 0.0
2 62 57.103419182 0.0
2 63 57.103419182 0.0
2 64 57.103419182 0.0
2 65 57.103419182 0.0
2 66 57.103419182 0.0
2 67 57.103419182 0.0
2 68 57.103419182 0.0
2 69 57.103419182 0.0
2 70 57.103419182 0.0
2 71 57.103419182 0.0
2 72 57.103419182 0.0
2 73 57.103419182 0.0
2 74 57.103419182 0.0
2 75 57.103419182 0.0
2 76 57.103419182 0.0
2 77 57.103419182 0.0
2 78 57.103419182 0.0
2 79 57.103419182 0.0
2 80 57.103419182 0.0
2 81 57.103419182 0.0
2 82 57.103419182 0.0
2 83 57.103419182 0.0
2 84 57.103419182 0.0
2 85 57.103419182 0.0
2 86 57.103419182 0.0
2 87 57.103419182 0.0
2 88 57.103419182 0.0
2 89 57.103419182 0.0
2 90 57.103419182 0.0
2 91 57.103419182 0.0
2 92 57.103419182 0.0
2 93 57.103419182 0.0
2 94 57.103419182 0.0
2 95 57.103419182 0.0
2 96 57.103419182 0.0
2 97 57.103419182 0.0
2 98 57.103419182 0.0
2 99 57.103419182 0.0
2 100 57.103419182 0.0
2 101 57.103419182 0.0
2 102 57.103419182 0.0
2 103 57.103419182 0.0
2 104 57.103419182 0.0
2 105 57.103419182 0.0
2 106 57.103419182 0.0
2 107 57.103419182 0.0
2 108 57.103419182 0.0
2 109 57.103419182 0.0
2 110 57.103419182 0.0
2 111 57.103419182 0.0
2 112 57.103419182 0.0
2 113 57.103419182 0.0
2 114 57.103419182 0.0
2 115 57.103419182 0.0
2 116 57.103419182 0.0
2 117 57.103419182 0.0
2 118 57.103419182 0.0
2 119 57.103419182 0.0
2 120 57.103419182 0.0
2 121 57.103419182 0.0
2 122 57.103419182 0.0
2 123 57.103419182 0.0
2 124 57.103419182 0.0
2 125 57.103419182 0.0
2 126 57.103419182 0.0
2 127 57.103419182 0.0
3 0 56.037525638000005 0.0
3 1 56.037525638000005 0.0
3 2 56.037525638000005 0.0
3 3 56.037525638000005 0.0
3 4 56.037525638000005 0.0
3 5 56.037525638000005 0.0
3 6 56.037525638000005 0.0
3 7 56.037525638000005 0.0
3 8 56.037525638000005 0.0
3 9 56.037525638000005 0.0
3 10 56.037525638000005 0.0
3 11 56.037525638000005 0.0
3 12 56.037525638000005 0.0
3 13 56.037525638000005 0.0
3 14 56.037525638000005 0.0
3 15 56.037525638000005 0.0
3 16 56.037525638000005 0.0
3 17 56.037525638000005 0.0
3 18 56.037525638000005 0.0
3 19 56.037525638000005 0.0
3 20 56.037525638000005 0.0
3 21 56.037525638000005 0.0
3 22 56.037525638000005 0.0
3 23 56.037525638000005 0.0
3 24 56.037525638000005 0.0
3 25 56.037525638000005 0.0
3 26 56.037525638000005 0.0
3 27 56.037525638000005 0.0
3 28 56.037525638000005 0.0
3 29 56.037525638000005 0.0
3 30 56.037525638000005 0.0
3 31 56.037525638000005 0.0
3 32 56.037525638000005 0.0
3 33 56.037525638000005 0.0
3 34 56.037525638000005 0.0
3 35 56.037525638000005 0.0
3 36 56.037525638000005 0.0
3 37 56.037525638000005 0.0
3 38 56.037525638000005 0.0
3 39 56.037525638000005 0.0
3 40 56.037525638000005 0.0
3 41 56.037525638000005 0.0
3 42 56.037525638000005 0.0
3 43 56.037525638000005 0.0
3 44 56.037525638000005 0.0
3 45 56.037525638000005 0.0
3 46 56.037525638000005 0.0
3 47 56.037525638000005 0.0
3 48 56.037525638000005 0.0
3 49 56.037525638000005 0.0
3 50 56.037525638000005 0.0
3 51 56.037525638000005 0.0
3 52 56.037525638000005 0.0
3 53 56.037525638000005 0.0
3 54 56.037525638000005 0.0
3 55 56.037525638000005 0.0
3 56 56.037525638000005 0.0
3 57 56.037525638000005 0.0
3 58 56.037525638000005 0.0
3 59 56.037525638000005 0.0
3 60 56.037525638000005 0.0
3 61 56.037525638000005 0.0
3 62 56.037525638000005 0.0
3 63 56.037525638000005 0.0
3 64 63.275867923999996 0.0
3 65 63.275867923999996 0.0
3 66 63.275867923999996 0.0
3 67 63.275867923999996 0.0
3 68 63.275867923999996 0.0
3 69 63.275867923999996 0.0
3 70 63.275867923999996 0.0
3 71 63.275867923999996 0.0
3 72 63.275867923999996 0.0
3 73 63.275867923999996 0.0
3 74 63.275867923999996 0.0
3 75 63.275867923999996 0.0
3 76 63.275867923999996 0.0
3 77 63.275867923999996 0.0
3 78 63.275867923999996 0.0
3 79 63.275867923999996 0.0
3 80 63.275867923999996 0.0
3 81 63.275867923999996 0.0
3 82 63.275867923999996 0.0
3 83 63.275867923999996 0.0
3 84 63.275867923999996 0.0
3 85 63.275867923999996 0.0
3 86 63.275867923999996 0.0
3 87 63.275867923999996 0.0
3 88 63.275867923999996 0.0
3 89 63.275867923999996 0.0
3 90 63.275867923999996 0.0
3 91 63.275867923999996 0.0
3 92 63.275867923999996 0.0
3 93 63.275867923999996 0.0
3 94 63.275867923999996 0.0
3 95 63.275867923999996 0.0
3 96 63.275867923999996 0.0
3 97 63.275867923999996 0.0
3 98 63.275867923999996 0.0
3 99 63.275867923999996 0.0
3 100 63.275867923999996 0.0
3 101 63.275867923999996 0.0
3 102 63.275867923999996 0.0
3 103 63.275867923999996 0.0
3 104 63.275867923999996 0.0
3 105 63.275867923999996 0.0
3 106 63.275867923999996 0.0
3 107 63.275867923999996 0.0
3 108 63.275867923999996 0.0
3 109 63.275867923999996 0.0
3 110 63.275867923999996 0.0
3 111 63.275867923999996 0.0
3 112 63.275867923999996 0.0
3 113 63.275867923999996 0.0
3 114 63.275867923999996 0.0
3 115 63.275867923999996 0.0
3 116 63.275867923999996 0.0
3 117 63.275867923999996 0.0
3 118 63.275867923999996 0.0
3 119 63.275867923999996 0.0
3 120 63.275867923999996 0.0
3 121 63.275867923999996 0.0
3 122 63.275867923999996 0.0
3 123 63.275867923999996 0.0
3 124 63.275867923999996 0.0
3 125 63.275867923999996 0.0
3 126 63.275867923999996 0.0
3 127 63.275867923999996 0.0
4 0 55.534296884 0.0
4 1 55.534296884 0.0
4 2 55.534296884 0.0
4 3 55.534296884 0.0
4 4 55.534296884 0.0
4 5 55.534296884 0.0
4 6 55.534296884 0.0
4 7 55.534296884 0.0
4 8 55.534296884 0.0
4 9 55.534296884 0.0
4 10 55.534296884 0.0
4 11 55.534296884 0.0
4 12 55.534296884 0.0
4 13 55.534296884 0.0
4 14 55.534296884 0.0
4 15 55.534296884 0.0
4 16 55.534296884 0.0
4 17 55.534296884 0.0
4 18 55.534296884 0.0
4 19 55.534296884 0.0
4 20 55.534296884 0.0
4 21 55.534296884 0.0
4 22 55.534296884 0.0
4 23 55.534296884 0.0
4 24 55.534296884 0.0
4 25 55.534296884 0.0
4 26 55.534296884 0.0
4 27 55.534296884 0.0
4 28 55.534296884 0.0
4 29 55.534296884 0.0
4 30 55.534296884 0.0
4 31 55.534296884 0.0
4 32 55.534296884 0.0
4 33 55.534296884 0.0
4 34 55.534296884 0.0
4 35 55.534296884 0.0
4 36 55.534296884 0.0
4 37 55.534296884 0.0
4 38 55.534296884 0.0
4 39 55.534296884 0.0
4 40 55.534296884 0.0
4 41 55.534296884 0.0
4 42 55.534296884 0.0
4 43 55.534296884 0.0
4 44 55.534296884 0.0
4 45 55.534296884 0.0
4 46 55.534296884 0.0
4 47 55.534296884 0.0
4 48 55.534296884 0.0
4 49 55.534296884 0.0
4 50 55.534296884 0.0
4 51 55.534296884 0.0
4 52 55.534296884 0.0
4 53 55.534296884 0.0
4 54 55.534296884 0.0
4 55 55.534296884 0.0
4 56 55.534296884 0.0
4 57 55.534296884 0.0
4 58 55.534296884 0.0
4 59 55.534296884 0.0
4 60 55.534296884 0.0
4 61 55.534296884 0.0
4 62 55.534296884 0.0
4 63 55.534296884 0.0
4 64 63.13079345 0.0
4 65 63.13079345 0.0
4 66 63.13079345 0.0
4 67 63.13079345 0.0
4 68 63.13079345 0.0
4 69 63.13079345 0.0
4 70 63.13079345 0.0
4 71 63.13079345 0.0
4 72 63.13079345 0.0
4 73 63.13079345 0.0
4 74 63.13079345 0.0
4 75 63.13079345 0.0
4 76 63.13079345 0.0
4 77 63.13079345 0.0
4 78 63.13079345 0.0
4 79 63.13079345 0.0
4 80 63.13079345 0.0
4 81 63.13079345 0.0
4 82 63.13079345 0.0
4 83 63.13079345 0.0
4 84 63.13079345 0.0
4 85 63.13079345 0.0
4 86 63.13079345 0.0
4 87 63.13079345 0.0
4 88 63.13079345 0.0
4 89 63.13079345 0.0
4 90 63.13079345 0.0
4 91 63.13079345 0.0
4 92 63.13079345 0.0
4 93 63.13079345 0.0
4 94 63.13079345 0.0
4 95 63.13079345 0.0
4 96 63.13079345 0.0
4 97 63.13079345 0.0
4 98 63.13079345 0.0
4 99 63.13079345 0.0
4 100 63.13079345 0.0
4 101 63.13079345 0.0
4 102 63.13079345 0.0
4 103 63.13079345 0.0
4 104 63.13079345 0.0
4 105 63.13079345 0.0
4 106 63.13079345 0.0
4 107 63.13079345 0.0
4 108 63.13079345 0.0
4 109 63.13079345 0.0
4 110 63.13079345 0.0
4 111 63.13079345 0.0
4 112 63.13079345 0.0
4 113 63.13079345 0.0
4 114 63.13079345 0.0
4 115 63.13079345 0.0
4 116 63.13079345 0.0
4 117 63.13079345 0.0
4 118 63.13079345 0.0
4 119 63.13079345 0.0
4 120 63.13079345 0.0
4 121 63.13079345 0.0
4 122 63.13079345 0.0
4 123 63.13079345 0.0
4 124 63.13079345 0.0
4 125 63.13079345 0.0
4 126 63.13079345 0.0
4 127 63.13079345 0.0
5 0 55.567255856 0.0255
5 1 55.567255856 0.0255
5 2 55.567255856 0.0255
5 3 55.567255856 0.0255
5 4 55.567255856 0.0255
5 5 55.567255856 0.0255
5 6 55.567255856 0.0255
5 7 55.567255856 0.0255
5 8 55.567255856 0.0255
5 9 55.567255856 0.0255
5 10 55.567255856 0.0255
5 11 55.567255856 0.0255
5 12 55.567255856 0.0255
5 13 55.567255856 0.0255
5 14 55.567255856 0.0255
5 15 55.567255856 0.0255
5 16 55.567255856 0.0255
5 17 55.567255856 0.0255
5 18 55.567255856 0.0255
5 19 55.567255856 0.0255
5 20 55.567255856 0.0255
5 21 55.567255856 0.0255
5 22 55.567255856 0.0255
5 23 55.567255856 0.0255
5 24 55.567255856 0.0255
5 25 55.567255856 0.0255
5 26 55.567255856 0.0255
5 27 55.567255856 0.0255
5 28 55.567255856 0.0255
5 29 55.567255856 0.0255
5 30 55.567255856 0.0255
5 31 55.567255856 0.0255
5 32 55.567255856 0.0255
5 33 55.567255856 0.0255
5 34 55.567255856 0.0255
5 35 55.567255856 0.0255
5 36 55.567255856 0.0255
5 37 55.567255856 0.0255
5 38 55.567255856 0.0255
5 39 55.567255856 0.0255
5 40 55.567255856 0.0255
5 41 55.567255856 0.0255
5 42 55.567255856 0.0255
5 43 55.567255856 0.0255
5 44 55.567255856 0.0255
5 45 55.567255856 0.0255
5 46 55.567255856 0.0255
5 47 55.567255856 0.0255
5 48 55.567255856 0.0255
5 49 55.567255856 0.0255
5 50 55.567255856 0.0255
5 51 55.567255856 0.0255
5 52 55.567255856 0.0255
5 53 55.567255856 0.0255
5 54 55.567255856 0.0255
5 55 55.567255856 0.0255
5 56 55.567255856 0.0255
5 57 55.567255856 0.0255
5 58 55.567255856 0.0255
5 59 55.567255856 0.0255
5 60 55.567255856 0.0255
5 61 55.567255856 0.0255
5 62 55.567255856 0.0255
5 63 55.567255856 0.0255
5 64 64.943537594 0.0705
5 65 64.943537594 0.0705
5 66 64.943537594 0.0705
5 67 64.943537594 0.0705
5 68 64.943537594 0.0705
5 69 64.943537594 0.0705
5 70 64.943537594 0.0705
5 71 64.943537594 0.0705
5 72 64.943537594 0.0705
5 73 64.943537594 0.0705
5 74 64.943537594 0.0705
5 75 64.943537594 0.0705
5 76 64.943537594 0.0705
5 77 64.943537594 0.0705
5 78 64.943537594 0.0705
5 79 64.943537594 0.0705
5 80 64.943537594 0.0705
5 81 64.943537594 0.0705
5 82 64.943537594 0.0705
5 83 64.943537594 0.0705
5 84 64.943537594 0.0705
5 85 64.943537594 0.0705
5 86 64.943537594 0.0705
5 87 64.943537594 0.0705
5 88 64.943537594 0.0705
5 89 64.943537594 0.0705
5 90 64.943537594 0.0705
5 91 64.943537594 0.0705
5 92 64.943537594 0.0705
5 93 64.943537594 0.0705
5 94 64.943537594 0.0705
5 95 64.943537594 0.0705
5 96 64.943537594 0.0705
5 97 64.943537594 0.0705
5 98 64.943537594 0.0705
5 99 64.943537594 0.0705
5 100 64.943537594 0.0705
5 101 64.943537594 0.0705
5 102 64.943537594 0.0705
5 103 64.943537594 0.0705
5 104 64.943537594 0.0705
5 105 64.943537594 0.0705
5 106 64.943537594 0.0705
5 107 64.943537594 0.0705
5 108 64.943537594 0.0705
5 109 64.943537594 0.0705
5 110 64.943537594 0.0705
5 111 64.943537594 0.0705
5 112 64.943537594 0.0705
5 113 64.943537594 0.0705
5 114 64.943537594 0.0705
5 115 64.943537594 0.0705
5 116 64.943537594 0.0705
5 117 64.943537594 0.0705
5 118 64.943537594 0.0705
5 119 64.943537594 0.0705
5 120 64.943537594 0.0705
5 121 64.943537594 0.0705
5 122 64.943537594 0.0705
5 123 64.943537594 0.0705
5 124 64.943537594 0.0705
5 125 64.943537594 0.0705
5 126 64.943537594 0.0705
5 127 64.943537594 0.0705
6 0 55.911347654 0.1215
6 1 55.911347654 0.1215
6 2 55.911347654 0.1215
6 3 55.911347654 0.1215
6 4 55.911347654 0.1215
6 5 55.911347654 0.1215
6 6 55.911347654 0.1215
6 7 55.911347654 0.1215
6 8 55.911347654 0.1215
6 9 55.911347654 0.1215
6 10 55.911347654 0.1215
6 11 55.911347654 0.1215
6 12 55.911347654 0.1215
6 13 55.911347654 0.1215
6 14 55.911347654 0.1215
6 15 55.911347654 0.1215
6 16 55.911347654 0.1215
6 17 55.911347654 0.1215
6 18 55.911347654 0.1215
6 19 55.911347654 0.1215
6 20 55.911347654 0.1215
6 21 55.911347654 0.1215
6 22 55.911347654 0.1215
6 23 55.911347654 0.1215
6 24 55.911347654 0.1215
6 25 55.911347654 0.1215
6 26 55.911347654 0.1215
6 27 55.911347654 0.1215
6 28 55.911347654 0.1215
6 29 55.911347654 0.1215
6 30 55.911347654 0.1215
6 31 55.911347654 0.1215
6 32 55.614771734 0.0525
6 33 55.614771734 0.0525
6 34 55.614771734 0.0525
6 35 55.614771734 0.0525
6 36 55.614771734 0.0525
6 37 55.614771734 0.0525
6 38 55.614771734 0.0525
6 39 55.614771734 0.0525
6 40 55.614771734 0.0525
6 41 55.614771734 0.0525
6 42 55.614771734 0.0525
6 43 55.614771734 0.0525
6 44 55.614771734 0.0525
6 45 55.614771734 0.0525
6 46 55.614771734 0.0525
6 47 55.614771734 0.0525
6 48 55.614771734 0.0525
6 49 55.614771734 0.0525
6 50 55.614771734 0.0525
6 51 55.614771734 0.0525
6 52 55.614771734 0.0525
6 53 55.614771734 0.0525
6 54 55.614771734 0.0525
6 55 55.614771734 0.0525
6 56 55.614771734 0.0525
6 57 55.614771734 0.0525
6 58 55.614771734 0.0525
6 59 55.614771734 0.0525
6 60 55.614771734 0.0525
6 61 55.614771734 0.0525
6 62 55.614771734 0.0525
6 63 55.614771734 0.0525
6 64 67.84315917800001 0.2595
6 65 67.84315917800001 0.2595
6 66 67.84315917800001 0.2595
6 67 67.84315917800001 0.2595
6 68 67.84315917800001 0.2595
6 69 67.84315917800001 0.2595
6 70 67.84315917800001 0.2595
6 71 67.84315917800001 0.2595
6 72 67.84315917800001 0.2595
6 73 67.84315917800001 0.2595
6 74 67.84315917800001 0.2595
6 75 67.84315917800001 0.2595
6 76 67.84315917800001 0.2595
6 77 67.84315917800001 0.2595
6 78 67.84315917800001 0.2595
6 79 67.84315917800001 0.2595
6 80 67.84315917800001 0.2595
6 81 67.84315917800001 0.2595
6 82 67.84315917800001 0.2595
6 83 67.84315917800001 0.2595
6 84 67.84315917800001 0.2595
6 85 67.84315917800001 0.2595
6 86 67.84315917800001 0.2595
6 87 67.84315917800001 0.2595
6 88 67.84315917800001 0.2595
6 89 67.84315917800001 0.2595
6 90 67.84315917800001 0.2595
6 91 67.84315917800001 0.2595
6 92 67.84315917800001 0.2595
6 93 67.84315917800001 0.2595
6 94 67.84315917800001 0.2595
6 95 67.84315917800001 0.2595
6 96 59.834125975999996 0.18
6 97 59.834125975999996 0.18
6 98 59.834125975999996 0.18
6 99 59.834125975999996 0.18
6 100 59.834125975999996 0.18
6 101 59.834125975999996 0.18
6 102 59.834125975999996 0.18
6 103 59.834125975999996 0.18
6 104 59.834125975999996 0.18
6 105 59.834125975999996 0.18
6 106 59.834125975999996 0.18
6 107 59.834125975999996 0.18
6 108 59.834125975999996 0.18
6 109 59.834125975999996 0.18
6 110 59.834125975999996 0.18
6 111 59.834125975999996 0.18
6 112 59.834125975999996 0.18
6 113 59.834125975999996 0.18
6 114 59.834125975999996 0.18
6 115 59.834125975999996 0.18
6 116 59.834125975999996 0.18
6 117 59.834125975999996 0.18
6 118 59.834125975999996 0.18
6 119 59.834125975999996 0.18
6 120 59.834125975999996 0.18
6 121 59.834125975999996 0.18
6 122 59.834125975999996 0.18
6 123 59.834125975999996 0.18
6 124 59.834125975999996 0.18
6 125 59.834125975999996 0.18
6 126 59.834125975999996 0.18
6 127 59.834125975999996 0.18
7 0 56.720545646000005 0.12
7 1 56.720545646000005 0.12
7 2 56.720545646000005 0.12
7 3 56.720545646000005 0.12
7 4 56.720545646000005 0.12
7 5 56.720545646000005 0.12
7 6 56.720545646000005 0.12
7 7 56.720545646000005 0.12
7 8 56.720545646000005 0.12
7 9 56.720545646000005 0.12
7 10 56.720545646000005 0.12
7 11 56.720545646000005 0.12
7 12 56.720545646000005 0.12
7 13 56.720545646000005 0.12
7 14 56.720545646000005 0.12
7 15 56.720545646000005 0.12
7 16 56.720545646000005 0.12
7 17 56.720545646000005 0.12
7 18 56.720545646000005 0.12
7 19 56.720545646000005 0.12
7 20 56.720545646000005 0.12
7 21 56.720545646000005 0.12
7 22 56.720545646000005 0.12
7 23 56.720545646000005 0.12
7 24 56.720545646000005 0.12
7 25 56.720545646000005 0.12
7 26 56.720545646000005 0.12
7 27 56.720545646000005 0.12
7 28 56.720545646000005 0.12
7 29 56.720545646000005 0.12
7 30 56.720545646000005 0.12
7 31 56.720545646000005 0.12
7 32 57.563142098 0.1305
7 33 57.563142098 0.1305
7 34 57.563142098 0.1305
7 35 57.563142098 0.1305
7 36 57.563142098 0.1305
7 37 57.563142098 0.1305
7 38 57.563142098 0.1305
7 39 57.563142098 0.1305
7 40 57.563142098 0.1305
7 41 57.563142098 0.1305
7 42 57.563142098 0.1305
7 43 57.563142098 0.1305
7 44 57.563142098 0.1305
7 45 57.563142098 0.1305
7 46 57.563142098 0.1305
7 47 57.563142098 0.1305
7 48 57.563142098 0.1305
7 49 57.563142098 0.1305
7 50 57.563142098 0.1305
7 51 57.563142098 0.1305
7 52 57.563142098 0.1305
7 53 57.563142098 0.1305
7 54 57.563142098 0.1305
7 55 57.563142098 0.1305
7 56 57.563142098 0.1305
7 57 57.563142098 0.1305
7 58 57.563142098 0.1305
7 59 57.563142098 0.1305
7 60 57.563142098 0.1305
7 61 57.563142098 0.1305
7 62 57.563142098 0.1305
7 63 57.563142098 0.1305
7 64 71.854816892 0.489
7 65 71.854816892 0.489
7 66 71.854816892 0.489
7 67 71.854816892 0.489
7 68 71.854816892 0.489
7 69 71.854816892 0.489
7 70 71.854816892 0.489
7 71 71.854816892 0.489
7 72 71.854816892 0.489
7 73 71.854816892 0.489
7 74 71.854816892 0.489
7 75 71.854816892 0.489
7 76 71.854816892 0.489
7 77 71.854816892 0.489
7 78 71.854816892 0.489
7 79 71.854816892 0.489
7 80 71.854816892 0.489
7 81 71.854816892 0.489
7 82 71.854816892 0.489
7 83 71.854816892 0.489
7 84 71.854816892 0.489
7 85 71.854816892 0.489
7 86 71.854816892 0.489
7 87 71.854816892 0.489
7 88 71.854816892 0.489
7 89 71.854816892 0.489
7 90 71.854816892 0.489
7 91 71.854816892 0.489
7 92 71.854816892 0.489
7 93 71.854816892 0.489
7 94 71.854816892 0.489
7 95 71.854816892 0.489
7 96 63.160950920000005 0.40199999999999997
7 97 63.160950920000005 0.40199999999999997
7 98 63.160950920000005 0.40199999999999997
7 99 63.160950920000005 0.40199999999999997
7 100 63.160950920000005 0.40199999999999997
7 101 63.160950920000005 0.40199999999999997
7 102 63.160950920000005 0.40199999999999997
7 103 63.160950920000005 0.40199999999999997
7 104 63.160950920000005 0.40199999999999997
7 105 63.160950920000005 0.40199999999999997
7 106 63.160950920000005 0.40199999999999997
7 107 63.160950920000005 0.40199999999999997
7 108 63.160950920000005 0.40199999999999997
7 109 63.160950920000005 0.40199999999999997
7 110 63.160950920000005 0.40199999999999997
7 111 63.160950920000005 0.40199999999999997
7 112 63.160950920000005 0.40199999999999997
7 113 63.160950920000005 0.40199999999999997
7 114 63.160950920000005 0.40199999999999997
7 115 63.160950920000005 0.40199999999999997
7 116 63.160950920000005 0.40199999999999997
7 117 63.160950920000005 0.40199999999999997
7 118 63.160950920000005 0.40199999999999997
7 119 63.160950920000005 0.40199999999999997
7 120 63.160950920000005 0.40199999999999997
7 121 63.160950920000005 0.40199999999999997
7 122 63.160950920000005 0.40199999999999997
7 123 63.160950920000005 0.40199999999999997
7 124 63.160950920000005 0.40199999999999997
7 125 63.160950920000005 0.40199999999999997
7 126 63.160950920000005 0.40199999999999997
7 127 63.160950920000005 0.40199999999999997
8 0 57.684541010000004 0.1185
8 1 57.684541010000004 0.1185
8 2 57.684541010000004 0.1185
8 3 57.684541010000004 0.1185
8 4 57.684541010000004 0.1185
8 5 57.684541010000004 0.1185
8 6 57.684541010000004 0.1185
8 7 57.684541010000004 0.1185
8 8 57.684541010000004 0.1185
8 9 57.684541010000004 0.1185
8 10 57.684541010000004 0.1185
8 11 57.684541010000004 0.1185
8 12 57.684541010000004 0.1185
8 13 57.684541010000004 0.1185
8 14 57.684541010000004 0.1185
8 15 57.684541010000004 0.1185
8 16 57.684541010000004 0.1185
8 17 57.684541010000004 0.1185
8 18 57.684541010000004 0.1185
8 19 57.684541010000004 0.1185
8 20 57.684541010000004 0.1185
8 21 57.684541010000004 0.1185
8 22 57.684541010000004 0.1185
8 23 57.684541010000004 0.1185
8 24 57.684541010000004 0.1185
8 25 57.684541010000004 0.1185
8 26 57.684541010000004 0.1185
8 27 57.684541010000004 0.1185
8 28 57.684541010000004 0.1185
8 29 57.684541010000004 0.1185
8 30 57.684541010000004 0.1185
8 31 57.684541010000004 0.1185
8 32 57.662623292 0.1545
8 33 57.662623292 0.1545
8 34 57.662623292 0.1545
8 35 57.662623292 0.1545
8 36 57.662623292 0.1545
8 37 57.662623292 0.1545
8 38 57.662623292 0.1545
8 39 57.662623292 0.1545
8 40 57.662623292 0.1545
8 41 57.662623292 0.1545
8 42 57.662623292 0.1545
8 43 57.662623292 0.1545
8 44 57.662623292 0.1545
8 45 57.662623292 0.1545
8 46 57.662623292 0.1545
8 47 57.662623292 0.1545
8 48 57.662623292 0.1545
8 49 57.662623292 0.1545
8 50 57.662623292 0.1545
8 51 57.662623292 0.1545
8 52 57.662623292 0.1545
8 53 57.662623292 0.1545
8 54 57.662623292 0.1545
8 55 57.662623292 0.1545
8 56 57.662623292 0.1545
8 57 57.662623292 0.1545
8 58 57.662623292 0.1545
8 59 57.662623292 0.1545
8 60 57.662623292 0.1545
8 61 57.662623292 0.1545
8 62 57.662623292 0.1545
8 63 57.662623292 0.1545
8 64 76.588935548 0.7245
8 65 76.588935548 0.7245
8 66 76.588935548 0.7245
8 67 76.588935548 0.7245
8 68 76.588935548 0.7245
8 69 76.588935548 0.7245
8 70 76.588935548 0.7245
8 71 76.588935548 0.7245
8 72 76.588935548 0.7245
8 73 76.588935548 0.7245
8 74 76.588935548 0.7245
8 75 76.588935548 0.7245
8 76 76.588935548 0.7245
8 77 76.588935548 0.7245
8 78 76.588935548 0.7245
8 79 76.588935548 0.7245
8 80 76.588935548 0.7245
8 81 76.588935548 0.7245
8 82 76.588935548 0.7245
8 83 76.588935548 0.7245
8 84 76.588935548 0.7245
8 85 76.588935548 0.7245
8 86 76.588935548 0.7245
8 87 76.588935548 0.7245
8 88 76.588935548 0.7245
8 89 76.588935548 0.7245
8 90 76.588935548 0.7245
8 91 76.588935548 0.7245
8 92 76.588935548 0.7245
8 93 76.588935548 0.7245
8 94 76.588935548 0.7245
8 95 76.588935548 0.7245
8 96 67.10421875 0.6375
8 97 67.10421875 0.6375
8 98 67.10421875 0.6375
8 99 67.10421875 0.6375
8 100 67.10421875 0.6375
8 101 67.10421875 0.6375
8 102 67.10421875 0.6375
8 103 67.10421875 0.6375
8 104 67.10421875 0.6375
8 105 67.10421875 0.6375
8 106 67.10421875 0.6375
8 107 67.10421875 0.6375
8 108 67.10421875 0.6375
8 109 67.10421875 0.6375
8 110 67.10421875 0.6375
8 111 67.10421875 0.6375
8 112 67.10421875 0.6375
8 113 67.10421875 0.6375
8 114 67.10421875 0.6375
8 115 67.10421875 0.6375
8 116 67.10421875 0.6375
8 117 67.10421875 0.6375
8 118 67.10421875 0.6375
8 119 67.10421875 0.6375
8 120 67.10421875 0.6375
8 121 67.10421875 0.6375
8 122 67.10421875 0.6375
8 123 67.10421875 0.6375
8 124 67.10421875 0.6375
8 125 67.10421875 0.6375
8 126 67.10421875 0.6375
8 127 67.10421875 0.6375
9 0 58.467371828 0.1275
9 1 58.467371828 0.1275
9 2 58.467371828 0.1275
9 3 58.467371828 0.1275
9 4 58.467371828 0.1275
9 5 58.467371828 0.1275
9 6 58.467371828 0.1275
9 7 58.467371828 0.1275
9 8 58.467371828 0.1275
9 9 58.467371828 0.1275
9 10 58.467371828 0.1275
9 11 58.467371828 0.1275
9 12 58.467371828 0.1275
9 13 58.467371828 0.1275
9 14 58.467371828 0.1275
9 15 58.467371828 0.1275
9 16 64.418500976 0.5745
9 17 64.418500976 0.5745
9 18 64.418500976 0.5745
9 19 64.418500976 0.5745
9 20 64.418500976 0.5745
9 21 64.418500976 0.5745
9 22 64.418500976 0.5745
9 23 64.418500976 0.5745
9 24 64.418500976 0.5745
9 25 64.418500976 0.5745
9 26 64.418500976 0.5745
9 27 64.418500976 0.5745
9 28 64.418500976 0.5745
9 29 64.418500976 0.5745
9 30 64.418500976 0.5745
9 31 64.418500976 0.5745
9 32 57.630268562 0.483
9 33 57.630268562 0.483
9 34 57.630268562 0.483
9 35 57.630268562 0.483
9 36 57.630268562 0.483
9 37 57.630268562 0.483
9 38 57.630268562 0.483
9 39 57.630268562 0.483
9 40 57.630268562 0.483
9 41 57.630268562 0.483
9 42 57.630268562 0.483
9 43 57.630268562 0.483
9 44 57.630268562 0.483
9 45 57.630268562 0.483
9 46 57.630268562 0.483
9 47 57.630268562 0.483
9 48 72.92257813399999 0.7545
9 49 72.92257813399999 0.7545
9 50 72.92257813399999 0.7545
9 51 72.92257813399999 0.7545
9 52 72.92257813399999 0.7545
9 53 72.92257813399999 0.7545
9 54 72.92257813399999 0.7545
9 55 72.92257813399999 0.7545
9 56 72.92257813399999 0.7545
9 57 72.92257813399999 0.7545
9 58 72.92257813399999 0.7545
9 59 72.92257813399999 0.7545
9 60 72.92257813399999 0.7545
9 61 72.92257813399999 0.7545
9 62 72.92257813399999 0.7545
9 63 72.92257813399999 0.7545
9 64 80.18432128399999 0.942
9 65 80.18432128399999 0.942
9 66 80.18432128399999 0.942
9 67 80.18432128399999 0.942
9 68 80.18432128399999 0.942
9 69 80.18432128399999 0.942
9 70 80.18432128399999 0.942
9 71 80.18432128399999 0.942
9 72 80.18432128399999 0.942
9 73 80.18432128399999 0.942
9 74 80.18432128399999 0.942
9 75 80.18432128399999 0.942
9 76 80.18432128399999 0.942
9 77 80.18432128399999 0.942
9 78 80.18432128399999 0.942
9 79 80.18432128399999 0.942
9 80 60.872169182 0.9164999999999999
9 81 60.872169182 0.9164999999999999
9 82 60.872169182 0.9164999999999999
9 83 60.872169182 0.9164999999999999
9 84 60.872169182 0.9164999999999999
9 85 60.872169182 0.9164999999999999
9 86 60.872169182 0.9164999999999999
9 87 60.872169182 0.9164999999999999
9 88 60.872169182 0.9164999999999999
9 89 60.872169182 0.9164999999999999
9 90 60.872169182 0.9164999999999999
9 91 60.872169182 0.9164999999999999
9 92 60.872169182 0.9164999999999999
9 93 60.872169182 0.9164999999999999
9 94 60.872169182 0.9164999999999999
9 95 60.872169182 0.9164999999999999
9 96 69.64519164800001 0.8595
9 97 69.64519164800001 0.8595
9 98 69.64519164800001 0.8595
9 99 69.64519164800001 0.8595
9 100 69.64519164800001 0.8595
9 101 69.64519164800001 0.8595
9 102 69.64519164800001 0.8595
9 103 69.64519164800001 0.8595
9 104 69.64519164800001 0.8595
9 105 69.64519164800001 0.8595
9 106 69.64519164800001 0.8595
9 107 69.64519164800001 0.8595
9 108 69.64519164800001 0.8595
9 109 69.64519164800001 0.8595
9 110 69.64519164800001 0.8595
9 111 69.64519164800001 0.8595
9 112 60.640357658 0.381
9 113 60.640357658 0.381
9 114 60.640357658 0.381
9 115 60.640357658 0.381
9 116 60.640357658 0.381
9 117 60.640357658 0.381
9 118 60.640357658 0.381
9 119 60.640357658 0.381
9 120 60.640357658 0.381
9 121 60.640357658 0.381
9 122 60.640357658 0.381
9 123 60.640357658 0.381
9 124 60.640357658 0.381
9 125 60.640357658 0.381
9 126 60.640357658 0.381
9 127 60.640357658 0.381
10 0 59.095844725999996 0.141
10 1 59.095844725999996 0.141
10 2 59.095844725999996 0.141
10 3 59.095844725999996 0.141
10 4 59.095844725999996 0.141
10 5 59.095844725999996 0.141
10 6 59.095844725999996 0.141
10 7 59.095844725999996 0.141
10 8 59.095844725999996 0.141
10 9 59.095844725999996 0.141
10 10 59.095844725999996 0.141
10 11 59.095844725999996 0.141
10 12 59.095844725999996 0.141
10 13 59.095844725999996 0.141
10 14 59.095844725999996 0.141
10 15 59.095844725999996 0.141
10 16 66.455915522 0.657
10 17 66.455915522 0.657
10 18 66.455915522 0.657
10 19 66.455915522 0.657
10 20 66.455915522 0.657
10 21 66.455915522 0.657
10 22 66.455915522 0.657
10 23 66.455915522 0.657
10 24 66.455915522 0.657
10 25 66.455915522 0.657
10 26 66.455915522 0.657
10 27 66.455915522 0.657
10 28 66.455915522 0.657
10 29 66.455915522 0.657
10 30 66.455915522 0.657
10 31 66.455915522 0.657
10 32 58.967853998 0.9135
10 33 58.967853998 0.9135
10 34 58.967853998 0.9135
10 35 58.967853998 0.9135
10 36 58.967853998 0.9135
10 37 58.967853998 0.9135
10 38 58.967853998 0.9135
10 39 58.967853998 0.9135
10 40 58.967853998 0.9135
10 41 58.967853998 0.9135
10 42 58.967853998 0.9135
10 43 58.967853998 0.9135
10 44 58.967853998 0.9135
10 45 58.967853998 0.9135
10 46 58.967853998 0.9135
10 47 58.967853998 0.9135
10 48 73.83669555200001 1.092
10 49 73.83669555200001 1.092
10 50 73.83669555200001 1.092
10 51 73.83669555200001 1.092
10 52 73.83669555200001 1.092
10 53 73.83669555200001 1.092
10 54 73.83669555200001 1.092
10 55 73.83669555200001 1.092
10 56 73.83669555200001 1.092
10 57 73.83669555200001 1.092
10 58 73.83669555200001 1.092
10 59 73.83669555200001 1.092
10 60 73.83669555200001 1.092
10 61 73.83669555200001 1.092
10 62 73.83669555200001 1.092
10 63 73.83669555200001 1.092
10 64 82.54204222999999 1.122
10 65 82.54204222999999 1.122
10 66 82.54204222999999 1.122
10 67 82.54204222999999 1.122
10 68 82.54204222999999 1.122
10 69 82.54204222999999 1.122
10 70 82.54204222999999 1.122
10 71 82.54204222999999 1.122
10 72 82.54204222999999 1.122
10 73 82.54204222999999 1.122
10 74 82.54204222999999 1.122
10 75 82.54204222999999 1.122
10 76 82.54204222999999 1.122
10 77 82.54204222999999 1.122
10 78 82.54204222999999 1.122
10 79 82.54204222999999 1.122
10 80 62.303797616 1.1025
10 81 62.303797616 1.1025
10 82 62.303797616 1.1025
10 83 62.303797616 1.1025
10 84 62.303797616 1.1025
10 85 62.303797616 1.1025
10 86 62.303797616 1.1025
10 87 62.303797616 1.1025
10 88 62.303797616 1.1025
10 89 62.303797616 1.1025
10 90 62.303797616 1.1025
10 91 62.303797616 1.1025
10 92 62.303797616 1.1025
10 93 62.303797616 1.1025
10 94 62.303797616 1.1025
10 95 62.303797616 1.1025
10 96 71.673817136 1.044
10 97 71.673817136 1.044
10 98 71.673817136 1.044
10 99 71.673817136 1.044
10 100 71.673817136 1.044
10 101 71.673817136 1.044
10 102 71.673817136 1.044
10 103 71.673817136 1.044
10 104 71.673817136 1.044
10 105 71.673817136 1.044
10 106 71.673817136 1.044
10 107 71.673817136 1.044
10 108 71.673817136 1.044
10 109 71.673817136 1.044
10 110 71.673817136 1.044
10 111 71.673817136 1.044
10 112 63.02334716599999 0.2715
10 113 63.02334716599999 0.2715
10 114 63.02334716599999 0.2715
10 115 63.02334716599999 0.2715
10 116 63.02334716599999 0.2715
10 117 63.02334716599999 0.2715
10 118 63.02334716599999 0.2715
10 119 63.02334716599999 0.2715
10 120 63.02334716599999 0.2715
10 121 63.02334716599999 0.2715
10 122 63.02334716599999 0.2715
10 123 63.02334716599999 0.2715
10 124 63.02334716599999 0.2715
10 125 63.02334716599999 0.2715
10 126 63.02334716599999 0.2715
10 127 63.02334716599999 0.2715
11 0 59.348804936 0.1905
11 1 59.348804936 0.1905
11 2 59.348804936 0.1905
11 3 59.348804936 0.1905
11 4 59.348804936 0.1905
11 5 59.348804936 0.1905
11 6 59.348804936 0.1905
11 7 59.348804936 0.1905
11 8 59.348804936 0.1905
11 9 59.348804936 0.1905
11 10 59.348804936 0.1905
11 11 59.348804936 0.1905
11 12 59.348804936 0.1905
11 13 59.348804936 0.1905
11 14 59.348804936 0.1905
11 15 59.348804936 0.1905
11 16 68.27030762 0.4905
11 17 68.27030762 0.4905
11 18 68.27030762 0.4905
11 19 68.27030762 0.4905
11 20 68.27030762 0.4905
11 21 68.27030762 0.4905
11 22 68.27030762 0.4905
11 23 68.27030762 0.4905
11 24 68.27030762 0.4905
11 25 68.27030762 0.4905
11 26 68.27030762 0.4905
11 27 68.27030762 0.4905
11 28 68.27030762 0.4905
11 29 68.27030762 0.4905
11 30 68.27030762 0.4905
11 31 68.27030762 0.4905
11 32 61.103760980000004 0.615
11 33 61.103760980000004 0.615
11 34 61.103760980000004 0.615
11 35 61.103760980000004 0.615
11 36 61.103760980000004 0.615
11 37 61.103760980000004 0.615
11 38 61.103760980000004 0.615
11 39 61.103760980000004 0.615
11 40 61.103760980000004 0.615
11 41 61.103760980000004 0.615
11 42 61.103760980000004 0.615
11 43 61.103760980000004 0.615
11 44 61.103760980000004 0.615
11 45 61.103760980000004 0.615
11 46 61.103760980000004 0.615
11 47 61.103760980000004 0.615
11 48 74.851173104 1.2255
11 49 74.851173104 1.2255
11 50 74.851173104 1.2255
11 51 74.851173104 1.2255
11 52 74.851173104 1.2255
11 53 74.851173104 1.2255
11 54 74.851173104 1.2255
11 55 74.851173104 1.2255
11 56 74.851173104 1.2255
11 57 74.851173104 1.2255
11 58 74.851173104 1.2255
11 59 74.851173104 1.2255
11 60 74.851173104 1.2255
11 61 74.851173104 1.2255
11 62 74.851173104 1.2255
11 63 74.851173104 1.2255
11 64 84.117207038 1.251
11 65 84.117207038 1.251
11 66 84.117207038 1.251
11 67 84.117207038 1.251
11 68 84.117207038 1.251
11 69 84.117207038 1.251
11 70 84.117207038 1.251
11 71 84.117207038 1.251
11 72 84.117207038 1.251
11 73 84.117207038 1.251
11 74 84.117207038 1.251
11 75 84.117207038 1.251
11 76 84.117207038 1.251
11 77 84.117207038 1.251
11 78 84.117207038 1.251
11 79 84.117207038 1.251
11 80 63.59639405 1.236
11 81 63.59639405 1.236
11 82 63.59639405 1.236
11 83 63.59639405 1.236
11 84 63.59639405 1.236
11 85 63.59639405 1.236
11 86 63.59639405 1.236
11 87 63.59639405 1.236
11 88 63.59639405 1.236
11 89 63.59639405 1.236
11 90 63.59639405 1.236
11 91 63.59639405 1.236
11 92 63.59639405 1.236
11 93 63.59639405 1.236
11 94 63.59639405 1.236
11 95 63.59639405 1.236
11 96 73.26375854 1.1745
11 97 73.26375854 1.1745
11 98 73.26375854 1.1745
11 99 73.26375854 1.1745
11 100 73.26375854 1.1745
11 101 73.26375854 1.1745
11 102 73.26375854 1.1745
11 103 73.26375854 1.1745
11 104 73.26375854 1.1745
11 105 73.26375854 1.1745
11 106 73.26375854 1.1745
11 107 73.26375854 1.1745
11 108 73.26375854 1.1745
11 109 73.26375854 1.1745
11 110 73.26375854 1.1745
11 111 73.26375854 1.1745
11 112 65.114814452 0.321
11 113 65.114814452 0.321
11 114 65.114814452 0.321
11 115 65.114814452 0.321
11 116 65.114814452 0.321
11 117 65.114814452 0.321
11 118 65.114814452 0.321
11 119 65.114814452 0.321
11 120 65.114814452 0.321
11 121 65.114814452 0.321
11 122 65.114814452 0.321
11 123 65.114814452 0.321
11 124 65.114814452 0.321
11 125 65.114814452 0.321
11 126 65.114814452 0.321
11 127 65.114814452 0.321
12 0 59.190272222000004 0.159
12 1 59.190272222000004 0.159
12 2 59.190272222000004 0.159
12 3 59.190272222000004 0.159
12 4 59.190272222000004 0.159
12 5 59.190272222000004 0.159
12 6 59.190272222000004 0.159
12 7 59.190272222000004 0.159
12 8 74.93675658800001 1.176
12 9 74.93675658800001 1.176
12 10 74.93675658800001 1.176
12 11 74.93675658800001 1.176
12 12 74.93675658800001 1.176
12 13 74.93675658800001 1.176
12 14 74.93675658800001 1.176
12 15 74.93675658800001 1.176
12 16 69.51445435400001 0.69
12 17 69.51445435400001 0.69
12 18 69.51445435400001 0.69
12 19 69.51445435400001 0.69
12 20 69.51445435400001 0.69
12 21 69.51445435400001 0.69
12 22 69.51445435400001 0.69
12 23 69.51445435400001 0.69
12 24 71.890797128 1.074
12 25 71.890797128 1.074
12 26 71.890797128 1.074
12 27 71.890797128 1.074
12 28 71.890797128 1.074
12 29 71.890797128 1.074
12 30 71.890797128 1.074
12 31 71.890797128 1.074
12 32 62.697767342000006 1.188
12 33 62.697767342000006 1.188
12 34 62.697767342000006 1.188
12 35 62.697767342000006 1.188
12 36 62.697767342000006 1.188
12 37 62.697767342000006 1.188
12 38 62.697767342000006 1.188
12 39 62.697767342000006 1.188
12 40 74.54855469200001 1.2555
12 41 74.54855469200001 1.2555
12 42 74.54855469200001 1.2555
12 43 74.54855469200001 1.2555
12 44 74.54855469200001 1.2555
12 45 74.54855469200001 1.2555
12 46 74.54855469200001 1.2555
12 47 74.54855469200001 1.2555
12 48 76.4596814 1.2975
12 49 76.4596814 1.2975
12 50 76.4596814 1.2975
12 51 76.4596814 1.2975
12 52 76.4596814 1.2975
12 53 76.4596814 1.2975
12 54 76.4596814 1.2975
12 55 76.4596814 1.2975
12 56 76.480555424 1.3335
12 57 76.480555424 1.3335
12 58 76.480555424 1.3335
12 59 76.480555424 1.3335
12 60 76.480555424 1.3335
12 61 76.480555424 1.3335
12 62 76.480555424 1.3335
12 63 76.480555424 1.3335
12 64 85.09438598 1.3185
12 65 85.09438598 1.3185
12 66 85.09438598 1.3185
12 67 85.09438598 1.3185
12 68 85.09438598 1.3185
12 69 85.09438598 1.3185
12 70 85.09438598 1.3185
12 71 85.09438598 1.3185
12 72 70.269160154 0.7755
12 73 70.269160154 0.7755
12 74 70.269160154 0.7755
12 75 70.269160154 0.7755
12 76 70.269160154 0.7755
12 77 70.269160154 0.7755
12 78 70.269160154 0.7755
12 79 70.269160154 0.7755
12 80 64.694147954 0.8775
12 81 64.694147954 0.8775
12 82 64.694147954 0.8775
12 83 64.694147954 0.8775
12 84 64.694147954 0.8775
12 85 64.694147954 0.8775
12 86 64.694147954 0.8775
12 87 64.694147954 0.8775
12 88 69.803999024 1.3485
12 89 69.803999024 1.3485
12 90 69.803999024 1.3485
12 91 69.803999024 1.3485
12 92 69.803999024 1.3485
12 93 69.803999024 1.3485
12 94 69.803999024 1.3485
12 95 69.803999024 1.3485
12 96 74.396119388 1.242
12 97 74.396119388 1.242
12 98 74.396119388 1.242
12 99 74.396119388 1.242
12 100 74.396119388 1.242
12 101 74.396119388 1.242
12 102 74.396119388 1.242
12 103 74.396119388 1.242
12 104 73.847517098 0.8205
12 105 73.847517098 0.8205
12 106 73.847517098 0.8205
12 107 73.847517098 0.8205
12 108 73.847517098 0.8205
12 109 73.847517098 0.8205
12 110 73.847517098 0.8205
12 111 73.847517098 0.8205
12 112 66.763312988 0.5565
12 113 66.763312988 0.5565
12 114 66.763312988 0.5565
12 115 66.763312988 0.5565
12 116 66.763312988 0.5565
12 117 66.763312988 0.5565
12 118 66.763312988 0.5565
12 119 66.763312988 0.5565
12 120 70.767774662 1.3365
12 121 70.767774662 1.3365
12 122 70.767774662 1.3365
12 123 70.767774662 1.3365
12 124 70.767774662 1.3365
12 125 70.767774662 1.3365
12 126 70.767774662 1.3365
12 127 70.767774662 1.3365
13 0 58.980268562 0.243
13 1 58.980268562 0.243
13 2 58.980268562 0.243
13 3 58.980268562 0.243
13 4 58.980268562 0.243
13 5 58.980268562 0.243
13 6 58.980268562 0.243
13 7 58.980268562 0.243
13 8 76.33641478999999 1.263
13 9 76.33641478999999 1.263
13 10 76.33641478999999 1.263
13 11 76.33641478999999 1.263
13 12 76.33641478999999 1.263
13 13 76.33641478999999 1.263
13 14 76.33641478999999 1.263
13 15 76.33641478999999 1.263
13 16 69.60047729 0.9975
13 17 69.60047729 0.9975
13 18 69.60047729 0.9975
13 19 69.60047729 0.9975
13 20 69.60047729 0.9975
13 21 69.60047729 0.9975
13 22 69.60047729 0.9975
13 23 69.60047729 0.9975
13 24 73.753419182 0.5745
13 25 73.753419182 0.5745
13 26 73.753419182 0.5745
13 27 73.753419182 0.5745
13 28 73.753419182 0.5745
13 29 73.753419182 0.5745
13 30 73.753419182 0.5745
13 31 73.753419182 0.5745
13 32 63.139967041999995 1.32
13 33 63.139967041999995 1.32
13 34 63.139967041999995 1.32
13 35 63.139967041999995 1.32
13 36 63.139967041999995 1.32
13 37 63.139967041999995 1.32
13 38 63.139967041999995 1.32
13 39 63.139967041999995 1.32
13 40 73.936451408 1.2585
13 41 73.936451408 1.2585
13 42 73.936451408 1.2585
13 43 73.936451408 1.2585
13 44 73.936451408 1.2585
13 45 73.936451408 1.2585
13 46 73.936451408 1.2585
13 47 73.936451408 1.2585
13 48 77.64741332599999 1.302
13 49 77.64741332599999 1.302
13 50 77.64741332599999 1.302
13 51 77.64741332599999 1.302
13 52 77.64741332599999 1.302
13 53 77.64741332599999 1.302
13 54 77.64741332599999 1.302
13 55 77.64741332599999 1.302
13 56 77.91954467 1.3335
13 57 77.91954467 1.3335
13 58 77.91954467 1.3335
13 59 77.91954467 1.3335
13 60 77.91954467 1.3335
13 61 77.91954467 1.3335
13 62 77.91954467 1.3335
13 63 77.91954467 1.3335
13 64 85.568171378 1.3185
13 65 85.568171378 1.3185
13 66 85.568171378 1.3185
13 67 85.568171378 1.3185
13 68 85.568171378 1.3185
13 69 85.568171378 1.3185
13 70 85.568171378 1.3185
13 71 85.568171378 1.3185
13 72 70.26092040200001 0.702
13 73 70.26092040200001 0.702
13 74 70.26092040200001 0.702
13 75 70.26092040200001 0.702
13 76 70.26092040200001 0.702
13 77 70.26092040200001 0.702
13 78 70.26092040200001 0.702
13 79 70.26092040200001 0.702
13 80 65.432209478 1.0635
13 81 65.432209478 1.0635
13 82 65.432209478 1.0635
13 83 65.432209478 1.0635
13 84 65.432209478 1.0635
13 85 65.432209478 1.0635
13 86 65.432209478 1.0635
13 87 65.432209478 1.0635
13 88 70.38968018 0.7814999999999999
13 89 70.38968018 0.7814999999999999
13 90 70.38968018 0.7814999999999999
13 91 70.38968018 0.7814999999999999
13 92 70.38968018 0.7814999999999999
13 93 70.38968018 0.7814999999999999
13 94 70.38968018 0.7814999999999999
13 95 70.38968018 0.7814999999999999
13 96 75.048212894 1.2405
13 97 75.048212894 1.2405
13 98 75.048212894 1.2405
13 99 75.048212894 1.2405
13 100 75.048212894 1.2405
13 101 75.048212894 1.2405
13 102 75.048212894 1.2405
13 103 75.048212894 1.2405
13 104 72.940870364 0.8205
13 105 72.940870364 0.8205
13 106 72.940870364 0.8205
13 107 72.940870364 0.8205
13 108 72.940870364 0.8205
13 109 72.940870364 0.8205
13 110 72.940870364 0.8205
13 111 72.940870364 0.8205
13 112 67.830415034 0.426
13 113 67.830415034 0.426
13 114 67.830415034 0.426
13 115 67.830415034 0.426
13 116 67.830415034 0.426
13 117 67.830415034 0.426
13 118 67.830415034 0.426
13 119 67.830415034 0.426
13 120 71.41536377599999 1.3365
13 121 71.41536377599999 1.3365
13 122 71.41536377599999 1.3365
13 123 71.41536377599999 1.3365
13 124 71.41536377599999 1.3365
13 125 71.41536377599999 1.3365
13 126 71.41536377599999 1.3365
13 127 71.41536377599999 1.3365
14 0 59.150062256 0.393
14 1 59.150062256 0.393
14 2 59.150062256 0.393
14 3 59.150062256 0.393
14 4 59.150062256 0.393
14 5 59.150062256 0.393
14 6 59.150062256 0.393
14 7 59.150062256 0.393
14 8 76.87765625 1.1955
14 9 76.87765625 1.1955
14 10 76.87765625 1.1955
14 11 76.87765625 1.1955
14 12 76.87765625 1.1955
14 13 76.87765625 1.1955
14 14 76.87765625 1.1955
14 15 76.87765625 1.1955
14 16 68.789301764 0.6764999999999999
14 17 68.789301764 0.6764999999999999
14 18 68.789301764 0.6764999999999999
14 19 68.789301764 0.6764999999999999
14 20 68.789301764 0.6764999999999999
14 21 68.789301764 0.6764999999999999
14 22 68.789301764 0.6764999999999999
14 23 68.789301764 0.6764999999999999
14 24 74.862928472 1.026
14 25 74.862928472 1.026
14 26 74.862928472 1.026
14 27 74.862928472 1.026
14 28 74.862928472 1.026
14 29 74.862928472 1.026
14 30 74.862928472 1.026
14 31 74.862928472 1.026
14 32 63.271802984000004 1.2525
14 33 63.271802984000004 1.2525
14 34 63.271802984000004 1.2525
14 35 63.271802984000004 1.2525
14 36 63.271802984000004 1.2525
14 37 63.271802984000004 1.2525
14 38 63.271802984000004 1.2525
14 39 63.271802984000004 1.2525
14 40 73.384553228 1.1895
14 41 73.384553228 1.1895
14 42 73.384553228 1.1895
14 43 73.384553228 1.1895
14 44 73.384553228 1.1895
14 45 73.384553228 1.1895
14 46 73.384553228 1.1895
14 47 73.384553228 1.1895
14 48 77.61764037200001 1.236
14 49 77.61764037200001 1.236
14 50 77.61764037200001 1.236
14 51 77.61764037200001 1.236
14 52 77.61764037200001 1.236
14 53 77.61764037200001 1.236
14 54 77.61764037200001 1.236
14 55 77.61764037200001 1.236
14 56 78.661121828 1.062
14 57 78.661121828 1.062
14 58 78.661121828 1.062
14 59 78.661121828 1.062
14 60 78.661121828 1.062
14 61 78.661121828 1.062
14 62 78.661121828 1.062
14 63 78.661121828 1.062
14 64 85.50428588599999 1.251
14 65 85.50428588599999 1.251
14 66 85.50428588599999 1.251
14 67 85.50428588599999 1.251
14 68 85.50428588599999 1.251
14 69 85.50428588599999 1.251
14 70 85.50428588599999 1.251
14 71 85.50428588599999 1.251
14 72 69.916004636 0.972
14 73 69.916004636 0.972
14 74 69.916004636 0.972
14 75 69.916004636 0.972
14 76 69.916004636 0.972
14 77 69.916004636 0.972
14 78 69.916004636 0.972
14 79 69.916004636 0.972
14 80 65.348493656 1.2345
14 81 65.348493656 1.2345
14 82 65.348493656 1.2345
14 83 65.348493656 1.2345
14 84 65.348493656 1.2345
14 85 65.348493656 1.2345
14 86 65.348493656 1.2345
14 87 65.348493656 1.2345
14 88 70.393470458 0.8925
14 89 70.393470458 0.8925
14 90 70.393470458 0.8925
14 91 70.393470458 0.8925
14 92 70.393470458 0.8925
14 93 70.393470458 0.8925
14 94 70.393470458 0.8925
14 95 70.393470458 0.8925
14 96 75.20125243999999 0.9225
14 97 75.20125243999999 0.9225
14 98 75.20125243999999 0.9225
14 99 75.20125243999999 0.9225
14 100 75.20125243999999 0.9225
14 101 75.20125243999999 0.9225
14 102 75.20125243999999 0.9225
14 103 75.20125243999999 0.9225
14 104 72.460273442 1.2255
14 105 72.460273442 1.2255
14 106 72.460273442 1.2255
14 107 72.460273442 1.2255
14 108 72.460273442 1.2255
14 109 72.460273442 1.2255
14 110 72.460273442 1.2255
14 111 72.460273442 1.2255
14 112 68.15000732 0.4575
14 113 68.15000732 0.4575
14 114 68.15000732 0.4575
14 115 68.15000732 0.4575
14 116 68.15000732 0.4575
14 117 68.15000732 0.4575
14 118 68.15000732 0.4575
14 119 68.15000732 0.4575
14 120 71.70342529999999 1.2675
14 121 71.70342529999999 1.2675
14 122 71.70342529999999 1.2675
14 123 71.70342529999999 1.2675
14 124 71.70342529999999 1.2675
14 125 71.70342529999999 1.2675
14 126 71.70342529999999 1.2675
14 127 71.70342529999999 1.2675
15 0 59.030695796 0.6135
15 1 59.030695796 0.6135
15 2 59.030695796 0.6135
15 3 59.030695796 0.6135
15 4 65.913959966 0.2625
15 5 65.913959966 0.2625
15 6 65.913959966 0.2625
15 7 65.913959966 0.2625
15 8 76.43875244 1.0665
15 9 76.43875244 1.0665
15 10 76.43875244 1.0665
15 11 76.43875244 1.0665
15 12 64.818952628 0.9464999999999999
15 13 64.818952628 0.9464999999999999
15 14 64.818952628 0.9464999999999999
15 15 64.818952628 0.9464999999999999
15 16 67.867933352 0.702
15 17 67.867933352 0.702
15 18 67.867933352 0.702
15 19 67.867933352 0.702
15 20 80.302094726 0.852
15 21 80.302094726 0.852
15 22 80.302094726 0.852
15 23 80.302094726 0.852
15 24 75.079963382 0.708
15 25 75.079963382 0.708
15 26 75.079963382 0.708
15 27 75.079963382 0.708
15 28 82.232062988 0.9314999999999999
15 29 82.232062988 0.9314999999999999
15 30 82.232062988 0.9314999999999999
15 31 82.232062988 0.9314999999999999
15 32 63.548054204 1.0845
15 33 63.548054204 1.0845
15 34 63.548054204 1.0845
15 35 63.548054204 1.0845
15 36 75.386372072 1.08
15 37 75.386372072 1.08
15 38 75.386372072 1.08
15 39 75.386372072 1.08
15 40 72.748719482 1.0575
15 41 72.748719482 1.0575
15 42 72.748719482 1.0575
15 43 72.748719482 1.0575
15 44 86.273383784 1.0455
15 45 86.273383784 1.0455
15 46 86.273383784 1.0455
15 47 86.273383784 1.0455
15 48 76.858485116 1.107
15 49 76.858485116 1.107
15 50 76.858485116 1.107
15 51 76.858485116 1.107
15 52 73.418830574 0.8205
15 53 73.418830574 0.8205
15 54 73.418830574 0.8205
15 55 73.418830574 0.8205
15 56 78.680897222 1.131
15 57 78.680897222 1.131
15 58 78.680897222 1.131
15 59 78.680897222 1.131
15 60 70.043391122 0.46199999999999997
15 61 70.043391122 0.46199999999999997
15 62 70.043391122 0.46199999999999997
15 63 70.043391122 0.46199999999999997
15 64 84.873670646 1.1205
15 65 84.873670646 1.1205
15 66 84.873670646 1.1205
15 67 84.873670646 1.1205
15 68 81.761738288 1.1295
15 69 81.761738288 1.1295
15 70 81.761738288 1.1295
15 71 81.761738288 1.1295
15 72 69.35669067200001 0.927
15 73 69.35669067200001 0.927
15 74 69.35669067200001 0.927
15 75 69.35669067200001 0.927
15 76 81.657093506 0.5175
15 77 81.657093506 0.5175
15 78 81.657093506 0.5175
15 79 81.657093506 0.5175
15 80 64.674317624 0.5655
15 81 64.674317624 0.5655
15 82 64.674317624 0.5655
15 83 64.674317624 0.5655
15 84 82.637568356 1.0485
15 85 82.637568356 1.0485
15 86 82.637568356 1.0485
15 87 82.637568356 1.0485
15 88 69.737531738 0.555
15 89 69.737531738 0.555
15 90 69.737531738 0.555
15 91 69.737531738 0.555
15 92 92.29098021799999 1.0845
15 93 92.29098021799999 1.0845
15 94 92.29098021799999 1.0845
15 95 92.29098021799999 1.0845
15 96 74.85617188399999 1.0365
15 97 74.85617188399999 1.0365
15 98 74.85617188399999 1.0365
15 99 74.85617188399999 1.0365
15 100 76.331525882 1.0785
15 101 76.331525882 1.0785
15 102 76.331525882 1.0785
15 103 76.331525882 1.0785
15 104 72.528992924 0.882
15 105 72.528992924 0.882
15 106 72.528992924 0.882
15 107 72.528992924 0.882
15 108 68.98930786400001 0.23099999999999998
15 109 68.98930786400001 0.23099999999999998
15 110 68.98930786400001 0.23099999999999998
15 111 68.98930786400001 0.23099999999999998
15 112 67.726649174 0.438
15 113 67.726649174 0.438
15 114 67.726649174 0.438
15 115 67.726649174 0.438
15 116 74.958564452 0.3825
15 117 74.958564452 0.3825
15 118 74.958564452 0.3825
15 119 74.958564452 0.3825
15 120 71.524458014 1.1355
15 121 71.524458014 1.1355
15 122 71.524458014 1.1355
15 123 71.524458014 1.1355
15 124 62.116041253999995 0.3075
15 125 62.116041253999995 0.3075
15 126 62.116041253999995 0.3075
15 127 62.116041253999995 0.3075
16 0 58.254731438 0.3855
16 1 58.254731438 0.3855
16 2 58.254731438 0.3855
16 3 58.254731438 0.3855
16 4 64.39795655 0.741
16 5 64.39795655 0.741
16 6 64.39795655 0.741
16 7 64.39795655 0.741
16 8 75.389722898 0.885
16 9 75.389722898 0.885
16 10 75.389722898 0.885
16 11 75.389722898 0.885
16 12 63.590406494 0.666
16 13 63.590406494 0.666
16 14 63.590406494 0.666
16 15 63.590406494 0.666
16 16 67.045386956 0.5805
16 17 67.045386956 0.5805
16 18 67.045386956 0.5805
16 19 67.045386956 0.5805
16 20 80.918043206 0.375
16 21 80.918043206 0.375
16 22 80.918043206 0.375
16 23 80.918043206 0.375
16 24 74.443305668 0.96
16 25 74.443305668 0.96
16 26 74.443305668 0.96
16 27 74.443305668 0.96
16 28 81.02312744 0.918
16 29 81.02312744 0.918
16 30 81.02312744 0.918
16 31 81.02312744 0.918
16 32 63.739161374000005 0.9239999999999999
16 33 63.739161374000005 0.9239999999999999
16 34 63.739161374000005 0.9239999999999999
16 35 63.739161374000005 0.9239999999999999
16 36 75.62499512 0.7214999999999999
16 37 75.62499512 0.7214999999999999
16 38 75.62499512 0.7214999999999999
16 39 75.62499512 0.7214999999999999
16 40 71.755115972 0.8025
16 41 71.755115972 0.8025
16 42 71.755115972 0.8025
16 43 71.755115972 0.8025
16 44 85.946650394 0.9195
16 45 85.946650394 0.9195
16 46 85.946650394 0.9195
16 47 85.946650394 0.9195
16 48 75.74425170800001 0.3525
16 49 75.74425170800001 0.3525
16 50 75.74425170800001 0.3525
16 51 75.74425170800001 0.3525
16 52 72.36672485 0.8955
16 53 72.36672485 0.8955
16 54 72.36672485 0.8955
16 55 72.36672485 0.8955
16 56 77.971125488 0.9464999999999999
16 57 77.971125488 0.9464999999999999
16 58 77.971125488 0.9464999999999999
16 59 77.971125488 0.9464999999999999
16 60 68.91421631 0.366
16 61 68.91421631 0.366
16 62 68.91421631 0.366
16 63 68.91421631 0.366
16 64 83.697858878 0.9375
16 65 83.697858878 0.9375
16 66 83.697858878 0.9375
16 67 83.697858878 0.9375
16 68 80.746931156 0.948
16 69 80.746931156 0.948
16 70 80.746931156 0.948
16 71 80.746931156 0.948
16 72 68.63686646 0.45
16 73 68.63686646 0.45
16 74 68.63686646 0.45
16 75 68.63686646 0.45
16 76 81.019337162 0.528
16 77 81.019337162 0.528
16 78 81.019337162 0.528
16 79 81.019337162 0.528
16 80 63.989979242000004 0.25349999999999995
16 81 63.989979242000004 0.25349999999999995
16 82 63.989979242000004 0.25349999999999995
16 83 63.989979242000004 0.25349999999999995
16 84 81.718836674 0.8655
16 85 81.718836674 0.8655
16 86 81.718836674 0.8655
16 87 81.718836674 0.8655
16 88 68.568366704 0.6495
16 89 68.568366704 0.6495
16 90 68.568366704 0.6495
16 91 68.568366704 0.6495
16 92 90.763770758 0.9014999999999999
16 93 90.763770758 0.9014999999999999
16 94 90.763770758 0.9014999999999999
16 95 90.763770758 0.9014999999999999
16 96 74.024506832 0.852
16 97 74.024506832 0.852
16 98 74.024506832 0.852
16 99 74.024506832 0.852
16 100 75.687891854 0.723
16 101 75.687891854 0.723
16 102 75.687891854 0.723
16 103 75.687891854 0.723
16 104 73.322315672 0.9195
16 105 73.322315672 0.9195
16 106 73.322315672 0.9195
16 107 73.322315672 0.9195
16 108 68.693500976 0.903
16 109 68.693500976 0.903
16 110 68.693500976 0.903
16 111 68.693500976 0.903
16 112 66.62982911 0.24
16 113 66.62982911 0.24
16 114 66.62982911 0.24
16 115 66.62982911 0.24
16 116 75.186365972 0.9164999999999999
16 117 75.186365972 0.9164999999999999
16 118 75.186365972 0.9164999999999999
16 119 75.186365972 0.9164999999999999
16 120 70.830067136 0.9495
16 121 70.830067136 0.9495
16 122 70.830067136 0.9495
16 123 70.830067136 0.9495
16 124 62.160261224 0.564
16 125 62.160261224 0.564
16 126 62.160261224 0.564
16 127 62.160261224 0.564
17 0 57.354621584 0.594
17 1 57.354621584 0.594
17 2 57.354621584 0.594
17 3 57.354621584 0.594
17 4 63.343928227999996 0.681
17 5 63.343928227999996 0.681
17 6 63.343928227999996 0.681
17 7 63.343928227999996 0.681
17 8 73.77561158 0.6689999999999999
17 9 73.77561158 0.6689999999999999
17 10 73.77561158 0.6689999999999999
17 11 73.77561158 0.6689999999999999
17 12 62.171796884 0.543
17 13 62.171796884 0.543
17 14 62.171796884 0.543
17 15 62.171796884 0.543
17 16 66.19098021799999 0.423
17 17 66.19098021799999 0.423
17 18 66.19098021799999 0.423
17 19 66.19098021799999 0.423
17 20 80.276112068 0.2805
17 21 80.276112068 0.2805
17 22 80.276112068 0.2805
17 23 80.276112068 0.2805
17 24 73.040406494 0.7395
17 25 73.040406494 0.7395
17 26 73.040406494 0.7395
17 27 73.040406494 0.7395
17 28 79.169733878 0.6975
17 29 79.169733878 0.6975
17 30 79.169733878 0.6975
17 31 79.169733878 0.6975
17 32 63.757343750000004 0.6285
17 33 63.757343750000004 0.6285
17 34 63.757343750000004 0.6285
17 35 63.757343750000004 0.6285
17 36 75.009925544 0.6735
17 37 75.009925544 0.6735
17 38 75.009925544 0.6735
17 39 75.009925544 0.6735
17 40 70.619239508 0.5685
17 41 70.619239508 0.5685
17 42 70.619239508 0.5685
17 43 70.619239508 0.5685
17 44 84.74502075800001 0.5325
17 45 84.74502075800001 0.5325
17 46 84.74502075800001 0.5325
17 47 84.74502075800001 0.5325
17 48 74.220997316 0.345
17 49 74.220997316 0.345
17 50 74.220997316 0.345
17 51 74.220997316 0.345
17 52 70.789802252 0.672
17 53 70.789802252 0.672
17 54 70.789802252 0.672
17 55 70.789802252 0.672
17 56 76.54109009 0.7245
17 57 76.54109009 0.7245
17 58 76.54109009 0.7245
17 59 76.54109009 0.7245
17 60 68.011964114 0.3315
17 61 68.011964114 0.3315
17 62 68.011964114 0.3315
17 63 68.011964114 0.3315
17 64 82.038154298 0.7185
17 65 82.038154298 0.7185
17 66 82.038154298 0.7185
17 67 82.038154298 0.7185
17 68 79.18494994400001 0.7289999999999999
17 69 79.18494994400001 0.7289999999999999
17 70 79.18494994400001 0.7289999999999999
17 71 79.18494994400001 0.7289999999999999
17 72 67.660072016 0.5505
17 73 67.660072016 0.5505
17 74 67.660072016 0.5505
17 75 67.660072016 0.5505
17 76 80.14795655 0.4515
17 77 80.14795655 0.4515
17 78 80.14795655 0.4515
17 79 80.14795655 0.4515
17 80 63.204017342 0.666
17 81 63.204017342 0.666
17 82 63.204017342 0.666
17 83 63.204017342 0.666
17 84 79.931690672 0.648
17 85 79.931690672 0.648
17 86 79.931690672 0.648
17 87 79.931690672 0.648
17 88 66.932227778 0.567
17 89 66.932227778 0.567
17 90 66.932227778 0.567
17 91 66.932227778 0.567
17 92 88.527833258 0.6825
17 93 88.527833258 0.6825
17 94 88.527833258 0.6825
17 95 88.527833258 0.6825
17 96 72.703620608 0.633
17 97 72.703620608 0.633
17 98 72.703620608 0.633
17 99 72.703620608 0.633
17 100 74.520264884 0.678
17 101 74.520264884 0.678
17 102 74.520264884 0.678
17 103 74.520264884 0.678
17 104 73.738532714 0.6525
17 105 73.738532714 0.6525
17 106 73.738532714 0.6525
17 107 73.738532714 0.6525
17 108 67.906495364 0.672
17 109 67.906495364 0.672
17 110 67.906495364 0.672
17 111 67.906495364 0.672
17 112 64.821204842 0.2775
17 113 64.821204842 0.2775
17 114 64.821204842 0.2775
17 115 64.821204842 0.2775
17 116 74.556354974 0.6989999999999998
17 117 74.556354974 0.6989999999999998
17 118 74.556354974 0.6989999999999998
17 119 74.556354974 0.6989999999999998
17 120 69.66013305199999 0.7275
17 121 69.66013305199999 0.7275
17 122 69.66013305199999 0.7275
17 123 69.66013305199999 0.7275
17 124 61.568098142 0.3765
17 125 61.568098142 0.3765
17 126 61.568098142 0.3765
17 127 61.568098142 0.3765
18 0 56.450281982 0.3915
18 1 56.450281982 0.3915
18 2 69.590260004 0.378
18 3 69.590260004 0.378
18 4 62.096650394 0.426
18 5 62.096650394 0.426
18 6 76.27609985000001 0.495
18 7 76.27609985000001 0.495
18 8 71.447059328 0.4335
18 9 71.447059328 0.4335
18 10 85.183649906 0.4694999999999999
18 11 85.183649906 0.4694999999999999
18 12 60.392231437999996 0.3405
18 13 60.392231437999996 0.3405
18 14 85.183649906 0.4694999999999999
18 15 85.183649906 0.4694999999999999
18 16 65.111298836 0.399
18 17 65.111298836 0.399
18 18 76.22814453800001 0.49949999999999994
18 19 76.22814453800001 0.49949999999999994
18 20 78.549775394 0.3015
18 21 78.549775394 0.3015
18 22 74.63479737200001 0.4275
18 23 74.63479737200001 0.4275
18 24 70.904884028 0.5025
18 25 70.904884028 0.5025
18 26 67.16469848 0.213
18 27 67.16469848 0.213
18 28 76.73648192600001 0.4605
18 29 76.73648192600001 0.4605
18 30 67.748786618 0.426
18 31 67.748786618 0.426
18 32 63.23829467 0.066
18 33 63.23829467 0.066
18 34 73.68030518 0.4755
18 35 73.68030518 0.4755
18 36 72.98470581800001 0.4035
18 37 72.98470581800001 0.4035
18 38 63.866383052 0.4965
18 39 63.866383052 0.4965
18 40 69.477924812 0.1275
18 41 69.477924812 0.1275
18 42 73.324512932 0.4635
18 43 73.324512932 0.4635
18 44 82.26546143 0.456
18 45 82.26546143 0.456
18 46 82.883881832 0.4875
18 47 82.883881832 0.4875
18 48 71.930842286 0.468
18 49 71.930842286 0.468
18 50 73.88140991 0.495
18 51 73.88140991 0.495
18 52 68.498768318 0.43199999999999994
18 53 68.498768318 0.43199999999999994
18 54 69.223701164 0.49199999999999994
18 55 69.223701164 0.49199999999999994
18 56 74.186665034 0.486
18 57 74.186665034 0.486
18 58 71.25875366 0.489
18 59 71.25875366 0.489
18 60 66.16219604 0.2895
18 61 66.16219604 0.2895
18 62 73.93441893800001 0.4769999999999999
18 63 73.93441893800001 0.4769999999999999
18 64 79.663349606 0.483
18 65 79.663349606 0.483
18 66 68.1581372 0.309
18 67 68.1581372 0.309
18 68 76.27609985000001 0.495
18 69 76.27609985000001 0.495
18 70 75.883558352 0.4694999999999999
18 71 75.883558352 0.4694999999999999
18 72 66.396918938 0.423
18 73 66.396918938 0.423
18 74 80.006507564 0.483
18 75 80.006507564 0.483
18 76 78.76779908 0.2775
18 77 78.76779908 0.2775
18 78 60.076319576 0.51
18 79 60.076319576 0.51
18 80 61.915705574 0.4605
18 81 61.915705574 0.4605
18 82 75.74864624599999 0.4785
18 83 75.74864624599999 0.4785
18 84 77.276185304 0.414
18 85 77.276185304 0.414
18 86 70.21417359200001 0.2325
18 87 70.21417359200001 0.2325
18 88 64.782313232 0.3525
18 89 64.782313232 0.3525
18 90 69.325214846 0.456
18 91 69.325214846 0.456
18 92 85.337128904 0.4455
18 93 85.337128904 0.4455
18 94 67.69061402 0.441
18 95 67.69061402 0.441
18 96 70.029108878 0.4005
18 97 70.029108878 0.4005
18 98 70.560902102 0.471
18 99 70.560902102 0.471
18 100 72.64132813399999 0.4425
18 101 72.64132813399999 0.4425
18 102 65.08476685400001 0.44699999999999995
18 103 65.08476685400001 0.44699999999999995
18 104 72.727680668 0.4769999999999999
18 105 72.727680668 0.4769999999999999
18 106 69.49654662200001 0.49949999999999994
18 107 69.49654662200001 0.49949999999999994
18 108 66.618677984 0.4425
18 109 66.618677984 0.4425
18 110 58.47077759 0.318
18 111 58.47077759 0.318
18 112 62.383723141999994 0.207
18 113 62.383723141999994 0.207
18 114 82.304023442 0.48449999999999993
18 115 82.304023442 0.48449999999999993
18 116 73.396748048 0.468
18 117 73.396748048 0.468
18 118 79.599299324 0.3825
18 119 79.599299324 0.3825
18 120 67.841895758 0.4875
18 121 67.841895758 0.4875
18 122 75.571766366 0.4605
18 123 75.571766366 0.4605
18 124 60.602839358 0.018
18 125 60.602839358 0.018
18 126 68.58374756 0.471
18 127 68.58374756 0.471
19 0 55.591041254000004 0.012
19 1 55.591041254000004 0.012
19 2 67.23435180199999 0.2025
19 3 67.23435180199999 0.2025
19 4 60.001942136 0.23099999999999998
19 5 60.001942136 0.23099999999999998
19 6 73.630372316 0.2685
19 7 73.630372316 0.2685
19 8 68.24679688399999 0.20849999999999996
19 9 68.24679688399999 0.20849999999999996
19 10 82.238929448 0.2445
19 11 82.238929448 0.2445
19 12 58.116798104 0.174
19 13 58.116798104 0.174
19 14 82.238929448 0.2445
19 15 82.238929448 0.2445
19 16 63.729108878 0.1965
19 17 63.729108878 0.1965
19 18 73.269141854 0.2685
19 19 73.269141854 0.2685
19 20 76.134266366 0.0105
19 21 76.134266366 0.0105
19 22 71.90304688399999 0.195
19 23 71.90304688399999 0.195
19 24 67.745985116 0.273
19 25 67.745985116 0.273
19 26 64.472443844 0.225
19 27 64.472443844 0.225
19 28 73.413941648 0.2325
19 29 73.413941648 0.2325
19 30 64.781269538 0.17099999999999999
19 31 64.781269538 0.17099999999999999
19 32 61.671918938000005 0.2715
19 33 61.671918938000005 0.2715
19 34 70.43450439200001 0.219
19 35 70.43450439200001 0.219
19 36 69.630909422 0.213
19 37 69.630909422 0.213
19 38 62.23562744 0.27
19 39 62.23562744 0.27
19 40 67.937586674 0.0735
19 41 67.937586674 0.0735
19 42 70.14303710600001 0.234
19 43 70.14303710600001 0.234
19 44 78.791804204 0.2505
19 45 78.791804204 0.2505
19 46 79.391163326 0.261
19 47 79.391163326 0.261
19 48 68.695258784 0.23849999999999996
19 49 68.695258784 0.23849999999999996
19 50 70.79963500400001 0.18
19 51 70.79963500400001 0.18
19 52 65.287299812 0.177
19 53 65.287299812 0.177
19 54 67.17656371999999 0.2685
19 55 67.17656371999999 0.2685
19 56 70.7034497 0.2565
19 57 70.7034497 0.2565
19 58 68.804243168 0.2625
19 59 68.804243168 0.2625
19 60 63.394135735999996 0.18599999999999997
19 61 63.394135735999996 0.18599999999999997
19 62 70.26394164800001 0.252
19 63 70.26394164800001 0.252
19 64 76.687922372 0.258
19 65 76.687922372 0.258
19 66 66.38928344600001 0.207
19 67 66.38928344600001 0.207
19 68 73.630372316 0.2685
19 69 73.630372316 0.2685
19 70 73.012830818 0.23099999999999998
19 71 73.012830818 0.23099999999999998
19 72 65.069001464 0.102
19 73 65.069001464 0.102
19 74 76.926380612 0.255
19 75 76.926380612 0.255
19 76 76.602393806 0.243
19 77 76.602393806 0.243
19 78 56.830134272 0.2745
19 79 56.830134272 0.2745
19 80 59.81094482 0.1695
19 81 59.81094482 0.1695
19 82 73.02381713599999 0.258
19 83 73.02381713599999 0.258
19 84 73.997095946 0.192
19 85 73.997095946 0.192
19 86 67.252863776 0.23099999999999998
19 87 67.252863776 0.23099999999999998
19 88 62.443378904 0.228
19 89 62.443378904 0.228
19 90 67.56734741 0.264
19 91 67.56734741 0.264
19 92 81.22406738000001 0.1995
19 93 81.22406738000001 0.1995
19 94 65.111848142 0.219
19 95 65.111848142 0.219
19 96 68.01212890400001 0.1845
19 97 68.01212890400001 0.1845
19 98 67.47407348 0.27
19 99 67.47407348 0.27
19 100 70.137434084 0.219
19 101 70.137434084 0.219
19 102 62.651624756000004 0.219
19 103 62.651624756000004 0.219
19 104 70.453510736 0.25349999999999995
19 105 70.453510736 0.25349999999999995
19 106 67.15503051799999 0.273
19 107 67.15503051799999 0.273
19 108 65.588105462 0.222
19 109 65.588105462 0.222
19 110 56.118549812 0.183
19 111 56.118549812 0.183
19 112 59.136109628 0.1335
19 113 59.136109628 0.1335
19 114 78.86623657999999 0.2595
19 115 78.86623657999999 0.2595
19 116 71.473096922 0.24599999999999997
19 117 71.473096922 0.24599999999999997
19 118 76.030665278 0.2175
19 119 76.030665278 0.2175
19 120 65.03016479 0.258
19 121 65.03016479 0.258
19 122 73.28095214000001 0.23849999999999996
19 123 73.28095214000001 0.23849999999999996
19 124 59.46564453800001 0.147
19 125 59.46564453800001 0.147
19 126 65.879188232 0.2745
19 127 65.879188232 0.2745
20 0 54.751081549999995 0.003
20 1 54.751081549999995 0.003
20 2 64.93980225199999 0.06149999999999999
20 3 64.93980225199999 0.06149999999999999
20 4 57.93563354 0.06149999999999999
20 5 57.93563354 0.06149999999999999
20 6 72.064326164 0.084
20 7 72.064326164 0.084
20 8 65.639741216 0.0
20 9 65.639741216 0.0
20 10 79.343702384 0.0705
20 11 79.343702384 0.0705
20 12 56.461268318 0.0
20 13 56.461268318 0.0
20 14 79.343702384 0.0705
20 15 79.343702384 0.0705
20 16 62.72638671199999 0.05399999999999999
20 17 62.72638671199999 0.05399999999999999
20 18 70.878461918 0.0825
20 19 70.878461918 0.0825
20 20 74.42528808200001 0.003
20 21 74.42528808200001 0.003
20 22 69.577076408 0.057
20 23 69.577076408 0.057
20 24 65.323664546 0.087
20 25 65.323664546 0.087
20 26 61.534754636 0.0705
20 27 61.534754636 0.0705
20 28 71.175642098 0.0645
20 29 71.175642098 0.0645
20 30 62.29401978200001 0.05399999999999999
20 31 62.29401978200001 0.05399999999999999
20 32 59.411811524 0.087
20 33 59.411811524 0.087
20 34 67.10680054400001 0.0705
20 35 67.10680054400001 0.0705
20 36 66.924317624 0.0
20 37 66.924317624 0.0
20 38 60.372401126 0.087
20 39 60.372401126 0.087
20 40 65.92670411 0.0
20 41 65.92670411 0.0
20 42 67.44858521 0.0645
20 43 67.44858521 0.0645
20 44 75.536225582 0.0735
20 45 75.536225582 0.0735
20 46 75.60983399 0.0795
20 47 75.60983399 0.0795
20 48 66.479096678 0.069
20 49 66.479096678 0.069
20 50 67.79838988399999 0.05399999999999999
20 51 67.79838988399999 0.05399999999999999
20 52 62.377900394 0.0
20 53 62.377900394 0.0
20 54 66.342921134 0.08549999999999999
20 55 66.342921134 0.08549999999999999
20 56 67.732307132 0.069
20 57 67.732307132 0.069
20 58 66.435535886 0.081
20 59 66.435535886 0.081
20 60 60.94984253 0.0
20 61 60.94984253 0.0
20 62 66.56154907999999 0.08549999999999999
20 63 66.56154907999999 0.08549999999999999
20 64 74.167109384 0.078
20 65 74.167109384 0.078
20 66 64.721174324 0.06149999999999999
20 67 64.721174324 0.06149999999999999
20 68 72.064326164 0.084
20 69 72.064326164 0.084
20 70 70.63324707199999 0.069
20 71 70.63324707199999 0.069
20 72 64.518531494 0.026999999999999996
20 73 64.518531494 0.026999999999999996
20 74 74.910993656 0.075
20 75 74.910993656 0.075
20 76 74.392768562 0.0705
20 77 74.392768562 0.0705
20 78 53.481116948 0.084
20 79 53.481116948 0.084
20 80 57.72782714 0.0645
20 81 57.72782714 0.0645
20 82 70.43373536000001 0.081
20 83 70.43373536000001 0.081
20 84 71.113624268 0.0
20 85 71.113624268 0.0
20 86 65.350196528 0.066
20 87 65.350196528 0.066
20 88 61.261744388 0.0705
20 89 61.261744388 0.0705
20 90 65.46016967 0.084
20 91 65.46016967 0.084
20 92 77.972608634 0.057
20 93 77.972608634 0.057
20 94 62.506440428000005 0.045
20 95 62.506440428000005 0.045
20 96 67.683637688 0.0
20 97 67.683637688 0.0
20 98 64.17097899800001 0.08549999999999999
20 99 64.17097899800001 0.08549999999999999
20 100 67.846894538 0.06149999999999999
20 101 67.846894538 0.06149999999999999
20 102 62.210578622 0.057
20 103 62.210578622 0.057
20 104 67.89578369 0.0765
20 105 67.89578369 0.0765
20 106 65.138105462 0.0885
20 107 65.138105462 0.0885
20 108 65.08405274 0.06149999999999999
20 109 65.08405274 0.06149999999999999
20 110 54.263453378 0.0
20 111 54.263453378 0.0
20 112 56.616669914 0.0
20 113 56.616669914 0.0
20 114 75.56781128 0.078
20 115 75.56781128 0.078
20 116 69.583338626 0.072
20 117 69.583338626 0.072
20 118 73.110114752 0.0
20 119 73.110114752 0.0
20 120 62.643220213999996 0.0765
20 121 62.643220213999996 0.0765
20 122 71.57032592 0.0645
20 123 71.57032592 0.0645
20 124 58.363770758 0.0375
20 125 58.363770758 0.0375
20 126 63.159797372 0.0885
20 127 63.159797372 0.0885
21 0 53.91936158 0.0
21 1 67.231110848 0.0
21 2 63.062458502 0.0
21 3 64.514411618 0.0
21 4 57.344404298 0.0
21 5 66.56792113399999 0.0
21 6 70.228181156 0.0
21 7 66.903223874 0.0
21 8 64.254090578 0.0
21 9 69.735279542 0.0
21 10 77.12188232 0.0
21 11 69.77186402000001 0.0
21 12 55.842023929999996 0.0
21 13 57.706623536 0.0
21 14 77.12188232 0.0
21 15 65.599146734 0.0
21 16 62.182563476 0.0
21 17 58.02083252600001 0.0
21 18 69.74000366 0.0
21 19 63.277241216 0.0
21 20 73.68777588200001 0.0
21 21 64.854328622 0.0
21 22 68.442573236 0.0
21 23 55.842023929999996 0.0
21 24 64.68437012 0.0
21 25 62.309675299999995 0.0
21 26 59.453889152 0.0
21 27 62.595045158 0.0
21 28 70.76074341200001 0.0
21 29 67.743183596 0.0
21 30 60.651618656 0.0
21 31 61.639014884 0.0
21 32 57.601374512 0.0
21 33 70.695429692 0.0
21 34 65.039558108 0.0
21 35 56.262360848 0.0
21 36 65.613319088 0.0
21 37 70.209449456 0.0
21 38 58.946210942 0.0
21 39 70.97843750000001 0.0
21 40 63.898572992 0.0
21 41 72.76453979 0.0
21 42 66.06079223 0.0
21 43 59.73437012 0.0
21 44 73.285896002 0.0
21 45 75.945136712 0.0
21 46 72.76453979 0.0
21 47 71.635804448 0.0
21 48 65.842768562 0.0
21 49 73.91156738000001 0.0
21 50 65.849799812 0.0
21 51 63.062458502 0.0
21 52 60.594709478 0.0
21 53 65.026813964 0.0
21 54 66.235090334 0.0
21 55 64.985834966 0.0
21 56 66.2753003 0.0
21 57 73.800989996 0.0
21 58 65.141071772 0.0
21 59 68.442573236 0.0
21 60 59.73437012 0.0
21 61 59.789631344 0.0
21 62 64.238050544 0.0
21 63 74.039448236 0.0
21 64 72.348652346 0.0
21 65 61.738056644 0.0
21 66 63.537836917999996 0.0
21 67 63.942902834 0.0
21 68 70.228181156 0.0
21 69 56.411665033999995 0.0
21 70 69.407612312 0.0
21 71 72.99157226 0.0
21 72 64.42954223000001 0.0
21 73 56.058234872 0.0
21 74 73.647675788 0.0
21 75 68.890046378 0.0
21 76 72.99157226 0.0
21 77 51.345264884 0.0
21 78 51.686500244 0.0
21 79 59.958216554 0.0
21 80 56.411665033999995 0.0
21 81 65.718568112 0.0
21 82 68.337708746 0.0
21 83 61.424177252 0.0
21 84 69.19002807800001 0.0
21 85 66.984412838 0.0
21 86 64.854328622 0.0
21 87 68.656202384 0.0
21 88 61.172205818 0.0
21 89 72.61551024799999 0.0
21 90 63.825568844 0.0
21 91 65.953730462 0.0
21 92 76.045386956 0.0
21 93 65.60634277400001 0.0
21 94 60.689741216 0.0
21 95 73.826588138 0.0
21 96 66.85186279999999 0.0
21 97 71.310114752 0.0
21 98 61.868464358 0.0
21 99 66.06079223 0.0
21 100 66.271070552 0.0
21 101 55.567585453999996 0.0
21 102 63.09948241400001 0.0
21 103 68.199885248 0.0
21 104 66.21317261600001 0.0
21 105 55.70672729 0.0
21 106 64.018214114 0.0
21 107 64.75764893 0.0
21 108 64.514411618 0.0
21 109 72.76453979 0.0
21 110 53.09373902 0.0
21 111 60.637501220000004 0.0
21 112 55.567585453999996 0.0
21 113 58.997187499999995 0.0
21 114 73.73358887 0.0
21 115 61.424891366 0.0
21 116 68.30233276999999 0.0
21 117 69.644971922 0.0
21 118 71.742261956 0.0
21 119 72.516962894 0.0
21 120 61.738056644 0.0
21 121 66.81478393399999 0.0
21 122 70.695429692 0.0
21 123 62.082423104 0.0
21 124 57.433228754 0.0
21 125 49.97417114300001 0.0
21 126 61.424177252 0.0
21 127 66.8753186 0.0
22 0 53.044739996000004 0.0
22 1 66.32858399 0.0
22 2 61.669501952000005 0.0
22 3 63.802552496000004 0.0
22 4 57.960023198 0.0
22 5 65.66094482 0.0
22 6 68.333478998 0.0
22 7 65.88297851 0.0
22 8 63.10047119 0.0
22 9 68.547547616 0.0
22 10 75.35280884 0.0
22 11 67.67100341599999 0.0
22 12 55.430201408 0.0
22 13 56.24203613 0.0
22 14 75.35280884 0.0
22 15 64.457227778 0.0
22 16 61.411433108 0.0
22 17 56.814973142 0.0
22 18 68.857581794 0.0
22 19 62.188990484 0.0
22 20 73.190754392 0.0
22 21 64.249750976 0.0
22 22 67.056647954 0.0
22 23 55.430201408 0.0
22 24 64.26952637 0.0
22 25 61.006202384 0.0
22 26 58.047309572 0.0
22 27 61.26937988 0.0
22 28 70.16566893800001 0.0
22 29 66.44124878 0.0
22 30 59.005537106000006 0.0
22 31 60.490119632 0.0
22 32 56.51422241 0.0
22 33 69.77906006 0.0
22 34 63.392927252 0.0
22 35 55.283808596 0.0
22 36 64.63339356200001 0.0
22 37 68.27777832199999 0.0
22 38 58.150031737999996 0.0
22 39 69.537745364 0.0
22 40 62.293964845999994 0.0
22 41 70.500422372 0.0
22 42 65.154420158 0.0
22 43 58.891608878 0.0
22 44 71.551154786 0.0
22 45 74.439405518 0.0
22 46 70.500422372 0.0
22 47 69.47578247 0.0
22 48 65.383045646 0.0
22 49 72.05872314199999 0.0
22 50 64.53281372000001 0.0
22 51 61.669501952000005 0.0
22 52 59.236140128 0.0
22 53 63.927247316 0.0
22 54 65.139863288 0.0
22 55 64.55962036400001 0.0
22 56 65.269117436 0.0
22 57 72.53547485 0.0
22 58 64.332478022 0.0
22 59 67.056647954 0.0
22 60 58.891608878 0.0
22 61 58.04077271 0.0
22 62 62.388557132 0.0
22 63 72.71999024 0.0
22 64 70.763160398 0.0
22 65 61.211536862 0.0
22 66 62.621522221999996 0.0
22 67 63.047846678 0.0
22 68 68.333478998 0.0
22 69 55.449152834 0.0
22 70 68.208125 0.0
22 71 71.927271734 0.0
22 72 63.91296509 0.0
22 73 55.475849606 0.0
22 74 72.450989996 0.0
22 75 67.43671997 0.0
22 76 71.927271734 0.0
22 77 50.965577384 0.0
22 78 51.094447016000004 0.0
22 79 59.496021733999996 0.0
22 80 55.449152834 0.0
22 81 64.711121828 0.0
22 82 66.50041015400001 0.0
22 83 60.17700927200001 0.0
22 84 67.671607658 0.0
22 85 65.95944335600001 0.0
22 86 64.249750976 0.0
22 87 66.700690916 0.0
22 88 61.183247072 0.0
22 89 71.34631469600001 0.0
22 90 62.639814452 0.0
22 91 64.65036743600001 0.0
22 92 74.44484375 0.0
22 93 63.44296996999999 0.0
22 94 59.427906494 0.0
22 95 72.34766357000001 0.0
22 96 65.707471922 0.0
22 97 70.515803228 0.0
22 98 60.279127196000005 0.0
22 99 65.154420158 0.0
22 100 65.036042474 0.0
22 101 54.67516601 0.0
22 102 62.425416254 0.0
22 103 66.28579223 0.0
22 104 65.473188476 0.0
22 105 53.79532592 0.0
22 106 63.248676764 0.0
22 107 64.580219726 0.0
22 108 63.802552496000004 0.0
22 109 70.500422372 0.0
22 110 52.481635736 0.0
22 111 59.047230217999996 0.0
22 112 54.67516601 0.0
22 113 56.614912106000006 0.0
22 114 72.621278078 0.0
22 115 60.550489508 0.0
22 116 66.85845459800001 0.0
22 117 69.432716066 0.0
22 118 70.690046378 0.0
22 119 71.570271002 0.0
22 120 61.211536862 0.0
22 121 65.71527222200001 0.0
22 122 69.77906006 0.0
22 123 61.670271002 0.0
22 124 56.504938964000004 0.0
22 125 49.1876049812 0.0
22 126 60.17700927200001 0.0
22 127 65.76399658400001 0.0
23 0 52.18830078800001 0.0
23 1 65.505598142 0.0
23 2 60.469959722 0.0
23 3 63.134748536000004 0.0
23 4 58.48203857 0.0
23 5 64.936451408 0.0
23 6 66.39911621600001 0.0
23 7 65.00297363 0.0
23 8 62.30610473 0.0
23 9 67.60838134400001 0.0
23 10 73.757484122 0.0
23 11 65.688959966 0.0
23 12 54.987891854 0.0
23 13 54.846442868 0.0
23 14 73.757484122 0.0
23 15 63.030048836000006 0.0
23 16 60.422224118 0.0
23 17 55.728480218 0.0
23 18 67.90764893 0.0
23 19 60.60608033 0.0
23 20 72.654456794 0.0
23 21 63.400178228 0.0
23 22 65.40359009 0.0
23 23 54.987891854 0.0
23 24 63.548548592 0.0
23 25 59.911689452 0.0
23 26 56.748670646 0.0
23 27 60.174647222000004 0.0
23 28 69.134107658 0.0
23 29 65.073505856 0.0
23 30 57.11374634 0.0
23 31 59.550898442000005 0.0
23 32 55.708814696000005 0.0
23 33 68.652082526 0.0
23 34 61.674775394 0.0
23 35 54.408967286 0.0
23 36 63.633363044 0.0
23 37 66.690583502 0.0
23 38 57.862739264 0.0
23 39 68.362318112 0.0
23 40 61.205 0.0
23 41 68.453339846 0.0
23 42 64.390266122 0.0
23 43 57.99501464 0.0
23 44 69.934791254 0.0
23 45 73.02639893 0.0
23 46 68.453339846 0.0
23 47 67.493244632 0.0
23 48 64.94804198599999 0.0
23 49 70.64198119400001 0.0
23 50 63.537397466 0.0
23 51 60.469959722 0.0
23 52 57.999958502 0.0
23 53 62.819935304 0.0
23 54 63.844190672 0.0
23 55 64.063367924 0.0
23 56 64.24376342 0.0
23 57 71.766486824 0.0
23 58 63.596119388000005 0.0
23 59 65.40359009 0.0
23 60 57.99501464 0.0
23 61 56.536799324 0.0
23 62 60.264350582 0.0
23 63 71.449641122 0.0
23 64 69.31422850999999 0.0
23 65 60.647388907999996 0.0
23 66 61.777717286 0.0
23 67 62.269959721999996 0.0
23 68 66.39911621600001 0.0
23 69 54.542286374 0.0
23 70 66.897895514 0.0
23 71 70.841383052 0.0
23 72 63.114094238 0.0
23 73 54.752015372 0.0
23 74 71.14828613 0.0
23 75 66.028712162 0.0
23 76 70.841383052 0.0
23 77 50.510853266 0.0
23 78 50.931135248000004 0.0
23 79 59.044978022 0.0
23 80 54.542286374 0.0
23 81 63.773548592 0.0
23 82 64.838178716 0.0
23 83 58.918085942000005 0.0
23 84 66.229761956 0.0
23 85 65.01835448599999 0.0
23 86 63.400178228 0.0
23 87 64.085395514 0.0
23 88 61.465925299999995 0.0
23 89 70.026582038 0.0
23 90 61.44279908 0.0
23 91 63.34046753 0.0
23 92 72.93532225999999 0.0
23 93 61.526569820000006 0.0
23 94 58.363056644 0.0
23 95 71.013868412 0.0
23 96 64.89003417800001 0.0
23 97 69.512257076 0.0
23 98 58.91764649 0.0
23 99 64.390266122 0.0
23 100 63.937080086 0.0
23 101 53.744129636 0.0
23 102 60.563013908 0.0
23 103 64.53204467 0.0
23 104 65.033790278 0.0
23 105 51.871784665999996 0.0
23 106 62.476173104 0.0
23 107 63.944660642 0.0
23 108 63.134748536000004 0.0
23 109 68.453339846 0.0
23 110 52.370838626 0.0
23 111 57.531336674 0.0
23 112 53.744129636 0.0
23 113 54.523005368 0.0
23 114 71.276057132 0.0
23 115 59.99436158 0.0
23 116 65.21918457199999 0.0
23 117 69.200684816 0.0
23 118 69.27390869 0.0
23 119 70.639344482 0.0
23 120 60.647388907999996 0.0
23 121 64.70875975999999 0.0
23 122 68.652082526 0.0
23 123 61.390504148000005 0.0
23 124 55.555445552 0.0
23 125 48.6493847654 0.0
23 126 58.918085942000005 0.0
23 127 64.907447504 0.0
