time period scenario temperature renewable energy
0 0 61.360072016000004 0.0
0 1 61.360072016000004 0.0
0 2 61.360072016000004 0.0
0 3 61.360072016000004 0.0
0 4 61.360072016000004 0.0
0 5 61.360072016000004 0.0
0 6 61.360072016000004 0.0
0 7 61.360072016000004 0.0
0 8 61.360072016000004 0.0
0 9 61.360072016000004 0.0
0 10 61.360072016000004 0.0
0 11 61.360072016000004 0.0
0 12 61.360072016000004 0.0
0 13 61.360072016000004 0.0
0 14 61.360072016000004 0.0
0 15 61.360072016000004 0.0
0 16 61.360072016000004 0.0
0 17 61.360072016000004 0.0
0 18 61.360072016000004 0.0
0 19 61.360072016000004 0.0
0 20 61.360072016000004 0.0
0 21 61.360072016000004 0.0
0 22 61.360072016000004 0.0
0 23 61.360072016000004 0.0
0 24 61.360072016000004 0.0
0 25 61.360072016000004 0.0
0 26 61.360072016000004 0.0
0 27 61.360072016000004 0.0
0 28 61.360072016000004 0.0
0 29 61.360072016000004 0.0
0 30 61.360072016000004 0.0
0 31 61.360072016000004 0.0
0 32 61.360072016000004 0.0
0 33 61.360072016000004 0.0
0 34 61.360072016000004 0.0
0 35 61.360072016000004 0.0
0 36 61.360072016000004 0.0
0 37 61.360072016000004 0.0
0 38 61.360072016000004 0.0
0 39 61.360072016000004 0.0
0 40 61.360072016000004 0.0
0 41 61.360072016000004 0.0
0 42 61.360072016000004 0.0
0 43 61.360072016000004 0.0
0 44 61.360072016000004 0.0
0 45 61.360072016000004 0.0
0 46 61.360072016000004 0.0
0 47 61.360072016000004 0.0
0 48 61.360072016000004 0.0
0 49 61.360072016000004 0.0
0 50 61.360072016000004 0.0
0 51 61.360072016000004 0.0
0 52 61.360072016000004 0.0
0 53 61.360072016000004 0.0
0 54 61.360072016000004 0.0
0 55 61.360072016000004 0.0
0 56 61.360072016000004 0.0
0 57 61.360072016000004 0.0
0 58 61.360072016000004 0.0
0 59 61.360072016000004 0.0
0 60 61.360072016000004 0.0
0 61 61.360072016000004 0.0
0 62 61.360072016000004 0.0
0 63 61.360072016000004 0.0
0 64 61.360072016000004 0.0
0 65 61.360072016000004 0.0
0 66 61.360072016000004 0.0
0 67 61.360072016000004 0.0
0 68 61.360072016000004 0.0
0 69 61.360072016000004 0.0
0 70 61.360072016000004 0.0
0 71 61.360072016000004 0.0
0 72 61.360072016000004 0.0
0 73 61.360072016000004 0.0
0 74 61.360072016000004 0.0
0 75 61.360072016000004 0.0
0 76 61.360072016000004 0.0
0 77 61.360072016000004 0.0
0 78 61.360072016000004 0.0
0 79 61.360072016000004 0.0
0 80 61.360072016000004 0.0
0 81 61.360072016000004 0.0
0 82 61.360072016000004 0.0
0 83 61.360072016000004 0.0
0 84 61.360072016000004 0.0
0 85 61.360072016000004 0.0
0 86 61.360072016000004 0.0
0 87 61.360072016000004 0.0
0 88 61.360072016000004 0.0
0 89 61.360072016000004 0.0
0 90 61.360072016000004 0.0
0 91 61.360072016000004 0.0
0 92 61.360072016000004 0.0
0 93 61.360072016000004 0.0
0 94 61.360072016000004 0.0
0 95 61.360072016000004 0.0
0 96 61.360072016000004 0.0
0 97 61.360072016000004 0.0
0 98 61.360072016000004 0.0
0 99 61.360072016000004 0.0
0 100 61.360072016000004 0.0
0 101 61.360072016000004 0.0
0 102 61.360072016000004 0.0
0 103 61.360072016000004 0.0
0 104 61.360072016000004 0.0
0 105 61.360072016000004 0.0
0 106 61.360072016000004 0.0
0 107 61.360072016000004 0.0
0 108 61.360072016000004 0.0
0 109 61.360072016000004 0.0
0 110 61.360072016000004 0.0
0 111 61.360072016000004 0.0
0 112 61.360072016000004 0.0
0 113 61.360072016000004 0.0
0 114 61.360072016000004 0.0
0 115 61.360072016000004 0.0
0 116 61.360072016000004 0.0
0 117 61.360072016000004 0.0
0 118 61.360072016000004 0.0
0 119 61.360072016000004 0.0
0 120 61.360072016000004 0.0
0 121 61.360072016000004 0.0
0 122 61.360072016000004 0.0
0 123 61.360072016000004 0.0
0 124 61.360072016000004 0.0
0 125 61.360072016000004 0.0
0 126 61.360072016000004 0.0
0 127 61.360072016000004 0.0
1 0 60.107575675999996 0.0
1 1 60.107575675999996 0.0
1 2 60.107575675999996 0.0
1 3 60.107575675999996 0.0
1 4 60.107575675999996 0.0
1 5 60.107575675999996 0.0
1 6 60.107575675999996 0.0
1 7 60.107575675999996 0.0
1 8 60.107575675999996 0.0
1 9 60.107575675999996 0.0
1 10 60.107575675999996 0.0
1 11 60.107575675999996 0.0
1 12 60.107575675999996 0.0
1 13 60.107575675999996 0.0
1 14 60.107575675999996 0.0
1 15 60.107575675999996 0.0
1 16 60.107575675999996 0.0
1 17 60.107575675999996 0.0
1 18 60.107575675999996 0.0
1 19 60.107575675999996 0.0
1 20 60.107575675999996 0.0
1 21 60.107575675999996 0.0
1 22 60.107575675999996 0.0
1 23 60.107575675999996 0.0
1 24 60.107575675999996 0.0
1 25 60.107575675999996 0.0
1 26 60.107575675999996 0.0
1 27 60.107575675999996 0.0
1 28 60.107575675999996 0.0
1 29 60.107575675999996 0.0
1 30 60.107575675999996 0.0
1 31 60.107575675999996 0.0
1 32 60.107575675999996 0.0
1 33 60.107575675999996 0.0
1 34 60.107575675999996 0.0
1 35 60.107575675999996 0.0
1 36 60.107575675999996 0.0
1 37 60.107575675999996 0.0
1 38 60.107575675999996 0.0
1 39 60.107575675999996 0.0
1 40 60.107575675999996 0.0
1 41 60.107575675999996 0.0
1 42 60.107575675999996 0.0
1 43 60.107575675999996 0.0
1 44 60.107575675999996 0.0
1 45 60.107575675999996 0.0
1 46 60.107575675999996 0.0
1 47 60.107575675999996 0.0
1 48 60.107575675999996 0.0
1 49 60.107575675999996 0.0
1 50 60.107575675999996 0.0
1 51 60.107575675999996 0.0
1 52 60.107575675999996 0.0
1 53 60.107575675999996 0.0
1 54 60.107575675999996 0.0
1 55 60.107575675999996 0.0
1 56 60.107575675999996 0.0
1 57 60.107575675999996 0.0
1 58 60.107575675999996 0.0
1 59 60.107575675999996 0.0
1 60 60.107575675999996 0.0
1 61 60.107575675999996 0.0
1 62 60.107575675999996 0.0
1 63 60.107575675999996 0.0
1 64 60.107575675999996 0.0
1 65 60.107575675999996 0.0
1 66 60.107575675999996 0.0
1 67 60.107575675999996 0.0
1 68 60.107575675999996 0.0
1 69 60.107575675999996 0.0
1 70 60.107575675999996 0.0
1 71 60.107575675999996 0.0
1 72 60.107575675999996 0.0
1 73 60.107575675999996 0.0
1 74 60.107575675999996 0.0
1 75 60.107575675999996 0.0
1 76 60.107575675999996 0.0
1 77 60.107575675999996 0.0
1 78 60.107575675999996 0.0
1 79 60.107575675999996 0.0
1 80 60.107575675999996 0.0
1 81 60.107575675999996 0.0
1 82 60.107575675999996 0.0
1 83 60.107575675999996 0.0
1 84 60.107575675999996 0.0
1 85 60.107575675999996 0.0
1 86 60.107575675999996 0.0
1 87 60.107575675999996 0.0
1 88 60.107575675999996 0.0
1 89 60.107575675999996 0.0
1 90 60.107575675999996 0.0
1 91 60.107575675999996 0.0
1 92 60.107575675999996 0.0
1 93 60.107575675999996 0.0
1 94 60.107575675999996 0.0
1 95 60.107575675999996 0.0
1 96 60.107575675999996 0.0
1 97 60.107575675999996 0.0
1 98 60.107575675999996 0.0
1 99 60.107575675999996 0.0
1 100 60.107575675999996 0.0
1 101 60.107575675999996 0.0
1 102 60.107575675999996 0.0
1 103 60.107575675999996 0.0
1 104 60.107575675999996 0.0
1 105 60.107575675999996 0.0
1 106 60.107575675999996 0.0
1 107 60.107575675999996 0.0
1 108 60.107575675999996 0.0
1 109 60.107575675999996 0.0
1 110 60.107575675999996 0.0
1 111 60.107575675999996 0.0
1 112 60.107575675999996 0.0
1 113 60.107575675999996 0.0
1 114 60.107575675999996 0.0
1 115 60.107575675999996 0.0
1 116 60.107575675999996 0.0
1 117 60.107575675999996 0.0
1 118 60.107575675999996 0.0
1 119 60.107575675999996 0.0
1 120 60.107575675999996 0.0
1 121 60.107575675999996 0.0
1 122 60.107575675999996 0.0
1 123 60.107575675999996 0.0
1 124 60.107575675999996 0.0
1 125 60.107575675999996 0.0
1 126 60.107575675999996 0.0
1 127 60.107575675999996 0.0
2 0 59.01718262 0.0
2 1 59.01718262 0.0
2 2 59.01718262 0.0
2 3 59.01718262 0.0
2 4 59.01718262 0.0
2 5 59.01718262 0.0
2 6 59.01718262 0.0
2 7 59.01718262 0.0
2 8 59.01718262 0.0
2 9 59.01718262 0.0
2 10 59.01718262 0.0
2 11 59.01718262 0.0
2 12 59.01718262 0.0
2 13 59.01718262 0.0
2 14 59.01718262 0.0
2 15 59.01718262 0.0
2 16 59.01718262 0.0
2 17 59.01718262 0.0
2 18 59.01718262 0.0
2 19 59.01718262 0.0
2 20 59.01718262 0.0
2 21 59.01718262 0.0
2 22 59.01718262 0.0
2 23 59.01718262 0.0
2 24 59.01718262 0.0
2 25 59.01718262 0.0
2 26 59.01718262 0.0
2 27 59.01718262 0.0
2 28 59.01718262 0.0
2 29 59.01718262 0.0
2 30 59.01718262 0.0
2 31 59.01718262 0.0
2 32 59.01718262 0.0
2 33 59.01718262 0.0
2 34 59.01718262 0.0
2 35 59.01718262 0.0
2 36 59.01718262 0.0
2 37 59.01718262 0.0
2 38 59.01718262 0.0
2 39 59.01718262 0.0
2 40 59.01718262 0.0
2 41 59.01718262 0.0
2 42 59.01718262 0.0
2 43 59.01718262 0.0
2 44 59.01718262 0.0
2 45 59.01718262 0.0
2 46 59.01718262 0.0
2 47 59.01718262 0.0
2 48 59.01718262 0.0
2 49 59.01718262 0.0
2 50 59.01718262 0.0
2 51 59.01718262 0.0
2 52 59.01718262 0.0
2 53 59.01718262 0.0
2 54 59.01718262 0.0
2 55 59.01718262 0.0
2 56 59.01718262 0.0
2 57 59.01718262 0.0
2 58 59.01718262 0.0
2 59 59.01718262 0.0
2 60 59.01718262 0.0
2 61 59.01718262 0.0
2 62 59.01718262 0.0
2 63 59.01718262 0.0
2 64 59.01718262 0.0
2 65 59.01718262 0.0
2 66 59.01718262 0.0
2 67 59.01718262 0.0
2 68 59.01718262 0.0
2 69 59.01718262 0.0
2 70 59.01718262 0.0
2 71 59.01718262 0.0
2 72 59.01718262 0.0
2 73 59.01718262 0.0
2 74 59.01718262 0.0
2 75 59.01718262 0.0
2 76 59.01718262 0.0
2 77 59.01718262 0.0
2 78 59.01718262 0.0
2 79 59.01718262 0.0
2 80 59.01718262 0.0
2 81 59.01718262 0.0
2 82 59.01718262 0.0
2 83 59.01718262 0.0
2 84 59.01718262 0.0
2 85 59.01718262 0.0
2 86 59.01718262 0.0
2 87 59.01718262 0.0
2 88 59.01718262 0.0
2 89 59.01718262 0.0
2 90 59.01718262 0.0
2 91 59.01718262 0.0
2 92 59.01718262 0.0
2 93 59.01718262 0.0
2 94 59.01718262 0.0
2 95 59.01718262 0.0
2 96 59.01718262 0.0
2 97 59.01718262 0.0
2 98 59.01718262 0.0
2 99 59.01718262 0.0
2 100 59.01718262 0.0
2 101 59.01718262 0.0
2 102 59.01718262 0.0
2 103 59.01718262 0.0
2 104 59.01718262 0.0
2 105 59.01718262 0.0
2 106 59.01718262 0.0
2 107 59.01718262 0.0
2 108 59.01718262 0.0
2 109 59.01718262 0.0
2 110 59.01718262 0.0
2 111 59.01718262 0.0
2 112 59.01718262 0.0
2 113 59.01718262 0.0
2 114 59.01718262 0.0
2 115 59.01718262 0.0
2 116 59.01718262 0.0
2 117 59.01718262 0.0
2 118 59.01718262 0.0
2 119 59.01718262 0.0
2 120 59.01718262 0.0
2 121 59.01718262 0.0
2 122 59.01718262 0.0
2 123 59.01718262 0.0
2 124 59.01718262 0.0
2 125 59.01718262 0.0
2 126 59.01718262 0.0
2 127 59.01718262 0.0
3 0 57.728431400000005 0.0
3 1 57.728431400000005 0.0
3 2 57.728431400000005 0.0
3 3 57.728431400000005 0.0
3 4 57.728431400000005 0.0
3 5 57.728431400000005 0.0
3 6 57.728431400000005 0.0
3 7 57.728431400000005 0.0
3 8 57.728431400000005 0.0
3 9 57.728431400000005 0.0
3 10 57.728431400000005 0.0
3 11 57.728431400000005 0.0
3 12 57.728431400000005 0.0
3 13 57.728431400000005 0.0
3 14 57.728431400000005 0.0
3 15 57.728431400000005 0.0
3 16 57.728431400000005 0.0
3 17 57.728431400000005 0.0
3 18 57.728431400000005 0.0
3 19 57.728431400000005 0.0
3 20 57.728431400000005 0.0
3 21 57.728431400000005 0.0
3 22 57.728431400000005 0.0
3 23 57.728431400000005 0.0
3 24 57.728431400000005 0.0
3 25 57.728431400000005 0.0
3 26 57.728431400000005 0.0
3 27 57.728431400000005 0.0
3 28 57.728431400000005 0.0
3 29 57.728431400000005 0.0
3 30 57.728431400000005 0.0
3 31 57.728431400000005 0.0
3 32 57.728431400000005 0.0
3 33 57.728431400000005 0.0
3 34 57.728431400000005 0.0
3 35 57.728431400000005 0.0
3 36 57.728431400000005 0.0
3 37 57.728431400000005 0.0
3 38 57.728431400000005 0.0
3 39 57.728431400000005 0.0
3 40 57.728431400000005 0.0
3 41 57.728431400000005 0.0
3 42 57.728431400000005 0.0
3 43 57.728431400000005 0.0
3 44 57.728431400000005 0.0
3 45 57.728431400000005 0.0
3 46 57.728431400000005 0.0
3 47 57.728431400000005 0.0
3 48 57.728431400000005 0.0
3 49 57.728431400000005 0.0
3 50 57.728431400000005 0.0
3 51 57.728431400000005 0.0
3 52 57.728431400000005 0.0
3 53 57.728431400000005 0.0
3 54 57.728431400000005 0.0
3 55 57.728431400000005 0.0
3 56 57.728431400000005 0.0
3 57 57.728431400000005 0.0
3 58 57.728431400000005 0.0
3 59 57.728431400000005 0.0
3 60 57.728431400000005 0.0
3 61 57.728431400000005 0.0
3 62 57.728431400000005 0.0
3 63 57.728431400000005 0.0
3 64 61.843195796 0.0
3 65 61.843195796 0.0
3 66 61.843195796 0.0
3 67 61.843195796 0.0
3 68 61.843195796 0.0
3 69 61.843195796 0.0
3 70 61.843195796 0.0
3 71 61.843195796 0.0
3 72 61.843195796 0.0
3 73 61.843195796 0.0
3 74 61.843195796 0.0
3 75 61.843195796 0.0
3 76 61.843195796 0.0
3 77 61.843195796 0.0
3 78 61.843195796 0.0
3 79 61.843195796 0.0
3 80 61.843195796 0.0
3 81 61.843195796 0.0
3 82 61.843195796 0.0
3 83 61.843195796 0.0
3 84 61.843195796 0.0
3 85 61.843195796 0.0
3 86 61.843195796 0.0
3 87 61.843195796 0.0
3 88 61.843195796 0.0
3 89 61.843195796 0.0
3 90 61.843195796 0.0
3 91 61.843195796 0.0
3 92 61.843195796 0.0
3 93 61.843195796 0.0
3 94 61.843195796 0.0
3 95 61.843195796 0.0
3 96 61.843195796 0.0
3 97 61.843195796 0.0
3 98 61.843195796 0.0
3 99 61.843195796 0.0
3 100 61.843195796 0.0
3 101 61.843195796 0.0
3 102 61.843195796 0.0
3 103 61.843195796 0.0
3 104 61.843195796 0.0
3 105 61.843195796 0.0
3 106 61.843195796 0.0
3 107 61.843195796 0.0
3 108 61.843195796 0.0
3 109 61.843195796 0.0
3 110 61.843195796 0.0
3 111 61.843195796 0.0
3 112 61.843195796 0.0
3 113 61.843195796 0.0
3 114 61.843195796 0.0
3 115 61.843195796 0.0
3 116 61.843195796 0.0
3 117 61.843195796 0.0
3 118 61.843195796 0.0
3 119 61.843195796 0.0
3 120 61.843195796 0.0
3 121 61.843195796 0.0
3 122 61.843195796 0.0
3 123 61.843195796 0.0
3 124 61.843195796 0.0
3 125 61.843195796 0.0
3 126 61.843195796 0.0
3 127 61.843195796 0.0
4 0 57.03530396 0.0
4 1 57.03530396 0.0
4 2 57.03530396 0.0
4 3 57.03530396 0.0
4 4 57.03530396 0.0
4 5 57.03530396 0.0
4 6 57.03530396 0.0
4 7 57.03530396 0.0
4 8 57.03530396 0.0
4 9 57.03530396 0.0
4 10 57.03530396 0.0
4 11 57.03530396 0.0
4 12 57.03530396 0.0
4 13 57.03530396 0.0
4 14 57.03530396 0.0
4 15 57.03530396 0.0
4 16 57.03530396 0.0
4 17 57.03530396 0.0
4 18 57.03530396 0.0
4 19 57.03530396 0.0
4 20 57.03530396 0.0
4 21 57.03530396 0.0
4 22 57.03530396 0.0
4 23 57.03530396 0.0
4 24 57.03530396 0.0
4 25 57.03530396 0.0
4 26 57.03530396 0.0
4 27 57.03530396 0.0
4 28 57.03530396 0.0
4 29 57.03530396 0.0
4 30 57.03530396 0.0
4 31 57.03530396 0.0
4 32 57.03530396 0.0
4 33 57.03530396 0.0
4 34 57.03530396 0.0
4 35 57.03530396 0.0
4 36 57.03530396 0.0
4 37 57.03530396 0.0
4 38 57.03530396 0.0
4 39 57.03530396 0.0
4 40 57.03530396 0.0
4 41 57.03530396 0.0
4 42 57.03530396 0.0
4 43 57.03530396 0.0
4 44 57.03530396 0.0
4 45 57.03530396 0.0
4 46 57.03530396 0.0
4 47 57.03530396 0.0
4 48 57.03530396 0.0
4 49 57.03530396 0.0
4 50 57.03530396 0.0
4 51 57.03530396 0.0
4 52 57.03530396 0.0
4 53 57.03530396 0.0
4 54 57.03530396 0.0
4 55 57.03530396 0.0
4 56 57.03530396 0.0
4 57 57.03530396 0.0
4 58 57.03530396 0.0
4 59 57.03530396 0.0
4 60 57.03530396 0.0
4 61 57.03530396 0.0
4 62 57.03530396 0.0
4 63 57.03530396 0.0
4 64 60.553620608 0.0
4 65 60.553620608 0.0
4 66 60.553620608 0.0
4 67 60.553620608 0.0
4 68 60.553620608 0.0
4 69 60.553620608 0.0
4 70 60.553620608 0.0
4 71 60.553620608 0.0
4 72 60.553620608 0.0
4 73 60.553620608 0.0
4 74 60.553620608 0.0
4 75 60.553620608 0.0
4 76 60.553620608 0.0
4 77 60.553620608 0.0
4 78 60.553620608 0.0
4 79 60.553620608 0.0
4 80 60.553620608 0.0
4 81 60.553620608 0.0
4 82 60.553620608 0.0
4 83 60.553620608 0.0
4 84 60.553620608 0.0
4 85 60.553620608 0.0
4 86 60.553620608 0.0
4 87 60.553620608 0.0
4 88 60.553620608 0.0
4 89 60.553620608 0.0
4 90 60.553620608 0.0
4 91 60.553620608 0.0
4 92 60.553620608 0.0
4 93 60.553620608 0.0
4 94 60.553620608 0.0
4 95 60.553620608 0.0
4 96 60.553620608 0.0
4 97 60.553620608 0.0
4 98 60.553620608 0.0
4 99 60.553620608 0.0
4 100 60.553620608 0.0
4 101 60.553620608 0.0
4 102 60.553620608 0.0
4 103 60.553620608 0.0
4 104 60.553620608 0.0
4 105 60.553620608 0.0
4 106 60.553620608 0.0
4 107 60.553620608 0.0
4 108 60.553620608 0.0
4 109 60.553620608 0.0
4 110 60.553620608 0.0
4 111 60.553620608 0.0
4 112 60.553620608 0.0
4 113 60.553620608 0.0
4 114 60.553620608 0.0
4 115 60.553620608 0.0
4 116 60.553620608 0.0
4 117 60.553620608 0.0
4 118 60.553620608 0.0
4 119 60.553620608 0.0
4 120 60.553620608 0.0
4 121 60.553620608 0.0
4 122 60.553620608 0.0
4 123 60.553620608 0.0
4 124 60.553620608 0.0
4 125 60.553620608 0.0
4 126 60.553620608 0.0
4 127 60.553620608 0.0
5 0 57.589124756000004 0.08549999999999999
5 1 57.589124756000004 0.08549999999999999
5 2 57.589124756000004 0.08549999999999999
5 3 57.589124756000004 0.08549999999999999
5 4 57.589124756000004 0.08549999999999999
5 5 57.589124756000004 0.08549999999999999
5 6 57.589124756000004 0.08549999999999999
5 7 57.589124756000004 0.08549999999999999
5 8 57.589124756000004 0.08549999999999999
5 9 57.589124756000004 0.08549999999999999
5 10 57.589124756000004 0.08549999999999999
5 11 57.589124756000004 0.08549999999999999
5 12 57.589124756000004 0.08549999999999999
5 13 57.589124756000004 0.08549999999999999
5 14 57.589124756000004 0.08549999999999999
5 15 57.589124756000004 0.08549999999999999
5 16 57.589124756000004 0.08549999999999999
5 17 57.589124756000004 0.08549999999999999
5 18 57.589124756000004 0.08549999999999999
5 19 57.589124756000004 0.08549999999999999
5 20 57.589124756000004 0.08549999999999999
5 21 57.589124756000004 0.08549999999999999
5 22 57.589124756000004 0.08549999999999999
5 23 57.589124756000004 0.08549999999999999
5 24 57.589124756000004 0.08549999999999999
5 25 57.589124756000004 0.08549999999999999
5 26 57.589124756000004 0.08549999999999999
5 27 57.589124756000004 0.08549999999999999
5 28 57.589124756000004 0.08549999999999999
5 29 57.589124756000004 0.08549999999999999
5 30 57.589124756000004 0.08549999999999999
5 31 57.589124756000004 0.08549999999999999
5 32 57.589124756000004 0.08549999999999999
5 33 57.589124756000004 0.08549999999999999
5 34 57.589124756000004 0.08549999999999999
5 35 57.589124756000004 0.08549999999999999
5 36 57.589124756000004 0.08549999999999999
5 37 57.589124756000004 0.08549999999999999
5 38 57.589124756000004 0.08549999999999999
5 39 57.589124756000004 0.08549999999999999
5 40 57.589124756000004 0.08549999999999999
5 41 57.589124756000004 0.08549999999999999
5 42 57.589124756000004 0.08549999999999999
5 43 57.589124756000004 0.08549999999999999
5 44 57.589124756000004 0.08549999999999999
5 45 57.589124756000004 0.08549999999999999
5 46 57.589124756000004 0.08549999999999999
5 47 57.589124756000004 0.08549999999999999
5 48 57.589124756000004 0.08549999999999999
5 49 57.589124756000004 0.08549999999999999
5 50 57.589124756000004 0.08549999999999999
5 51 57.589124756000004 0.08549999999999999
5 52 57.589124756000004 0.08549999999999999
5 53 57.589124756000004 0.08549999999999999
5 54 57.589124756000004 0.08549999999999999
5 55 57.589124756000004 0.08549999999999999
5 56 57.589124756000004 0.08549999999999999
5 57 57.589124756000004 0.08549999999999999
5 58 57.589124756000004 0.08549999999999999
5 59 57.589124756000004 0.08549999999999999
5 60 57.589124756000004 0.08549999999999999
5 61 57.589124756000004 0.08549999999999999
5 62 57.589124756000004 0.08549999999999999
5 63 57.589124756000004 0.08549999999999999
5 64 59.663618168 0.0585
5 65 59.663618168 0.0585
5 66 59.663618168 0.0585
5 67 59.663618168 0.0585
5 68 59.663618168 0.0585
5 69 59.663618168 0.0585
5 70 59.663618168 0.0585
5 71 59.663618168 0.0585
5 72 59.663618168 0.0585
5 73 59.663618168 0.0585
5 74 59.663618168 0.0585
5 75 59.663618168 0.0585
5 76 59.663618168 0.0585
5 77 59.663618168 0.0585
5 78 59.663618168 0.0585
5 79 59.663618168 0.0585
5 80 59.663618168 0.0585
5 81 59.663618168 0.0585
5 82 59.663618168 0.0585
5 83 59.663618168 0.0585
5 84 59.663618168 0.0585
5 85 59.663618168 0.0585
5 86 59.663618168 0.0585
5 87 59.663618168 0.0585
5 88 59.663618168 0.0585
5 89 59.663618168 0.0585
5 90 59.663618168 0.0585
5 91 59.663618168 0.0585
5 92 59.663618168 0.0585
5 93 59.663618168 0.0585
5 94 59.663618168 0.0585
5 95 59.663618168 0.0585
5 96 59.663618168 0.0585
5 97 59.663618168 0.0585
5 98 59.663618168 0.0585
5 99 59.663618168 0.0585
5 100 59.663618168 0.0585
5 101 59.663618168 0.0585
5 102 59.663618168 0.0585
5 103 59.663618168 0.0585
5 104 59.663618168 0.0585
5 105 59.663618168 0.0585
5 106 59.663618168 0.0585
5 107 59.663618168 0.0585
5 108 59.663618168 0.0585
5 109 59.663618168 0.0585
5 110 59.663618168 0.0585
5 111 59.663618168 0.0585
5 112 59.663618168 0.0585
5 113 59.663618168 0.0585
5 114 59.663618168 0.0585
5 115 59.663618168 0.0585
5 116 59.663618168 0.0585
5 117 59.663618168 0.0585
5 118 59.663618168 0.0585
5 119 59.663618168 0.0585
5 120 59.663618168 0.0585
5 121 59.663618168 0.0585
5 122 59.663618168 0.0585
5 123 59.663618168 0.0585
5 124 59.663618168 0.0585
5 125 59.663618168 0.0585
5 126 59.663618168 0.0585
5 127 59.663618168 0.0585
6 0 60.49110839 0.144
6 1 60.49110839 0.144
6 2 60.49110839 0.144
6 3 60.49110839 0.144
6 4 60.49110839 0.144
6 5 60.49110839 0.144
6 6 60.49110839 0.144
6 7 60.49110839 0.144
6 8 60.49110839 0.144
6 9 60.49110839 0.144
6 10 60.49110839 0.144
6 11 60.49110839 0.144
6 12 60.49110839 0.144
6 13 60.49110839 0.144
6 14 60.49110839 0.144
6 15 60.49110839 0.144
6 16 60.49110839 0.144
6 17 60.49110839 0.144
6 18 60.49110839 0.144
6 19 60.49110839 0.144
6 20 60.49110839 0.144
6 21 60.49110839 0.144
6 22 60.49110839 0.144
6 23 60.49110839 0.144
6 24 60.49110839 0.144
6 25 60.49110839 0.144
6 26 60.49110839 0.144
6 27 60.49110839 0.144
6 28 60.49110839 0.144
6 29 60.49110839 0.144
6 30 60.49110839 0.144
6 31 60.49110839 0.144
6 32 64.864820552 0.222
6 33 64.864820552 0.222
6 34 64.864820552 0.222
6 35 64.864820552 0.222
6 36 64.864820552 0.222
6 37 64.864820552 0.222
6 38 64.864820552 0.222
6 39 64.864820552 0.222
6 40 64.864820552 0.222
6 41 64.864820552 0.222
6 42 64.864820552 0.222
6 43 64.864820552 0.222
6 44 64.864820552 0.222
6 45 64.864820552 0.222
6 46 64.864820552 0.222
6 47 64.864820552 0.222
6 48 64.864820552 0.222
6 49 64.864820552 0.222
6 50 64.864820552 0.222
6 51 64.864820552 0.222
6 52 64.864820552 0.222
6 53 64.864820552 0.222
6 54 64.864820552 0.222
6 55 64.864820552 0.222
6 56 64.864820552 0.222
6 57 64.864820552 0.222
6 58 64.864820552 0.222
6 59 64.864820552 0.222
6 60 64.864820552 0.222
6 61 64.864820552 0.222
6 62 64.864820552 0.222
6 63 64.864820552 0.222
6 64 59.91234863 0.1215
6 65 59.91234863 0.1215
6 66 59.91234863 0.1215
6 67 59.91234863 0.1215
6 68 59.91234863 0.1215
6 69 59.91234863 0.1215
6 70 59.91234863 0.1215
6 71 59.91234863 0.1215
6 72 59.91234863 0.1215
6 73 59.91234863 0.1215
6 74 59.91234863 0.1215
6 75 59.91234863 0.1215
6 76 59.91234863 0.1215
6 77 59.91234863 0.1215
6 78 59.91234863 0.1215
6 79 59.91234863 0.1215
6 80 59.91234863 0.1215
6 81 59.91234863 0.1215
6 82 59.91234863 0.1215
6 83 59.91234863 0.1215
6 84 59.91234863 0.1215
6 85 59.91234863 0.1215
6 86 59.91234863 0.1215
6 87 59.91234863 0.1215
6 88 59.91234863 0.1215
6 89 59.91234863 0.1215
6 90 59.91234863 0.1215
6 91 59.91234863 0.1215
6 92 59.91234863 0.1215
6 93 59.91234863 0.1215
6 94 59.91234863 0.1215
6 95 59.91234863 0.1215
6 96 65.340803228 0.21599999999999997
6 97 65.340803228 0.21599999999999997
6 98 65.340803228 0.21599999999999997
6 99 65.340803228 0.21599999999999997
6 100 65.340803228 0.21599999999999997
6 101 65.340803228 0.21599999999999997
6 102 65.340803228 0.21599999999999997
6 103 65.340803228 0.21599999999999997
6 104 65.340803228 0.21599999999999997
6 105 65.340803228 0.21599999999999997
6 106 65.340803228 0.21599999999999997
6 107 65.340803228 0.21599999999999997
6 108 65.340803228 0.21599999999999997
6 109 65.340803228 0.21599999999999997
6 110 65.340803228 0.21599999999999997
6 111 65.340803228 0.21599999999999997
6 112 65.340803228 0.21599999999999997
6 113 65.340803228 0.21599999999999997
6 114 65.340803228 0.21599999999999997
6 115 65.340803228 0.21599999999999997
6 116 65.340803228 0.21599999999999997
6 117 65.340803228 0.21599999999999997
6 118 65.340803228 0.21599999999999997
6 119 65.340803228 0.21599999999999997
6 120 65.340803228 0.21599999999999997
6 121 65.340803228 0.21599999999999997
6 122 65.340803228 0.21599999999999997
6 123 65.340803228 0.21599999999999997
6 124 65.340803228 0.21599999999999997
6 125 65.340803228 0.21599999999999997
6 126 65.340803228 0.21599999999999997
6 127 65.340803228 0.21599999999999997
7 0 65.03999756 0.2925
7 1 65.03999756 0.2925
7 2 65.03999756 0.2925
7 3 65.03999756 0.2925
7 4 65.03999756 0.2925
7 5 65.03999756 0.2925
7 6 65.03999756 0.2925
7 7 65.03999756 0.2925
7 8 65.03999756 0.2925
7 9 65.03999756 0.2925
7 10 65.03999756 0.2925
7 11 65.03999756 0.2925
7 12 65.03999756 0.2925
7 13 65.03999756 0.2925
7 14 65.03999756 0.2925
7 15 65.03999756 0.2925
7 16 65.03999756 0.2925
7 17 65.03999756 0.2925
7 18 65.03999756 0.2925
7 19 65.03999756 0.2925
7 20 65.03999756 0.2925
7 21 65.03999756 0.2925
7 22 65.03999756 0.2925
7 23 65.03999756 0.2925
7 24 65.03999756 0.2925
7 25 65.03999756 0.2925
7 26 65.03999756 0.2925
7 27 65.03999756 0.2925
7 28 65.03999756 0.2925
7 29 65.03999756 0.2925
7 30 65.03999756 0.2925
7 31 65.03999756 0.2925
7 32 68.410273442 0.4455
7 33 68.410273442 0.4455
7 34 68.410273442 0.4455
7 35 68.410273442 0.4455
7 36 68.410273442 0.4455
7 37 68.410273442 0.4455
7 38 68.410273442 0.4455
7 39 68.410273442 0.4455
7 40 68.410273442 0.4455
7 41 68.410273442 0.4455
7 42 68.410273442 0.4455
7 43 68.410273442 0.4455
7 44 68.410273442 0.4455
7 45 68.410273442 0.4455
7 46 68.410273442 0.4455
7 47 68.410273442 0.4455
7 48 68.410273442 0.4455
7 49 68.410273442 0.4455
7 50 68.410273442 0.4455
7 51 68.410273442 0.4455
7 52 68.410273442 0.4455
7 53 68.410273442 0.4455
7 54 68.410273442 0.4455
7 55 68.410273442 0.4455
7 56 68.410273442 0.4455
7 57 68.410273442 0.4455
7 58 68.410273442 0.4455
7 59 68.410273442 0.4455
7 60 68.410273442 0.4455
7 61 68.410273442 0.4455
7 62 68.410273442 0.4455
7 63 68.410273442 0.4455
7 64 61.519758296000006 0.026999999999999996
7 65 61.519758296000006 0.026999999999999996
7 66 61.519758296000006 0.026999999999999996
7 67 61.519758296000006 0.026999999999999996
7 68 61.519758296000006 0.026999999999999996
7 69 61.519758296000006 0.026999999999999996
7 70 61.519758296000006 0.026999999999999996
7 71 61.519758296000006 0.026999999999999996
7 72 61.519758296000006 0.026999999999999996
7 73 61.519758296000006 0.026999999999999996
7 74 61.519758296000006 0.026999999999999996
7 75 61.519758296000006 0.026999999999999996
7 76 61.519758296000006 0.026999999999999996
7 77 61.519758296000006 0.026999999999999996
7 78 61.519758296000006 0.026999999999999996
7 79 61.519758296000006 0.026999999999999996
7 80 61.519758296000006 0.026999999999999996
7 81 61.519758296000006 0.026999999999999996
7 82 61.519758296000006 0.026999999999999996
7 83 61.519758296000006 0.026999999999999996
7 84 61.519758296000006 0.026999999999999996
7 85 61.519758296000006 0.026999999999999996
7 86 61.519758296000006 0.026999999999999996
7 87 61.519758296000006 0.026999999999999996
7 88 61.519758296000006 0.026999999999999996
7 89 61.519758296000006 0.026999999999999996
7 90 61.519758296000006 0.026999999999999996
7 91 61.519758296000006 0.026999999999999996
7 92 61.519758296000006 0.026999999999999996
7 93 61.519758296000006 0.026999999999999996
7 94 61.519758296000006 0.026999999999999996
7 95 61.519758296000006 0.026999999999999996
7 96 70.19110229 0.4455
7 97 70.19110229 0.4455
7 98 70.19110229 0.4455
7 99 70.19110229 0.4455
7 100 70.19110229 0.4455
7 101 70.19110229 0.4455
7 102 70.19110229 0.4455
7 103 70.19110229 0.4455
7 104 70.19110229 0.4455
7 105 70.19110229 0.4455
7 106 70.19110229 0.4455
7 107 70.19110229 0.4455
7 108 70.19110229 0.4455
7 109 70.19110229 0.4455
7 110 70.19110229 0.4455
7 111 70.19110229 0.4455
7 112 70.19110229 0.4455
7 113 70.19110229 0.4455
7 114 70.19110229 0.4455
7 115 70.19110229 0.4455
7 116 70.19110229 0.4455
7 117 70.19110229 0.4455
7 118 70.19110229 0.4455
7 119 70.19110229 0.4455
7 120 70.19110229 0.4455
7 121 70.19110229 0.4455
7 122 70.19110229 0.4455
7 123 70.19110229 0.4455
7 124 70.19110229 0.4455
7 125 70.19110229 0.4455
7 126 70.19110229 0.4455
7 127 70.19110229 0.4455
8 0 68.778040766 0.465
8 1 68.778040766 0.465
8 2 68.778040766 0.465
8 3 68.778040766 0.465
8 4 68.778040766 0.465
8 5 68.778040766 0.465
8 6 68.778040766 0.465
8 7 68.778040766 0.465
8 8 68.778040766 0.465
8 9 68.778040766 0.465
8 10 68.778040766 0.465
8 11 68.778040766 0.465
8 12 68.778040766 0.465
8 13 68.778040766 0.465
8 14 68.778040766 0.465
8 15 68.778040766 0.465
8 16 68.778040766 0.465
8 17 68.778040766 0.465
8 18 68.778040766 0.465
8 19 68.778040766 0.465
8 20 68.778040766 0.465
8 21 68.778040766 0.465
8 22 68.778040766 0.465
8 23 68.778040766 0.465
8 24 68.778040766 0.465
8 25 68.778040766 0.465
8 26 68.778040766 0.465
8 27 68.778040766 0.465
8 28 68.778040766 0.465
8 29 68.778040766 0.465
8 30 68.778040766 0.465
8 31 68.778040766 0.465
8 32 72.072950432 0.63
8 33 72.072950432 0.63
8 34 72.072950432 0.63
8 35 72.072950432 0.63
8 36 72.072950432 0.63
8 37 72.072950432 0.63
8 38 72.072950432 0.63
8 39 72.072950432 0.63
8 40 72.072950432 0.63
8 41 72.072950432 0.63
8 42 72.072950432 0.63
8 43 72.072950432 0.63
8 44 72.072950432 0.63
8 45 72.072950432 0.63
8 46 72.072950432 0.63
8 47 72.072950432 0.63
8 48 72.072950432 0.63
8 49 72.072950432 0.63
8 50 72.072950432 0.63
8 51 72.072950432 0.63
8 52 72.072950432 0.63
8 53 72.072950432 0.63
8 54 72.072950432 0.63
8 55 72.072950432 0.63
8 56 72.072950432 0.63
8 57 72.072950432 0.63
8 58 72.072950432 0.63
8 59 72.072950432 0.63
8 60 72.072950432 0.63
8 61 72.072950432 0.63
8 62 72.072950432 0.63
8 63 72.072950432 0.63
8 64 63.726582038000004 0.297
8 65 63.726582038000004 0.297
8 66 63.726582038000004 0.297
8 67 63.726582038000004 0.297
8 68 63.726582038000004 0.297
8 69 63.726582038000004 0.297
8 70 63.726582038000004 0.297
8 71 63.726582038000004 0.297
8 72 63.726582038000004 0.297
8 73 63.726582038000004 0.297
8 74 63.726582038000004 0.297
8 75 63.726582038000004 0.297
8 76 63.726582038000004 0.297
8 77 63.726582038000004 0.297
8 78 63.726582038000004 0.297
8 79 63.726582038000004 0.297
8 80 63.726582038000004 0.297
8 81 63.726582038000004 0.297
8 82 63.726582038000004 0.297
8 83 63.726582038000004 0.297
8 84 63.726582038000004 0.297
8 85 63.726582038000004 0.297
8 86 63.726582038000004 0.297
8 87 63.726582038000004 0.297
8 88 63.726582038000004 0.297
8 89 63.726582038000004 0.297
8 90 63.726582038000004 0.297
8 91 63.726582038000004 0.297
8 92 63.726582038000004 0.297
8 93 63.726582038000004 0.297
8 94 63.726582038000004 0.297
8 95 63.726582038000004 0.297
8 96 74.73004883600001 0.6855
8 97 74.73004883600001 0.6855
8 98 74.73004883600001 0.6855
8 99 74.73004883600001 0.6855
8 100 74.73004883600001 0.6855
8 101 74.73004883600001 0.6855
8 102 74.73004883600001 0.6855
8 103 74.73004883600001 0.6855
8 104 74.73004883600001 0.6855
8 105 74.73004883600001 0.6855
8 106 74.73004883600001 0.6855
8 107 74.73004883600001 0.6855
8 108 74.73004883600001 0.6855
8 109 74.73004883600001 0.6855
8 110 74.73004883600001 0.6855
8 111 74.73004883600001 0.6855
8 112 74.73004883600001 0.6855
8 113 74.73004883600001 0.6855
8 114 74.73004883600001 0.6855
8 115 74.73004883600001 0.6855
8 116 74.73004883600001 0.6855
8 117 74.73004883600001 0.6855
8 118 74.73004883600001 0.6855
8 119 74.73004883600001 0.6855
8 120 74.73004883600001 0.6855
8 121 74.73004883600001 0.6855
8 122 74.73004883600001 0.6855
8 123 74.73004883600001 0.6855
8 124 74.73004883600001 0.6855
8 125 74.73004883600001 0.6855
8 126 74.73004883600001 0.6855
8 127 74.73004883600001 0.6855
9 0 71.41047485 0.9764999999999999
9 1 71.41047485 0.9764999999999999
9 2 71.41047485 0.9764999999999999
9 3 71.41047485 0.9764999999999999
9 4 71.41047485 0.9764999999999999
9 5 71.41047485 0.9764999999999999
9 6 71.41047485 0.9764999999999999
9 7 71.41047485 0.9764999999999999
9 8 71.41047485 0.9764999999999999
9 9 71.41047485 0.9764999999999999
9 10 71.41047485 0.9764999999999999
9 11 71.41047485 0.9764999999999999
9 12 71.41047485 0.9764999999999999
9 13 71.41047485 0.9764999999999999
9 14 71.41047485 0.9764999999999999
9 15 71.41047485 0.9764999999999999
9 16 77.606654054 0.9225
9 17 77.606654054 0.9225
9 18 77.606654054 0.9225
9 19 77.606654054 0.9225
9 20 77.606654054 0.9225
9 21 77.606654054 0.9225
9 22 77.606654054 0.9225
9 23 77.606654054 0.9225
9 24 77.606654054 0.9225
9 25 77.606654054 0.9225
9 26 77.606654054 0.9225
9 27 77.606654054 0.9225
9 28 77.606654054 0.9225
9 29 77.606654054 0.9225
9 30 77.606654054 0.9225
9 31 77.606654054 0.9225
9 32 74.78838622399999 0.7889999999999999
9 33 74.78838622399999 0.7889999999999999
9 34 74.78838622399999 0.7889999999999999
9 35 74.78838622399999 0.7889999999999999
9 36 74.78838622399999 0.7889999999999999
9 37 74.78838622399999 0.7889999999999999
9 38 74.78838622399999 0.7889999999999999
9 39 74.78838622399999 0.7889999999999999
9 40 74.78838622399999 0.7889999999999999
9 41 74.78838622399999 0.7889999999999999
9 42 74.78838622399999 0.7889999999999999
9 43 74.78838622399999 0.7889999999999999
9 44 74.78838622399999 0.7889999999999999
9 45 74.78838622399999 0.7889999999999999
9 46 74.78838622399999 0.7889999999999999
9 47 74.78838622399999 0.7889999999999999
9 48 70.92669189200001 0.9435
9 49 70.92669189200001 0.9435
9 50 70.92669189200001 0.9435
9 51 70.92669189200001 0.9435
9 52 70.92669189200001 0.9435
9 53 70.92669189200001 0.9435
9 54 70.92669189200001 0.9435
9 55 70.92669189200001 0.9435
9 56 70.92669189200001 0.9435
9 57 70.92669189200001 0.9435
9 58 70.92669189200001 0.9435
9 59 70.92669189200001 0.9435
9 60 70.92669189200001 0.9435
9 61 70.92669189200001 0.9435
9 62 70.92669189200001 0.9435
9 63 70.92669189200001 0.9435
9 64 65.817774662 0.6989999999999998
9 65 65.817774662 0.6989999999999998
9 66 65.817774662 0.6989999999999998
9 67 65.817774662 0.6989999999999998
9 68 65.817774662 0.6989999999999998
9 69 65.817774662 0.6989999999999998
9 70 65.817774662 0.6989999999999998
9 71 65.817774662 0.6989999999999998
9 72 65.817774662 0.6989999999999998
9 73 65.817774662 0.6989999999999998
9 74 65.817774662 0.6989999999999998
9 75 65.817774662 0.6989999999999998
9 76 65.817774662 0.6989999999999998
9 77 65.817774662 0.6989999999999998
9 78 65.817774662 0.6989999999999998
9 79 65.817774662 0.6989999999999998
9 80 92.876661374 0.921
9 81 92.876661374 0.921
9 82 92.876661374 0.921
9 83 92.876661374 0.921
9 84 92.876661374 0.921
9 85 92.876661374 0.921
9 86 92.876661374 0.921
9 87 92.876661374 0.921
9 88 92.876661374 0.921
9 89 92.876661374 0.921
9 90 92.876661374 0.921
9 91 92.876661374 0.921
9 92 92.876661374 0.921
9 93 92.876661374 0.921
9 94 92.876661374 0.921
9 95 92.876661374 0.921
9 96 77.73255737599999 0.9075
9 97 77.73255737599999 0.9075
9 98 77.73255737599999 0.9075
9 99 77.73255737599999 0.9075
9 100 77.73255737599999 0.9075
9 101 77.73255737599999 0.9075
9 102 77.73255737599999 0.9075
9 103 77.73255737599999 0.9075
9 104 77.73255737599999 0.9075
9 105 77.73255737599999 0.9075
9 106 77.73255737599999 0.9075
9 107 77.73255737599999 0.9075
9 108 77.73255737599999 0.9075
9 109 77.73255737599999 0.9075
9 110 77.73255737599999 0.9075
9 111 77.73255737599999 0.9075
9 112 74.47170532999999 0.8835
9 113 74.47170532999999 0.8835
9 114 74.47170532999999 0.8835
9 115 74.47170532999999 0.8835
9 116 74.47170532999999 0.8835
9 117 74.47170532999999 0.8835
9 118 74.47170532999999 0.8835
9 119 74.47170532999999 0.8835
9 120 74.47170532999999 0.8835
9 121 74.47170532999999 0.8835
9 122 74.47170532999999 0.8835
9 123 74.47170532999999 0.8835
9 124 74.47170532999999 0.8835
9 125 74.47170532999999 0.8835
9 126 74.47170532999999 0.8835
9 127 74.47170532999999 0.8835
10 0 73.439265128 1.158
10 1 73.439265128 1.158
10 2 73.439265128 1.158
10 3 73.439265128 1.158
10 4 73.439265128 1.158
10 5 73.439265128 1.158
10 6 73.439265128 1.158
10 7 73.439265128 1.158
10 8 73.439265128 1.158
10 9 73.439265128 1.158
10 10 73.439265128 1.158
10 11 73.439265128 1.158
10 12 73.439265128 1.158
10 13 73.439265128 1.158
10 14 73.439265128 1.158
10 15 73.439265128 1.158
10 16 78.48654908 1.1025
10 17 78.48654908 1.1025
10 18 78.48654908 1.1025
10 19 78.48654908 1.1025
10 20 78.48654908 1.1025
10 21 78.48654908 1.1025
10 22 78.48654908 1.1025
10 23 78.48654908 1.1025
10 24 78.48654908 1.1025
10 25 78.48654908 1.1025
10 26 78.48654908 1.1025
10 27 78.48654908 1.1025
10 28 78.48654908 1.1025
10 29 78.48654908 1.1025
10 30 78.48654908 1.1025
10 31 78.48654908 1.1025
10 32 76.679353022 0.906
10 33 76.679353022 0.906
10 34 76.679353022 0.906
10 35 76.679353022 0.906
10 36 76.679353022 0.906
10 37 76.679353022 0.906
10 38 76.679353022 0.906
10 39 76.679353022 0.906
10 40 76.679353022 0.906
10 41 76.679353022 0.906
10 42 76.679353022 0.906
10 43 76.679353022 0.906
10 44 76.679353022 0.906
10 45 76.679353022 0.906
10 46 76.679353022 0.906
10 47 76.679353022 0.906
10 48 72.63391235 1.128
10 49 72.63391235 1.128
10 50 72.63391235 1.128
10 51 72.63391235 1.128
10 52 72.63391235 1.128
10 53 72.63391235 1.128
10 54 72.63391235 1.128
10 55 72.63391235 1.128
10 56 72.63391235 1.128
10 57 72.63391235 1.128
10 58 72.63391235 1.128
10 59 72.63391235 1.128
10 60 72.63391235 1.128
10 61 72.63391235 1.128
10 62 72.63391235 1.128
10 63 72.63391235 1.128
10 64 67.689240728 0.3975
10 65 67.689240728 0.3975
10 66 67.689240728 0.3975
10 67 67.689240728 0.3975
10 68 67.689240728 0.3975
10 69 67.689240728 0.3975
10 70 67.689240728 0.3975
10 71 67.689240728 0.3975
10 72 67.689240728 0.3975
10 73 67.689240728 0.3975
10 74 67.689240728 0.3975
10 75 67.689240728 0.3975
10 76 67.689240728 0.3975
10 77 67.689240728 0.3975
10 78 67.689240728 0.3975
10 79 67.689240728 0.3975
10 80 95.991450188 1.1025
10 81 95.991450188 1.1025
10 82 95.991450188 1.1025
10 83 95.991450188 1.1025
10 84 95.991450188 1.1025
10 85 95.991450188 1.1025
10 86 95.991450188 1.1025
10 87 95.991450188 1.1025
10 88 95.991450188 1.1025
10 89 95.991450188 1.1025
10 90 95.991450188 1.1025
10 91 95.991450188 1.1025
10 92 95.991450188 1.1025
10 93 95.991450188 1.1025
10 94 95.991450188 1.1025
10 95 95.991450188 1.1025
10 96 80.30264405 1.0935
10 97 80.30264405 1.0935
10 98 80.30264405 1.0935
10 99 80.30264405 1.0935
10 100 80.30264405 1.0935
10 101 80.30264405 1.0935
10 102 80.30264405 1.0935
10 103 80.30264405 1.0935
10 104 80.30264405 1.0935
10 105 80.30264405 1.0935
10 106 80.30264405 1.0935
10 107 80.30264405 1.0935
10 108 80.30264405 1.0935
10 109 80.30264405 1.0935
10 110 80.30264405 1.0935
10 111 80.30264405 1.0935
10 112 77.967170402 1.0725
10 113 77.967170402 1.0725
10 114 77.967170402 1.0725
10 115 77.967170402 1.0725
10 116 77.967170402 1.0725
10 117 77.967170402 1.0725
10 118 77.967170402 1.0725
10 119 77.967170402 1.0725
10 120 77.967170402 1.0725
10 121 77.967170402 1.0725
10 122 77.967170402 1.0725
10 123 77.967170402 1.0725
10 124 77.967170402 1.0725
10 125 77.967170402 1.0725
10 126 77.967170402 1.0725
10 127 77.967170402 1.0725
11 0 75.269971922 1.287
11 1 75.269971922 1.287
11 2 75.269971922 1.287
11 3 75.269971922 1.287
11 4 75.269971922 1.287
11 5 75.269971922 1.287
11 6 75.269971922 1.287
11 7 75.269971922 1.287
11 8 75.269971922 1.287
11 9 75.269971922 1.287
11 10 75.269971922 1.287
11 11 75.269971922 1.287
11 12 75.269971922 1.287
11 13 75.269971922 1.287
11 14 75.269971922 1.287
11 15 75.269971922 1.287
11 16 78.68545655 1.1055
11 17 78.68545655 1.1055
11 18 78.68545655 1.1055
11 19 78.68545655 1.1055
11 20 78.68545655 1.1055
11 21 78.68545655 1.1055
11 22 78.68545655 1.1055
11 23 78.68545655 1.1055
11 24 78.68545655 1.1055
11 25 78.68545655 1.1055
11 26 78.68545655 1.1055
11 27 78.68545655 1.1055
11 28 78.68545655 1.1055
11 29 78.68545655 1.1055
11 30 78.68545655 1.1055
11 31 78.68545655 1.1055
11 32 77.85703247000001 0.876
11 33 77.85703247000001 0.876
11 34 77.85703247000001 0.876
11 35 77.85703247000001 0.876
11 36 77.85703247000001 0.876
11 37 77.85703247000001 0.876
11 38 77.85703247000001 0.876
11 39 77.85703247000001 0.876
11 40 77.85703247000001 0.876
11 41 77.85703247000001 0.876
11 42 77.85703247000001 0.876
11 43 77.85703247000001 0.876
11 44 77.85703247000001 0.876
11 45 77.85703247000001 0.876
11 46 77.85703247000001 0.876
11 47 77.85703247000001 0.876
11 48 73.999512932 1.26
11 49 73.999512932 1.26
11 50 73.999512932 1.26
11 51 73.999512932 1.26
11 52 73.999512932 1.26
11 53 73.999512932 1.26
11 54 73.999512932 1.26
11 55 73.999512932 1.26
11 56 73.999512932 1.26
11 57 73.999512932 1.26
11 58 73.999512932 1.26
11 59 73.999512932 1.26
11 60 73.999512932 1.26
11 61 73.999512932 1.26
11 62 73.999512932 1.26
11 63 73.999512932 1.26
11 64 69.00512817200001 0.0825
11 65 69.00512817200001 0.0825
11 66 69.00512817200001 0.0825
11 67 69.00512817200001 0.0825
11 68 69.00512817200001 0.0825
11 69 69.00512817200001 0.0825
11 70 69.00512817200001 0.0825
11 71 69.00512817200001 0.0825
11 72 69.00512817200001 0.0825
11 73 69.00512817200001 0.0825
11 74 69.00512817200001 0.0825
11 75 69.00512817200001 0.0825
11 76 69.00512817200001 0.0825
11 77 69.00512817200001 0.0825
11 78 69.00512817200001 0.0825
11 79 69.00512817200001 0.0825
11 80 98.218378904 1.2315
11 81 98.218378904 1.2315
11 82 98.218378904 1.2315
11 83 98.218378904 1.2315
11 84 98.218378904 1.2315
11 85 98.218378904 1.2315
11 86 98.218378904 1.2315
11 87 98.218378904 1.2315
11 88 98.218378904 1.2315
11 89 98.218378904 1.2315
11 90 98.218378904 1.2315
11 91 98.218378904 1.2315
11 92 98.218378904 1.2315
11 93 98.218378904 1.2315
11 94 98.218378904 1.2315
11 95 98.218378904 1.2315
11 96 82.503974606 1.2285
11 97 82.503974606 1.2285
11 98 82.503974606 1.2285
11 99 82.503974606 1.2285
11 100 82.503974606 1.2285
11 101 82.503974606 1.2285
11 102 82.503974606 1.2285
11 103 82.503974606 1.2285
11 104 82.503974606 1.2285
11 105 82.503974606 1.2285
11 106 82.503974606 1.2285
11 107 82.503974606 1.2285
11 108 82.503974606 1.2285
11 109 82.503974606 1.2285
11 110 82.503974606 1.2285
11 111 82.503974606 1.2285
11 112 80.44953125 1.206
11 113 80.44953125 1.206
11 114 80.44953125 1.206
11 115 80.44953125 1.206
11 116 80.44953125 1.206
11 117 80.44953125 1.206
11 118 80.44953125 1.206
11 119 80.44953125 1.206
11 120 80.44953125 1.206
11 121 80.44953125 1.206
11 122 80.44953125 1.206
11 123 80.44953125 1.206
11 124 80.44953125 1.206
11 125 80.44953125 1.206
11 126 80.44953125 1.206
11 127 80.44953125 1.206
12 0 76.75389527 1.2075
12 1 76.75389527 1.2075
12 2 76.75389527 1.2075
12 3 76.75389527 1.2075
12 4 76.75389527 1.2075
12 5 76.75389527 1.2075
12 6 76.75389527 1.2075
12 7 76.75389527 1.2075
12 8 90.56305054399999 1.3275
12 9 90.56305054399999 1.3275
12 10 90.56305054399999 1.3275
12 11 90.56305054399999 1.3275
12 12 90.56305054399999 1.3275
12 13 90.56305054399999 1.3275
12 14 90.56305054399999 1.3275
12 15 90.56305054399999 1.3275
12 16 78.643104242 1.1925
12 17 78.643104242 1.1925
12 18 78.643104242 1.1925
12 19 78.643104242 1.1925
12 20 78.643104242 1.1925
12 21 78.643104242 1.1925
12 22 78.643104242 1.1925
12 23 78.643104242 1.1925
12 24 81.30932128399999 1.059
12 25 81.30932128399999 1.059
12 26 81.30932128399999 1.059
12 27 81.30932128399999 1.059
12 28 81.30932128399999 1.059
12 29 81.30932128399999 1.059
12 30 81.30932128399999 1.059
12 31 81.30932128399999 1.059
12 32 78.412995608 0.8985
12 33 78.412995608 0.8985
12 34 78.412995608 0.8985
12 35 78.412995608 0.8985
12 36 78.412995608 0.8985
12 37 78.412995608 0.8985
12 38 78.412995608 0.8985
12 39 78.412995608 0.8985
12 40 67.55284545800001 1.326
12 41 67.55284545800001 1.326
12 42 67.55284545800001 1.326
12 43 67.55284545800001 1.326
12 44 67.55284545800001 1.326
12 45 67.55284545800001 1.326
12 46 67.55284545800001 1.326
12 47 67.55284545800001 1.326
12 48 74.96032226 1.3275
12 49 74.96032226 1.3275
12 50 74.96032226 1.3275
12 51 74.96032226 1.3275
12 52 74.96032226 1.3275
12 53 74.96032226 1.3275
12 54 74.96032226 1.3275
12 55 74.96032226 1.3275
12 56 75.825275882 0.9689999999999999
12 57 75.825275882 0.9689999999999999
12 58 75.825275882 0.9689999999999999
12 59 75.825275882 0.9689999999999999
12 60 75.825275882 0.9689999999999999
12 61 75.825275882 0.9689999999999999
12 62 75.825275882 0.9689999999999999
12 63 75.825275882 0.9689999999999999
12 64 69.570978998 0.444
12 65 69.570978998 0.444
12 66 69.570978998 0.444
12 67 69.570978998 0.444
12 68 69.570978998 0.444
12 69 69.570978998 0.444
12 70 69.570978998 0.444
12 71 69.570978998 0.444
12 72 68.304035642 0.6614999999999999
12 73 68.304035642 0.6614999999999999
12 74 68.304035642 0.6614999999999999
12 75 68.304035642 0.6614999999999999
12 76 68.304035642 0.6614999999999999
12 77 68.304035642 0.6614999999999999
12 78 68.304035642 0.6614999999999999
12 79 68.304035642 0.6614999999999999
12 80 99.73075683200001 1.299
12 81 99.73075683200001 1.299
12 82 99.73075683200001 1.299
12 83 99.73075683200001 1.299
12 84 99.73075683200001 1.299
12 85 99.73075683200001 1.299
12 86 99.73075683200001 1.299
12 87 99.73075683200001 1.299
12 88 71.772858878 1.068
12 89 71.772858878 1.068
12 90 71.772858878 1.068
12 91 71.772858878 1.068
12 92 71.772858878 1.068
12 93 71.772858878 1.068
12 94 71.772858878 1.068
12 95 71.772858878 1.068
12 96 84.27969482 1.299
12 97 84.27969482 1.299
12 98 84.27969482 1.299
12 99 84.27969482 1.299
12 100 84.27969482 1.299
12 101 84.27969482 1.299
12 102 84.27969482 1.299
12 103 84.27969482 1.299
12 104 75.34171265 0.96
12 105 75.34171265 0.96
12 106 75.34171265 0.96
12 107 75.34171265 0.96
12 108 75.34171265 0.96
12 109 75.34171265 0.96
12 110 75.34171265 0.96
12 111 75.34171265 0.96
12 112 82.168067624 1.275
12 113 82.168067624 1.275
12 114 82.168067624 1.275
12 115 82.168067624 1.275
12 116 82.168067624 1.275
12 117 82.168067624 1.275
12 118 82.168067624 1.275
12 119 82.168067624 1.275
12 120 77.05217408 1.26
12 121 77.05217408 1.26
12 122 77.05217408 1.26
12 123 77.05217408 1.26
12 124 77.05217408 1.26
12 125 77.05217408 1.26
12 126 77.05217408 1.26
12 127 77.05217408 1.26
13 0 77.614948724 0.9345
13 1 77.614948724 0.9345
13 2 77.614948724 0.9345
13 3 77.614948724 0.9345
13 4 77.614948724 0.9345
13 5 77.614948724 0.9345
13 6 77.614948724 0.9345
13 7 77.614948724 0.9345
13 8 91.59845703799999 1.149
13 9 91.59845703799999 1.149
13 10 91.59845703799999 1.149
13 11 91.59845703799999 1.149
13 12 91.59845703799999 1.149
13 13 91.59845703799999 1.149
13 14 91.59845703799999 1.149
13 15 91.59845703799999 1.149
13 16 78.61020018800001 1.083
13 17 78.61020018800001 1.083
13 18 78.61020018800001 1.083
13 19 78.61020018800001 1.083
13 20 78.61020018800001 1.083
13 21 78.61020018800001 1.083
13 22 78.61020018800001 1.083
13 23 78.61020018800001 1.083
13 24 81.696149906 1.224
13 25 81.696149906 1.224
13 26 81.696149906 1.224
13 27 81.696149906 1.224
13 28 81.696149906 1.224
13 29 81.696149906 1.224
13 30 81.696149906 1.224
13 31 81.696149906 1.224
13 32 78.654914546 0.9914999999999999
13 33 78.654914546 0.9914999999999999
13 34 78.654914546 0.9914999999999999
13 35 78.654914546 0.9914999999999999
13 36 78.654914546 0.9914999999999999
13 37 78.654914546 0.9914999999999999
13 38 78.654914546 0.9914999999999999
13 39 78.654914546 0.9914999999999999
13 40 67.31735351 0.222
13 41 67.31735351 0.222
13 42 67.31735351 0.222
13 43 67.31735351 0.222
13 44 67.31735351 0.222
13 45 67.31735351 0.222
13 46 67.31735351 0.222
13 47 67.31735351 0.222
13 48 75.49892700800001 1.3275
13 49 75.49892700800001 1.3275
13 50 75.49892700800001 1.3275
13 51 75.49892700800001 1.3275
13 52 75.49892700800001 1.3275
13 53 75.49892700800001 1.3275
13 54 75.49892700800001 1.3275
13 55 75.49892700800001 1.3275
13 56 76.34069945600001 1.05
13 57 76.34069945600001 1.05
13 58 76.34069945600001 1.05
13 59 76.34069945600001 1.05
13 60 76.34069945600001 1.05
13 61 76.34069945600001 1.05
13 62 76.34069945600001 1.05
13 63 76.34069945600001 1.05
13 64 69.716437988 0.37949999999999995
13 65 69.716437988 0.37949999999999995
13 66 69.716437988 0.37949999999999995
13 67 69.716437988 0.37949999999999995
13 68 69.716437988 0.37949999999999995
13 69 69.716437988 0.37949999999999995
13 70 69.716437988 0.37949999999999995
13 71 69.716437988 0.37949999999999995
13 72 68.181647954 0.5085
13 73 68.181647954 0.5085
13 74 68.181647954 0.5085
13 75 68.181647954 0.5085
13 76 68.181647954 0.5085
13 77 68.181647954 0.5085
13 78 68.181647954 0.5085
13 79 68.181647954 0.5085
13 80 100.519465334 1.3004999999999998
13 81 100.519465334 1.3004999999999998
13 82 100.519465334 1.3004999999999998
13 83 100.519465334 1.3004999999999998
13 84 100.519465334 1.3004999999999998
13 85 100.519465334 1.3004999999999998
13 86 100.519465334 1.3004999999999998
13 87 100.519465334 1.3004999999999998
13 88 72.73097655800001 0.6405
13 89 72.73097655800001 0.6405
13 90 72.73097655800001 0.6405
13 91 72.73097655800001 0.6405
13 92 72.73097655800001 0.6405
13 93 72.73097655800001 0.6405
13 94 72.73097655800001 0.6405
13 95 72.73097655800001 0.6405
13 96 85.56207396799999 1.302
13 97 85.56207396799999 1.302
13 98 85.56207396799999 1.302
13 99 85.56207396799999 1.302
13 100 85.56207396799999 1.302
13 101 85.56207396799999 1.302
13 102 85.56207396799999 1.302
13 103 85.56207396799999 1.302
13 104 75.77737548799999 0.687
13 105 75.77737548799999 0.687
13 106 75.77737548799999 0.687
13 107 75.77737548799999 0.687
13 108 75.77737548799999 0.687
13 109 75.77737548799999 0.687
13 110 75.77737548799999 0.687
13 111 75.77737548799999 0.687
13 112 83.21775634400001 1.2735
13 113 83.21775634400001 1.2735
13 114 83.21775634400001 1.2735
13 115 83.21775634400001 1.2735
13 116 83.21775634400001 1.2735
13 117 83.21775634400001 1.2735
13 118 83.21775634400001 1.2735
13 119 83.21775634400001 1.2735
13 120 77.09688842 1.26
13 121 77.09688842 1.26
13 122 77.09688842 1.26
13 123 77.09688842 1.26
13 124 77.09688842 1.26
13 125 77.09688842 1.26
13 126 77.09688842 1.26
13 127 77.09688842 1.26
14 0 77.753376464 1.2825
14 1 77.753376464 1.2825
14 2 77.753376464 1.2825
14 3 77.753376464 1.2825
14 4 77.753376464 1.2825
14 5 77.753376464 1.2825
14 6 77.753376464 1.2825
14 7 77.753376464 1.2825
14 8 91.78077515000001 1.0995
14 9 91.78077515000001 1.0995
14 10 91.78077515000001 1.0995
14 11 91.78077515000001 1.0995
14 12 91.78077515000001 1.0995
14 13 91.78077515000001 1.0995
14 14 91.78077515000001 1.0995
14 15 91.78077515000001 1.0995
14 16 78.672437744 1.23
14 17 78.672437744 1.23
14 18 78.672437744 1.23
14 19 78.672437744 1.23
14 20 78.672437744 1.23
14 21 78.672437744 1.23
14 22 78.672437744 1.23
14 23 78.672437744 1.23
14 24 81.58343018 1.155
14 25 81.58343018 1.155
14 26 81.58343018 1.155
14 27 81.58343018 1.155
14 28 81.58343018 1.155
14 29 81.58343018 1.155
14 30 81.58343018 1.155
14 31 81.58343018 1.155
14 32 78.61530884 0.705
14 33 78.61530884 0.705
14 34 78.61530884 0.705
14 35 78.61530884 0.705
14 36 78.61530884 0.705
14 37 78.61530884 0.705
14 38 78.61530884 0.705
14 39 78.61530884 0.705
14 40 67.02703979 0.3135
14 41 67.02703979 0.3135
14 42 67.02703979 0.3135
14 43 67.02703979 0.3135
14 44 67.02703979 0.3135
14 45 67.02703979 0.3135
14 46 67.02703979 0.3135
14 47 67.02703979 0.3135
14 48 75.698823236 1.2585
14 49 75.698823236 1.2585
14 50 75.698823236 1.2585
14 51 75.698823236 1.2585
14 52 75.698823236 1.2585
14 53 75.698823236 1.2585
14 54 75.698823236 1.2585
14 55 75.698823236 1.2585
14 56 75.89245728200001 1.1085
14 57 75.89245728200001 1.1085
14 58 75.89245728200001 1.1085
14 59 75.89245728200001 1.1085
14 60 75.89245728200001 1.1085
14 61 75.89245728200001 1.1085
14 62 75.89245728200001 1.1085
14 63 75.89245728200001 1.1085
14 64 69.726984872 1.107
14 65 69.726984872 1.107
14 66 69.726984872 1.107
14 67 69.726984872 1.107
14 68 69.726984872 1.107
14 69 69.726984872 1.107
14 70 69.726984872 1.107
14 71 69.726984872 1.107
14 72 67.385139152 0.213
14 73 67.385139152 0.213
14 74 67.385139152 0.213
14 75 67.385139152 0.213
14 76 67.385139152 0.213
14 77 67.385139152 0.213
14 78 67.385139152 0.213
14 79 67.385139152 0.213
14 80 100.50875366 1.233
14 81 100.50875366 1.233
14 82 100.50875366 1.233
14 83 100.50875366 1.233
14 84 100.50875366 1.233
14 85 100.50875366 1.233
14 86 100.50875366 1.233
14 87 100.50875366 1.233
14 88 73.047987068 0.8025
14 89 73.047987068 0.8025
14 90 73.047987068 0.8025
14 91 73.047987068 0.8025
14 92 73.047987068 0.8025
14 93 73.047987068 0.8025
14 94 73.047987068 0.8025
14 95 73.047987068 0.8025
14 96 86.19735839 1.2345
14 97 86.19735839 1.2345
14 98 86.19735839 1.2345
14 99 86.19735839 1.2345
14 100 86.19735839 1.2345
14 101 86.19735839 1.2345
14 102 86.19735839 1.2345
14 103 86.19735839 1.2345
14 104 75.83093384 0.3315
14 105 75.83093384 0.3315
14 106 75.83093384 0.3315
14 107 75.83093384 0.3315
14 108 75.83093384 0.3315
14 109 75.83093384 0.3315
14 110 75.83093384 0.3315
14 111 75.83093384 0.3315
14 112 83.580250244 1.2015
14 113 83.580250244 1.2015
14 114 83.580250244 1.2015
14 115 83.580250244 1.2015
14 116 83.580250244 1.2015
14 117 83.580250244 1.2015
14 118 83.580250244 1.2015
14 119 83.580250244 1.2015
14 120 76.97461060399999 1.047
14 121 76.97461060399999 1.047
14 122 76.97461060399999 1.047
14 123 76.97461060399999 1.047
14 124 76.97461060399999 1.047
14 125 76.97461060399999 1.047
14 126 76.97461060399999 1.047
14 127 76.97461060399999 1.047
15 0 77.122871096 1.1505
15 1 77.122871096 1.1505
15 2 77.122871096 1.1505
15 3 77.122871096 1.1505
15 4 79.32590454199999 0.945
15 5 79.32590454199999 0.945
15 6 79.32590454199999 0.945
15 7 79.32590454199999 0.945
15 8 91.12016723 1.1445
15 9 91.12016723 1.1445
15 10 91.12016723 1.1445
15 11 91.12016723 1.1445
15 12 74.01406982 1.062
15 13 74.01406982 1.062
15 14 74.01406982 1.062
15 15 74.01406982 1.062
15 16 78.617231438 0.426
15 17 78.617231438 0.426
15 18 78.617231438 0.426
15 19 78.617231438 0.426
15 20 80.475678716 1.086
15 21 80.475678716 1.086
15 22 80.475678716 1.086
15 23 80.475678716 1.086
15 24 80.916999512 1.023
15 25 80.916999512 1.023
15 26 80.916999512 1.023
15 27 80.916999512 1.023
15 28 64.711781006 0.078
15 29 64.711781006 0.078
15 30 64.711781006 0.078
15 31 64.711781006 0.078
15 32 78.19733399 0.6689999999999999
15 33 78.19733399 0.6689999999999999
15 34 78.19733399 0.6689999999999999
15 35 78.19733399 0.6689999999999999
15 36 80.200361336 1.0815
15 37 80.200361336 1.0815
15 38 80.200361336 1.0815
15 39 80.200361336 1.0815
15 40 66.945905762 0.99
15 41 66.945905762 0.99
15 42 66.945905762 0.99
15 43 66.945905762 0.99
15 44 93.031458746 0.9525
15 45 93.031458746 0.9525
15 46 93.031458746 0.9525
15 47 93.031458746 0.9525
15 48 75.54062012 1.1265
15 49 75.54062012 1.1265
15 50 75.54062012 1.1265
15 51 75.54062012 1.1265
15 52 81.58925292800001 1.1505
15 53 81.58925292800001 1.1505
15 54 81.58925292800001 1.1505
15 55 81.58925292800001 1.1505
15 56 74.01406982 1.062
15 57 74.01406982 1.062
15 58 74.01406982 1.062
15 59 74.01406982 1.062
15 60 84.209327384 0.87
15 61 84.209327384 0.87
15 62 84.209327384 0.87
15 63 84.209327384 0.87
15 64 69.753791498 0.783
15 65 69.753791498 0.783
15 66 69.753791498 0.783
15 67 69.753791498 0.783
15 68 82.83186158000001 0.8685
15 69 82.83186158000001 0.8685
15 70 82.83186158000001 0.8685
15 71 82.83186158000001 0.8685
15 72 65.913959966 0.2625
15 73 65.913959966 0.2625
15 74 65.913959966 0.2625
15 75 65.913959966 0.2625
15 76 69.784498292 0.9195
15 77 69.784498292 0.9195
15 78 69.784498292 0.9195
15 79 69.784498292 0.9195
15 80 99.715815428 1.104
15 81 99.715815428 1.104
15 82 99.715815428 1.104
15 83 99.715815428 1.104
15 84 73.726063232 1.053
15 85 73.726063232 1.053
15 86 73.726063232 1.053
15 87 73.726063232 1.053
15 88 72.629957282 1.083
15 89 72.629957282 1.083
15 90 72.629957282 1.083
15 91 72.629957282 1.083
15 92 89.877613532 0.8114999999999999
15 93 89.877613532 0.8114999999999999
15 94 89.877613532 0.8114999999999999
15 95 89.877613532 0.8114999999999999
15 96 86.09172485 0.7814999999999999
15 97 86.09172485 0.7814999999999999
15 98 86.09172485 0.7814999999999999
15 99 86.09172485 0.7814999999999999
15 100 75.402906494 0.156
15 101 75.402906494 0.156
15 102 75.402906494 0.156
15 103 75.402906494 0.156
15 104 75.47640503 0.7739999999999999
15 105 75.47640503 0.7739999999999999
15 106 75.47640503 0.7739999999999999
15 107 75.47640503 0.7739999999999999
15 108 66.94178588599999 0.96
15 109 66.94178588599999 0.96
15 110 66.94178588599999 0.96
15 111 66.94178588599999 0.96
15 112 83.26950195200001 0.72
15 113 83.26950195200001 0.72
15 114 83.26950195200001 0.72
15 115 83.26950195200001 0.72
15 116 70.465266122 0.5595
15 117 70.465266122 0.5595
15 118 70.465266122 0.5595
15 119 70.465266122 0.5595
15 120 76.918854974 0.9225
15 121 76.918854974 0.9225
15 122 76.918854974 0.9225
15 123 76.918854974 0.9225
15 124 80.304621584 1.0305
15 125 80.304621584 1.0305
15 126 80.304621584 1.0305
15 127 80.304621584 1.0305
16 0 75.78753783799999 0.966
16 1 75.78753783799999 0.966
16 2 75.78753783799999 0.966
16 3 75.78753783799999 0.966
16 4 78.221833502 0.852
16 5 78.221833502 0.852
16 6 78.221833502 0.852
16 7 78.221833502 0.852
16 8 89.70842408 0.885
16 9 89.70842408 0.885
16 10 89.70842408 0.885
16 11 89.70842408 0.885
16 12 71.42135131399999 0.876
16 13 71.42135131399999 0.876
16 14 71.42135131399999 0.876
16 15 71.42135131399999 0.876
16 16 78.233369144 0.378
16 17 78.233369144 0.378
16 18 78.233369144 0.378
16 19 78.233369144 0.378
16 20 79.608692624 0.906
16 21 79.608692624 0.906
16 22 79.608692624 0.906
16 23 79.608692624 0.906
16 24 79.800898442 0.8385
16 25 79.800898442 0.8385
16 26 79.800898442 0.8385
16 27 79.800898442 0.8385
16 28 64.448383784 0.066
16 29 64.448383784 0.066
16 30 64.448383784 0.066
16 31 64.448383784 0.066
16 32 77.364570308 0.6795
16 33 77.364570308 0.6795
16 34 77.364570308 0.6795
16 35 77.364570308 0.6795
16 36 79.508717042 0.561
16 37 79.508717042 0.561
16 38 79.508717042 0.561
16 39 79.508717042 0.561
16 40 66.695252684 0.8489999999999999
16 41 66.695252684 0.8489999999999999
16 42 66.695252684 0.8489999999999999
16 43 66.695252684 0.8489999999999999
16 44 92.34047362999999 0.9195
16 45 92.34047362999999 0.9195
16 46 92.34047362999999 0.9195
16 47 92.34047362999999 0.9195
16 48 75.00388305199999 0.942
16 49 75.00388305199999 0.942
16 50 75.00388305199999 0.942
16 51 75.00388305199999 0.942
16 52 80.574720458 0.966
16 53 80.574720458 0.966
16 54 80.574720458 0.966
16 55 80.574720458 0.966
16 56 71.42135131399999 0.876
16 57 71.42135131399999 0.876
16 58 71.42135131399999 0.876
16 59 71.42135131399999 0.876
16 60 82.341212162 0.588
16 61 82.341212162 0.588
16 62 82.341212162 0.588
16 63 82.341212162 0.588
16 64 69.671943356 0.258
16 65 69.671943356 0.258
16 66 69.671943356 0.258
16 67 69.671943356 0.258
16 68 81.614631344 0.453
16 69 81.614631344 0.453
16 70 81.614631344 0.453
16 71 81.614631344 0.453
16 72 64.39795655 0.741
16 73 64.39795655 0.741
16 74 64.39795655 0.741
16 75 64.39795655 0.741
16 76 69.986042474 0.639
16 77 69.986042474 0.639
16 78 69.986042474 0.639
16 79 69.986042474 0.639
16 80 98.237550056 0.9239999999999999
16 81 98.237550056 0.9239999999999999
16 82 98.237550056 0.9239999999999999
16 83 98.237550056 0.9239999999999999
16 84 72.77717408000001 0.882
16 85 72.77717408000001 0.882
16 86 72.77717408000001 0.882
16 87 72.77717408000001 0.882
16 88 71.60751464 0.8955
16 89 71.60751464 0.8955
16 90 71.60751464 0.8955
16 91 71.60751464 0.8955
16 92 88.578260492 0.5295
16 93 88.578260492 0.5295
16 94 88.578260492 0.5295
16 95 88.578260492 0.5295
16 96 85.302631832 0.9089999999999999
16 97 85.302631832 0.9089999999999999
16 98 85.302631832 0.9089999999999999
16 99 85.302631832 0.9089999999999999
16 100 74.385133052 0.5595
16 101 74.385133052 0.5595
16 102 74.385133052 0.5595
16 103 74.385133052 0.5595
16 104 74.65775878400001 0.7905
16 105 74.65775878400001 0.7905
16 106 74.65775878400001 0.7905
16 107 74.65775878400001 0.7905
16 108 66.198231194 0.8835
16 109 66.198231194 0.8835
16 110 66.198231194 0.8835
16 111 66.198231194 0.8835
16 112 82.338410642 0.8775
16 113 82.338410642 0.8775
16 114 82.338410642 0.8775
16 115 82.338410642 0.8775
16 116 68.30837524399999 0.0975
16 117 68.30837524399999 0.0975
16 118 68.30837524399999 0.0975
16 119 68.30837524399999 0.0975
16 120 76.77927368600001 0.7214999999999999
16 121 76.77927368600001 0.7214999999999999
16 122 76.77927368600001 0.7214999999999999
16 123 76.77927368600001 0.7214999999999999
16 124 79.320686036 0.7905
16 125 79.320686036 0.7905
16 126 79.320686036 0.7905
16 127 79.320686036 0.7905
17 0 73.84680298399999 0.7455
17 1 73.84680298399999 0.7455
17 2 73.84680298399999 0.7455
17 3 73.84680298399999 0.7455
17 4 76.622388908 0.7214999999999999
17 5 76.622388908 0.7214999999999999
17 6 76.622388908 0.7214999999999999
17 7 76.622388908 0.7214999999999999
17 8 87.63563354 0.6914999999999999
17 9 87.63563354 0.6914999999999999
17 10 87.63563354 0.6914999999999999
17 11 87.63563354 0.6914999999999999
17 12 69.285718994 0.4725
17 13 69.285718994 0.4725
17 14 69.285718994 0.4725
17 15 69.285718994 0.4725
17 16 77.82874268 0.22349999999999998
17 17 77.82874268 0.22349999999999998
17 18 77.82874268 0.22349999999999998
17 19 77.82874268 0.22349999999999998
17 20 78.17970092 0.69
17 21 78.17970092 0.69
17 22 78.17970092 0.69
17 23 78.17970092 0.69
17 24 78.42854125400001 0.6195
17 25 78.42854125400001 0.6195
17 26 78.42854125400001 0.6195
17 27 78.42854125400001 0.6195
17 28 63.882313232 0.12299999999999998
17 29 63.882313232 0.12299999999999998
17 30 63.882313232 0.12299999999999998
17 31 63.882313232 0.12299999999999998
17 32 76.082575676 0.615
17 33 76.082575676 0.615
17 34 76.082575676 0.615
17 35 76.082575676 0.615
17 36 78.101368412 0.5865
17 37 78.101368412 0.5865
17 38 78.101368412 0.5865
17 39 78.101368412 0.5865
17 40 65.96652954199999 0.558
17 41 65.96652954199999 0.558
17 42 65.96652954199999 0.558
17 43 65.96652954199999 0.558
17 44 90.4471997 0.6675
17 45 90.4471997 0.6675
17 46 90.4471997 0.6675
17 47 90.4471997 0.6675
17 48 74.09267700800001 0.72
17 49 74.09267700800001 0.72
17 50 74.09267700800001 0.72
17 51 74.09267700800001 0.72
17 52 79.06673706800001 0.7455
17 53 79.06673706800001 0.7455
17 54 79.06673706800001 0.7455
17 55 79.06673706800001 0.7455
17 56 69.285718994 0.4725
17 57 69.285718994 0.4725
17 58 69.285718994 0.4725
17 59 69.285718994 0.4725
17 60 80.13988158800001 0.381
17 61 80.13988158800001 0.381
17 62 80.13988158800001 0.381
17 63 80.13988158800001 0.381
17 64 69.023035886 0.459
17 65 69.023035886 0.459
17 66 69.023035886 0.459
17 67 69.023035886 0.459
17 68 79.915375976 0.7335
17 69 79.915375976 0.7335
17 70 79.915375976 0.7335
17 71 79.915375976 0.7335
17 72 63.343928227999996 0.681
17 73 63.343928227999996 0.681
17 74 63.343928227999996 0.681
17 75 63.343928227999996 0.681
17 76 70.015211186 0.2625
17 77 70.015211186 0.2625
17 78 70.015211186 0.2625
17 79 70.015211186 0.2625
17 80 96.078571772 0.708
17 81 96.078571772 0.708
17 82 96.078571772 0.708
17 83 96.078571772 0.708
17 84 71.33422973 0.588
17 85 71.33422973 0.588
17 86 71.33422973 0.588
17 87 71.33422973 0.588
17 88 70.019550788 0.6705
17 89 70.019550788 0.6705
17 90 70.019550788 0.6705
17 91 70.019550788 0.6705
17 92 86.26865966599999 0.4605
17 93 86.26865966599999 0.4605
17 94 86.26865966599999 0.4605
17 95 86.26865966599999 0.4605
17 96 83.800965578 0.6855
17 97 83.800965578 0.6855
17 98 83.800965578 0.6855
17 99 83.800965578 0.6855
17 100 72.946308596 0.7305
17 101 72.946308596 0.7305
17 102 72.946308596 0.7305
17 103 72.946308596 0.7305
17 104 73.451350094 0.6585
17 105 73.451350094 0.6585
17 106 73.451350094 0.6585
17 107 73.451350094 0.6585
17 108 65.02384765400001 0.708
17 109 65.02384765400001 0.708
17 110 65.02384765400001 0.708
17 111 65.02384765400001 0.708
17 112 80.743690184 0.6525
17 113 80.743690184 0.6525
17 114 80.743690184 0.6525
17 115 80.743690184 0.6525
17 116 66.912946772 0.5055
17 117 66.912946772 0.5055
17 118 66.912946772 0.5055
17 119 66.912946772 0.5055
17 120 76.03681762400001 0.5115
17 121 76.03681762400001 0.5115
17 122 76.03681762400001 0.5115
17 123 76.03681762400001 0.5115
17 124 78.350098874 0.312
17 125 78.350098874 0.312
17 126 78.350098874 0.312
17 127 78.350098874 0.312
18 0 71.330494388 0.5085
18 1 71.330494388 0.5085
18 2 77.61450927199999 0.4755
18 3 77.61450927199999 0.4755
18 4 74.754493412 0.489
18 5 74.754493412 0.489
18 6 75.56671265 0.516
18 7 75.56671265 0.516
18 8 84.698823236 0.45449999999999996
18 9 84.698823236 0.45449999999999996
18 10 55.691840822 0.1485
18 11 55.691840822 0.1485
18 12 67.570753172 0.3465
18 13 67.570753172 0.3465
18 14 72.56843384 0.483
18 15 72.56843384 0.483
18 16 76.70138061200001 0.219
18 17 76.70138061200001 0.219
18 18 78.868049324 0.4875
18 19 78.868049324 0.4875
18 20 76.099549568 0.4575
18 21 76.099549568 0.4575
18 22 71.90052002600001 0.48449999999999993
18 23 71.90052002600001 0.48449999999999993
18 24 76.253577872 0.291
18 25 76.253577872 0.291
18 26 71.53500488 0.5025
18 27 71.53500488 0.5025
18 28 63.02334716599999 0.06149999999999999
18 29 63.02334716599999 0.06149999999999999
18 30 79.296296378 0.4935
18 31 79.296296378 0.4935
18 32 73.833015128 0.3915
18 33 73.833015128 0.3915
18 34 72.727680668 0.4769999999999999
18 35 72.727680668 0.4769999999999999
18 36 75.843732902 0.4365
18 37 75.843732902 0.4365
18 38 72.27273682399999 0.393
18 39 72.27273682399999 0.393
18 40 64.581922616 0.4965
18 41 64.581922616 0.4965
18 42 75.662073968 0.42449999999999993
18 43 75.662073968 0.42449999999999993
18 44 86.648072504 0.4755
18 45 86.648072504 0.4755
18 46 70.618800056 0.3555
18 47 70.618800056 0.3555
18 48 72.56843384 0.483
18 49 72.56843384 0.483
18 50 76.55756957599999 0.4725
18 51 76.55756957599999 0.4725
18 52 77.028059084 0.43949999999999995
18 53 77.028059084 0.43949999999999995
18 54 75.54281738 0.4125
18 55 75.54281738 0.4125
18 56 67.570753172 0.3465
18 57 67.570753172 0.3465
18 58 81.833973386 0.3195
18 59 81.833973386 0.3195
18 60 77.65356567200001 0.2415
18 61 77.65356567200001 0.2415
18 62 77.14171264999999 0.42449999999999993
18 63 77.14171264999999 0.42449999999999993
18 64 67.544440916 0.2715
18 65 67.544440916 0.2715
18 66 63.216212162000005 0.4125
18 67 63.216212162000005 0.4125
18 68 77.72426268800001 0.207
18 69 77.72426268800001 0.207
18 70 82.26546143 0.456
18 71 82.26546143 0.456
18 72 62.096650394 0.426
18 73 62.096650394 0.426
18 74 77.570728754 0.1605
18 75 77.570728754 0.1605
18 76 69.325214846 0.456
18 77 69.325214846 0.456
18 78 71.85959594600001 0.444
18 79 71.85959594600001 0.444
18 80 92.942139884 0.378
18 81 92.942139884 0.378
18 82 68.953162838 0.363
18 83 68.953162838 0.363
18 84 69.49654662200001 0.49949999999999994
18 85 69.49654662200001 0.49949999999999994
18 86 73.66739624600001 0.46199999999999997
18 87 73.66739624600001 0.46199999999999997
18 88 67.706928716 0.429
18 89 67.706928716 0.429
18 90 73.833015128 0.3915
18 91 73.833015128 0.3915
18 92 82.811921378 0.441
18 93 82.811921378 0.441
18 94 71.755445552 0.465
18 95 71.755445552 0.465
18 96 81.24609497 0.4515
18 97 81.24609497 0.4515
18 98 68.107105706 0.48449999999999993
18 99 68.107105706 0.48449999999999993
18 100 70.942127684 0.4965
18 101 70.942127684 0.4965
18 102 73.267878416 0.3375
18 103 73.267878416 0.3375
18 104 71.63053100600001 0.423
18 105 71.63053100600001 0.423
18 106 72.27273682399999 0.393
18 107 72.27273682399999 0.393
18 108 63.436927495999996 0.5085
18 109 63.436927495999996 0.5085
18 110 79.14968384 0.51
18 111 79.14968384 0.51
18 112 77.937946772 0.4125
18 113 77.937946772 0.4125
18 114 73.729029542 0.4005
18 115 73.729029542 0.4005
18 116 65.964497072 0.4694999999999999
18 117 65.964497072 0.4694999999999999
18 118 75.54457518800001 0.438
18 119 75.54457518800001 0.438
18 120 73.90766723 0.4335
18 121 73.90766723 0.4335
18 122 76.937586674 0.4785
18 123 76.937586674 0.4785
18 124 76.924567868 0.363
18 125 76.924567868 0.363
18 126 70.170887444 0.48
18 127 70.170887444 0.48
19 0 68.640821528 0.2775
19 1 68.640821528 0.2775
19 2 74.840021978 0.255
19 3 74.840021978 0.255
19 4 72.27405518 0.264
19 5 72.27405518 0.264
19 6 72.364088138 0.2805
19 7 72.364088138 0.2805
19 8 80.749567868 0.264
19 9 80.749567868 0.264
19 10 53.45282714 0.138
19 11 53.45282714 0.138
19 12 65.149256588 0.195
19 13 65.149256588 0.195
19 14 70.334418938 0.25349999999999995
19 15 70.334418938 0.25349999999999995
19 16 74.624030762 0.036
19 17 74.624030762 0.036
19 18 75.699097898 0.2595
19 19 75.699097898 0.2595
19 20 73.174494632 0.2355
19 21 73.174494632 0.2355
19 22 69.298627928 0.258
19 23 69.298627928 0.258
19 24 74.55932128399999 0.129
19 25 74.55932128399999 0.129
19 26 68.43307006399999 0.2145
19 27 68.43307006399999 0.2145
19 28 61.894666742 0.0975
19 29 61.894666742 0.0975
19 30 76.54026612199999 0.111
19 31 76.54026612199999 0.111
19 32 71.012604974 0.159
19 33 71.012604974 0.159
19 34 70.453510736 0.25349999999999995
19 35 70.453510736 0.25349999999999995
19 36 73.154279786 0.20849999999999996
19 37 73.154279786 0.20849999999999996
19 38 68.93036621600001 0.24
19 39 68.93036621600001 0.24
19 40 62.17234619 0.219
19 41 62.17234619 0.219
19 42 71.860364996 0.198
19 43 71.860364996 0.198
19 44 82.761384272 0.1905
19 45 82.761384272 0.1905
19 46 67.870844726 0.0705
19 47 67.870844726 0.0705
19 48 70.334418938 0.25349999999999995
19 49 70.334418938 0.25349999999999995
19 50 73.76500976 0.243
19 51 73.76500976 0.243
19 52 74.429298104 0.2775
19 53 74.429298104 0.2775
19 54 72.602930912 0.099
19 55 72.602930912 0.099
19 56 65.149256588 0.195
19 57 65.149256588 0.195
19 58 78.362073968 0.225
19 59 78.362073968 0.225
19 60 74.778223874 0.105
19 61 74.778223874 0.105
19 62 73.85674560800001 0.1965
19 63 73.85674560800001 0.1965
19 64 65.2096814 0.2055
19 65 65.2096814 0.2055
19 66 60.36454589 0.16349999999999998
19 67 60.36454589 0.16349999999999998
19 68 75.38126342000001 0.264
19 69 75.38126342000001 0.264
19 70 78.791804204 0.2505
19 71 78.791804204 0.2505
19 72 60.001942136 0.23099999999999998
19 73 60.001942136 0.23099999999999998
19 74 75.070625 0.177
19 75 75.070625 0.177
19 76 67.56734741 0.264
19 77 67.56734741 0.264
19 78 68.713825676 0.219
19 79 68.713825676 0.219
19 80 88.587928472 0.23849999999999996
19 81 88.587928472 0.23849999999999996
19 82 66.402576896 0.21
19 83 66.402576896 0.21
19 84 67.15503051799999 0.273
19 85 67.15503051799999 0.273
19 86 71.428327628 0.204
19 87 71.428327628 0.204
19 88 64.73452271 0.20099999999999998
19 89 64.73452271 0.20099999999999998
19 90 71.012604974 0.159
19 91 71.012604974 0.159
19 92 79.01400268399999 0.2355
19 93 79.01400268399999 0.2355
19 94 69.84926268800001 0.17849999999999996
19 95 69.84926268800001 0.17849999999999996
19 96 78.07203491 0.225
19 97 78.07203491 0.225
19 98 65.782783202 0.2205
19 99 65.782783202 0.2205
19 100 68.104908446 0.2685
19 101 68.104908446 0.2685
19 102 70.56337402400001 0.183
19 103 70.56337402400001 0.183
19 104 69.041987312 0.20099999999999998
19 105 69.041987312 0.20099999999999998
19 106 68.93036621600001 0.24
19 107 68.93036621600001 0.24
19 108 61.444007564 0.2775
19 109 61.444007564 0.2775
19 110 75.108692624 0.276
19 111 75.108692624 0.276
19 112 74.114320064 0.1875
19 113 74.114320064 0.1875
19 114 71.184156494 0.144
19 115 71.184156494 0.144
19 116 64.47562988 0.249
19 117 64.47562988 0.249
19 118 73.38889283 0.21599999999999997
19 119 73.38889283 0.21599999999999997
19 120 70.979096678 0.20849999999999996
19 121 70.979096678 0.20849999999999996
19 122 73.97506835600001 0.249
19 123 73.97506835600001 0.249
19 124 74.91148804400001 0.012
19 125 74.91148804400001 0.012
19 126 68.926740728 0.2055
19 127 68.926740728 0.2055
20 0 67.080598142 0.0885
20 1 67.080598142 0.0885
20 2 71.89046753 0.078
20 3 71.89046753 0.078
20 4 69.413544914 0.084
20 5 69.413544914 0.084
20 6 68.745246584 0.09
20 7 68.745246584 0.09
20 8 77.935804448 0.078
20 9 77.935804448 0.078
20 10 51.973298348 0.0
20 11 51.973298348 0.0
20 12 62.544398197999996 0.0
20 13 62.544398197999996 0.0
20 14 68.784962162 0.075
20 15 68.784962162 0.075
20 16 73.350550544 0.0105
20 17 73.350550544 0.0105
20 18 72.618037106 0.0795
20 19 72.618037106 0.0795
20 20 70.73640868999999 0.063
20 21 70.73640868999999 0.063
20 22 66.63867310399999 0.078
20 23 66.63867310399999 0.078
20 24 73.753693844 0.0
20 25 73.753693844 0.0
20 26 65.42188232000001 0.0675
20 27 65.42188232000001 0.0675
20 28 60.85629393800001 0.03
20 29 60.85629393800001 0.03
20 30 74.107618412 0.036
20 31 74.107618412 0.036
20 32 69.18552368600001 0.0405
20 33 69.18552368600001 0.0405
20 34 67.89578369 0.0765
20 35 67.89578369 0.0765
20 36 71.29770018800001 0.0
20 37 71.29770018800001 0.0
20 38 66.193232414 0.069
20 39 66.193232414 0.069
20 40 59.873621828 0.069
20 41 59.873621828 0.069
20 42 68.63999756000001 0.0
20 43 68.63999756000001 0.0
20 44 79.68795899 0.0555
20 45 79.68795899 0.0555
20 46 65.774158934 0.0075
20 47 65.774158934 0.0075
20 48 68.784962162 0.075
20 49 68.784962162 0.075
20 50 71.68656128 0.0675
20 51 71.68656128 0.0675
20 52 72.290699456 0.0885
20 53 72.290699456 0.0885
20 54 69.649860848 0.0
20 55 69.649860848 0.0
20 56 62.544398197999996 0.0
20 57 62.544398197999996 0.0
20 58 75.070899662 0.069
20 59 75.070899662 0.069
20 60 72.18281372 0.0315
20 61 72.18281372 0.0315
20 62 70.76623658 0.0
20 63 70.76623658 0.0
20 64 62.664039302000006 0.057
20 65 62.664039302000006 0.057
20 66 58.318012687999996 0.0
20 67 58.318012687999996 0.0
20 68 73.649708258 0.081
20 69 73.649708258 0.081
20 70 75.536225582 0.0735
20 71 75.536225582 0.0735
20 72 57.93563354 0.06149999999999999
20 73 57.93563354 0.06149999999999999
20 74 72.984431156 0.0
20 75 72.984431156 0.0
20 76 65.46016967 0.084
20 77 65.46016967 0.084
20 78 66.505024418 0.0435
20 79 66.505024418 0.0435
20 80 84.631202384 0.0705
20 81 84.631202384 0.0705
20 82 64.085120852 0.0
20 83 64.085120852 0.0
20 84 65.138105462 0.0885
20 85 65.138105462 0.0885
20 86 69.289014884 0.057
20 87 69.289014884 0.057
20 88 62.83608521000001 0.0
20 89 62.83608521000001 0.0
20 90 69.18552368600001 0.0405
20 91 69.18552368600001 0.0405
20 92 76.53241088600001 0.066
20 93 76.53241088600001 0.066
20 94 68.09600951600001 0.05399999999999999
20 95 68.09600951600001 0.05399999999999999
20 96 75.667622072 0.063
20 97 75.667622072 0.063
20 98 63.690272222000004 0.072
20 99 63.690272222000004 0.072
20 100 65.12343872 0.08549999999999999
20 101 65.12343872 0.08549999999999999
20 102 68.145447992 0.04649999999999999
20 103 68.145447992 0.04649999999999999
20 104 66.90827759 0.0
20 105 66.90827759 0.0
20 106 66.193232414 0.069
20 107 66.193232414 0.069
20 108 60.304176032 0.09
20 109 60.304176032 0.09
20 110 70.97920655 0.087
20 111 70.97920655 0.087
20 112 70.975086674 0.0
20 113 70.975086674 0.0
20 114 68.74552124600001 0.045
20 115 68.74552124600001 0.045
20 116 62.742591554 0.072
20 117 62.742591554 0.072
20 118 71.934412838 0.06
20 119 71.934412838 0.06
20 120 68.787543938 0.0
20 121 68.787543938 0.0
20 122 71.315992436 0.072
20 123 71.315992436 0.072
20 124 73.002943112 0.003
20 125 73.002943112 0.003
20 126 68.01201904999999 0.06149999999999999
20 127 68.01201904999999 0.06149999999999999
21 0 66.308094482 0.0
21 1 73.48853881400001 0.0
21 2 70.009278566 0.0
21 3 73.285896002 0.0
21 4 67.2940625 0.0
21 5 77.048493656 0.0
21 6 66.345887444 0.0
21 7 62.699250488000004 0.0
21 8 76.864088138 0.0
21 9 67.49719970000001 0.0
21 10 51.345264884 0.0
21 11 64.985834966 0.0
21 12 60.891175544 0.0
21 13 70.911585698 0.0
21 14 68.011140128 0.0
21 15 66.345393074 0.0
21 16 72.37556884400001 0.0
21 17 68.244929204 0.0
21 18 70.499708258 0.0
21 19 67.156898198 0.0
21 20 69.463038326 0.0
21 21 70.27750976 0.0
21 22 64.99660155800001 0.0
21 23 74.95147826600001 0.0
21 24 72.61551024799999 0.0
21 25 61.87483643 0.0
21 26 63.311298836000006 0.0
21 27 56.829420158000005 0.0
21 28 60.219306644 0.0
21 29 72.343214114 0.0
21 30 72.200501708 0.0
21 31 63.77201049200001 0.0
21 32 67.933686524 0.0
21 33 55.571156006 0.0
21 34 66.21317261600001 0.0
21 35 64.002558596 0.0
21 36 70.167701408 0.0
21 37 61.868464358 0.0
21 38 64.27523926399999 0.0
21 39 59.087769781999995 0.0
21 40 58.903693844 0.0
21 41 65.881495364 0.0
21 42 66.487775882 0.0
21 43 62.175312500000004 0.0
21 44 77.048493656 0.0
21 45 59.81264771 0.0
21 46 64.642292474 0.0
21 47 53.91936158 0.0
21 48 68.011140128 0.0
21 49 77.12188232 0.0
21 50 70.25333984599999 0.0
21 51 49.97417114300001 0.0
21 52 71.051386712 0.0
21 53 71.2800122 0.0
21 54 67.36646240600001 0.0
21 55 73.328797616 0.0
21 56 60.891175544 0.0
21 57 74.19023560400001 0.0
21 58 73.011787106 0.0
21 59 73.826588138 0.0
21 60 70.22592896 0.0
21 61 76.864088138 0.0
21 62 67.955274662 0.0
21 63 64.88399170400001 0.0
21 64 60.73187378 0.0
21 65 72.61551024799999 0.0
21 66 57.454761956 0.0
21 67 66.844117436 0.0
21 68 72.485267342 0.0
21 69 71.08077515 0.0
21 70 73.285896002 0.0
21 71 61.705811768000004 0.0
21 72 57.344404298 0.0
21 73 65.688026126 0.0
21 74 71.703040766 0.0
21 75 58.946210942 0.0
21 76 63.825568844 0.0
21 77 72.76453979 0.0
21 78 65.608485116 0.0
21 79 65.849799812 0.0
21 80 82.198829354 0.0
21 81 55.842023929999996 0.0
21 82 62.81999024 0.0
21 83 74.19023560400001 0.0
21 84 64.018214114 0.0
21 85 63.942902834 0.0
21 86 67.708247072 0.0
21 87 75.66103027400001 0.0
21 88 62.413496096 0.0
21 89 74.663856194 0.0
21 90 67.933686524 0.0
21 91 59.789631344 0.0
21 92 75.42779052200001 0.0
21 93 60.93968018 0.0
21 94 66.938654786 0.0
21 95 72.76453979 0.0
21 96 73.986274418 0.0
21 97 68.038660886 0.0
21 98 62.23952759 0.0
21 99 60.510883784 0.0
21 100 63.037629392 0.0
21 101 65.027418206 0.0
21 102 66.18828857 0.0
21 103 74.529768074 0.0
21 104 65.718568112 0.0
21 105 51.19156616 0.0
21 106 64.27523926399999 0.0
21 107 67.367231438 0.0
21 108 60.010017098 0.0
21 109 59.685975338000006 0.0
21 110 68.372590334 0.0
21 111 73.562092286 0.0
21 112 68.86906250000001 0.0
21 113 72.76453979 0.0
21 114 66.844117436 0.0
21 115 55.402625732000004 0.0
21 116 61.168140878 0.0
21 117 73.350660398 0.0
21 118 71.08077515 0.0
21 119 74.19023560400001 0.0
21 120 67.36646240600001 0.0
21 121 70.732014152 0.0
21 122 69.549390878 0.0
21 123 67.04780396000001 0.0
21 124 71.224256588 0.0
21 125 61.712293694 0.0
21 126 67.377393806 0.0
21 127 70.69757201600001 0.0
22 0 65.285596922 0.0
22 1 72.21066405799999 0.0
22 2 68.822480462 0.0
22 3 71.551154786 0.0
22 4 65.88187988 0.0
22 5 75.06359375 0.0
22 6 64.81312987999999 0.0
22 7 62.052375487999996 0.0
22 8 75.82016723000001 0.0
22 9 66.09045533 0.0
22 10 50.965577384 0.0
22 11 64.55962036400001 0.0
22 12 59.615992436 0.0
22 13 69.99532592 0.0
22 14 66.835108634 0.0
22 15 64.438331306 0.0
22 16 70.869617924 0.0
22 17 67.202875976 0.0
22 18 68.848847654 0.0
22 19 65.578986824 0.0
22 20 68.3315564 0.0
22 21 68.661311036 0.0
22 22 63.841279297999996 0.0
22 23 73.619550788 0.0
22 24 71.34631469600001 0.0
22 25 60.426234122 0.0
22 26 61.861213382 0.0
22 27 56.516199944 0.0
22 28 59.69954345 0.0
22 29 71.320661618 0.0
22 30 70.572327872 0.0
22 31 62.532203378 0.0
22 32 66.562592774 0.0
22 33 54.001759028 0.0
22 34 65.473188476 0.0
22 35 61.765357658 0.0
22 36 68.748981926 0.0
22 37 60.279127196000005 0.0
22 38 62.611579598 0.0
22 39 58.183814696 0.0
22 40 58.617445064 0.0
22 41 64.720515128 0.0
22 42 64.453876952 0.0
22 43 60.950336918000005 0.0
22 44 75.06359375 0.0
22 45 58.241273198 0.0
22 46 63.45296753 0.0
22 47 53.044739996000004 0.0
22 48 66.835108634 0.0
22 49 75.35280884 0.0
22 50 68.260859384 0.0
22 51 49.1876049812 0.0
22 52 69.99900634400001 0.0
22 53 70.211152346 0.0
22 54 65.48873412200001 0.0
22 55 72.14573487199999 0.0
22 56 59.615992436 0.0
22 57 72.753828134 0.0
22 58 71.39278686200001 0.0
22 59 72.34766357000001 0.0
22 60 68.576166986 0.0
22 61 75.82016723000001 0.0
22 62 64.983143318 0.0
22 63 63.536463626 0.0
22 64 59.343696284 0.0
22 65 71.34631469600001 0.0
22 66 57.03546875 0.0
22 67 65.165681156 0.0
22 68 71.207722166 0.0
22 69 70.155067136 0.0
22 70 71.551154786 0.0
22 71 60.041053472 0.0
22 72 57.960023198 0.0
22 73 64.71106689199999 0.0
22 74 70.68032348 0.0
22 75 58.150031737999996 0.0
22 76 62.639814452 0.0
22 77 70.500422372 0.0
22 78 64.31418579199999 0.0
22 79 64.53281372000001 0.0
22 80 80.294514152 0.0
22 81 55.430201408 0.0
22 82 61.711140128 0.0
22 83 72.753828134 0.0
22 84 63.248676764 0.0
22 85 63.047846678 0.0
22 86 66.247999268 0.0
22 87 73.43025634400001 0.0
22 88 62.035072016 0.0
22 89 73.040131832 0.0
22 90 66.562592774 0.0
22 91 58.04077271 0.0
22 92 74.75828369 0.0
22 93 59.53749512 0.0
22 94 65.842713626 0.0
22 95 70.500422372 0.0
22 96 72.14090088200001 0.0
22 97 66.95485962800001 0.0
22 98 60.911665033999995 0.0
22 99 58.864967042 0.0
22 100 61.566669914 0.0
22 101 63.8800061 0.0
22 102 64.374116216 0.0
22 103 72.565577384 0.0
22 104 64.711121828 0.0
22 105 50.006800544 0.0
22 106 62.611579598 0.0
22 107 65.28422363 0.0
22 108 59.214771733999996 0.0
22 109 58.344489752 0.0
22 110 66.547156982 0.0
22 111 72.256806644 0.0
22 112 67.061811524 0.0
22 113 70.500422372 0.0
22 114 65.165681156 0.0
22 115 55.272437744 0.0
22 116 59.793531494 0.0
22 117 72.161005856 0.0
22 118 70.155067136 0.0
22 119 72.753828134 0.0
22 120 66.35379761600001 0.0
22 121 69.393055424 0.0
22 122 68.48514527 0.0
22 123 65.906489264 0.0
22 124 69.21342896 0.0
22 125 61.03207518800001 0.0
22 126 66.884107658 0.0
22 127 69.581525882 0.0
23 0 64.221021734 0.0
23 1 71.01392334799999 0.0
23 2 67.687373048 0.0
23 3 69.934791254 0.0
23 4 64.919257808 0.0
23 5 73.01700561199999 0.0
23 6 63.385072016 0.0
23 7 61.526185304 0.0
23 8 74.50774048400001 0.0
23 9 65.105640878 0.0
23 10 50.510853266 0.0
23 11 64.063367924 0.0
23 12 58.327900394 0.0
23 13 69.245509028 0.0
23 14 65.438361824 0.0
23 15 62.637452384 0.0
23 16 69.586359872 0.0
23 17 66.35401734199999 0.0
23 18 67.25203979 0.0
23 19 63.678461917999996 0.0
23 20 67.153107902 0.0
23 21 67.27747314199999 0.0
23 22 62.72781494 0.0
23 23 72.67483643 0.0
23 24 70.026582038 0.0
23 25 59.116444088 0.0
23 26 60.660242924 0.0
23 27 55.892561036000004 0.0
23 28 59.137537838 0.0
23 29 70.321455086 0.0
23 30 69.0346814 0.0
23 31 61.4190686 0.0
23 32 65.29389161 0.0
23 33 52.511958014 0.0
23 34 65.033790278 0.0
23 35 59.772602534 0.0
23 36 67.007209478 0.0
23 37 58.91764649 0.0
23 38 61.287067867999994 0.0
23 39 57.047883295999995 0.0
23 40 58.398817136 0.0
23 41 63.665662838 0.0
23 42 62.566700432 0.0
23 43 59.714869388 0.0
23 44 73.01700561199999 0.0
23 45 56.695661618 0.0
23 46 62.048640128 0.0
23 47 52.18830078800001 0.0
23 48 65.438361824 0.0
23 49 73.757484122 0.0
23 50 66.15225341600001 0.0
23 51 48.6493847654 0.0
23 52 68.99749268 0.0
23 53 69.459467774 0.0
23 54 63.890552984 0.0
23 55 71.226179204 0.0
23 56 58.327900394 0.0
23 57 71.573951408 0.0
23 58 69.672163082 0.0
23 59 71.013868412 0.0
23 60 67.04906738 0.0
23 61 74.50774048400001 0.0
23 62 62.014967041999995 0.0
23 63 62.422614752 0.0
23 64 58.170191648 0.0
23 65 70.026582038 0.0
23 66 56.856831062 0.0
23 67 63.507844238000004 0.0
23 68 69.590919182 0.0
23 69 69.27484253 0.0
23 70 69.934791254 0.0
23 71 58.345863044 0.0
23 72 58.48203857 0.0
23 73 63.832764884 0.0
23 74 69.630579842 0.0
23 75 57.862739264 0.0
23 76 61.44279908 0.0
23 77 68.453339846 0.0
23 78 62.659150394 0.0
23 79 63.537397466 0.0
23 80 78.5643872 0.0
23 81 54.987891854 0.0
23 82 60.679908446 0.0
23 83 71.573951408 0.0
23 84 62.476173104 0.0
23 85 62.269959721999996 0.0
23 86 65.057301032 0.0
23 87 71.57296265 0.0
23 88 61.312061768 0.0
23 89 71.29742554399999 0.0
23 90 65.29389161 0.0
23 91 56.536799324 0.0
23 92 74.22758911400001 0.0
23 93 58.443092042 0.0
23 94 64.637238776 0.0
23 95 68.453339846 0.0
23 96 70.431538082 0.0
23 97 65.667756344 0.0
23 98 59.75985839 0.0
23 99 57.330506588000006 0.0
23 100 60.197169182 0.0
23 101 62.533851314 0.0
23 102 62.838557132000005 0.0
23 103 70.60715454199999 0.0
23 104 63.773548592 0.0
23 105 48.705030518 0.0
23 106 61.287067867999994 0.0
23 107 63.50141723 0.0
23 108 58.028413082 0.0
23 109 57.033161618 0.0
23 110 64.90233887 0.0
23 111 71.030347898 0.0
23 112 65.50329101 0.0
23 113 68.453339846 0.0
23 114 63.507844238000004 0.0
23 115 55.352143561999995 0.0
23 116 58.626289058 0.0
23 117 70.688343506 0.0
23 118 69.27484253 0.0
23 119 71.573951408 0.0
23 120 65.63693969600001 0.0
23 121 68.22015503 0.0
23 122 68.04547241 0.0
23 123 65.03736084799999 0.0
23 124 67.00874756 0.0
23 125 60.133393561999995 0.0
23 126 66.092322992 0.0
23 127 68.410273442 0.0
