time period scenario temperature renewable energy
0 0 60.171131588 0.0
0 1 60.171131588 0.0
0 2 60.171131588 0.0
0 3 60.171131588 0.0
0 4 60.171131588 0.0
0 5 60.171131588 0.0
0 6 60.171131588 0.0
0 7 60.171131588 0.0
0 8 60.171131588 0.0
0 9 60.171131588 0.0
0 10 60.171131588 0.0
0 11 60.171131588 0.0
0 12 60.171131588 0.0
0 13 60.171131588 0.0
0 14 60.171131588 0.0
0 15 60.171131588 0.0
0 16 60.171131588 0.0
0 17 60.171131588 0.0
0 18 60.171131588 0.0
0 19 60.171131588 0.0
0 20 60.171131588 0.0
0 21 60.171131588 0.0
0 22 60.171131588 0.0
0 23 60.171131588 0.0
0 24 60.171131588 0.0
0 25 60.171131588 0.0
0 26 60.171131588 0.0
0 27 60.171131588 0.0
0 28 60.171131588 0.0
0 29 60.171131588 0.0
0 30 60.171131588 0.0
0 31 60.171131588 0.0
0 32 60.171131588 0.0
0 33 60.171131588 0.0
0 34 60.171131588 0.0
0 35 60.171131588 0.0
0 36 60.171131588 0.0
0 37 60.171131588 0.0
0 38 60.171131588 0.0
0 39 60.171131588 0.0
0 40 60.171131588 0.0
0 41 60.171131588 0.0
0 42 60.171131588 0.0
0 43 60.171131588 0.0
0 44 60.171131588 0.0
0 45 60.171131588 0.0
0 46 60.171131588 0.0
0 47 60.171131588 0.0
0 48 60.171131588 0.0
0 49 60.171131588 0.0
0 50 60.171131588 0.0
0 51 60.171131588 0.0
0 52 60.171131588 0.0
0 53 60.171131588 0.0
0 54 60.171131588 0.0
0 55 60.171131588 0.0
0 56 60.171131588 0.0
0 57 60.171131588 0.0
0 58 60.171131588 0.0
0 59 60.171131588 0.0
0 60 60.171131588 0.0
0 61 60.171131588 0.0
0 62 60.171131588 0.0
0 63 60.171131588 0.0
0 64 60.171131588 0.0
0 65 60.171131588 0.0
0 66 60.171131588 0.0
0 67 60.171131588 0.0
0 68 60.171131588 0.0
0 69 60.171131588 0.0
0 70 60.171131588 0.0
0 71 60.171131588 0.0
0 72 60.171131588 0.0
0 73 60.171131588 0.0
0 74 60.171131588 0.0
0 75 60.171131588 0.0
0 76 60.171131588 0.0
0 77 60.171131588 0.0
0 78 60.171131588 0.0
0 79 60.171131588 0.0
0 80 60.171131588 0.0
0 81 60.171131588 0.0
0 82 60.171131588 0.0
0 83 60.171131588 0.0
0 84 60.171131588 0.0
0 85 60.171131588 0.0
0 86 60.171131588 0.0
0 87 60.171131588 0.0
0 88 60.171131588 0.0
0 89 60.171131588 0.0
0 90 60.171131588 0.0
0 91 60.171131588 0.0
0 92 60.171131588 0.0
0 93 60.171131588 0.0
0 94 60.171131588 0.0
0 95 60.171131588 0.0
0 96 60.171131588 0.0
0 97 60.171131588 0.0
0 98 60.171131588 0.0
0 99 60.171131588 0.0
0 100 60.171131588 0.0
0 101 60.171131588 0.0
0 102 60.171131588 0.0
0 103 60.171131588 0.0
0 104 60.171131588 0.0
0 105 60.171131588 0.0
0 106 60.171131588 0.0
0 107 60.171131588 0.0
0 108 60.171131588 0.0
0 109 60.171131588 0.0
0 110 60.171131588 0.0
0 111 60.171131588 0.0
0 112 60.171131588 0.0
0 113 60.171131588 0.0
0 114 60.171131588 0.0
0 115 60.171131588 0.0
0 116 60.171131588 0.0
0 117 60.171131588 0.0
0 118 60.171131588 0.0
0 119 60.171131588 0.0
0 120 60.171131588 0.0
0 121 60.171131588 0.0
0 122 60.171131588 0.0
0 123 60.171131588 0.0
0 124 60.171131588 0.0
0 125 60.171131588 0.0
0 126 60.171131588 0.0
0 127 60.171131588 0.0
1 0 58.44501464 0.0
1 1 58.44501464 0.0
1 2 58.44501464 0.0
1 3 58.44501464 0.0
1 4 58.44501464 0.0
1 5 58.44501464 0.0
1 6 58.44501464 0.0
1 7 58.44501464 0.0
1 8 58.44501464 0.0
1 9 58.44501464 0.0
1 10 58.44501464 0.0
1 11 58.44501464 0.0
1 12 58.44501464 0.0
1 13 58.44501464 0.0
1 14 58.44501464 0.0
1 15 58.44501464 0.0
1 16 58.44501464 0.0
1 17 58.44501464 0.0
1 18 58.44501464 0.0
1 19 58.44501464 0.0
1 20 58.44501464 0.0
1 21 58.44501464 0.0
1 22 58.44501464 0.0
1 23 58.44501464 0.0
1 24 58.44501464 0.0
1 25 58.44501464 0.0
1 26 58.44501464 0.0
1 27 58.44501464 0.0
1 28 58.44501464 0.0
1 29 58.44501464 0.0
1 30 58.44501464 0.0
1 31 58.44501464 0.0
1 32 58.44501464 0.0
1 33 58.44501464 0.0
1 34 58.44501464 0.0
1 35 58.44501464 0.0
1 36 58.44501464 0.0
1 37 58.44501464 0.0
1 38 58.44501464 0.0
1 39 58.44501464 0.0
1 40 58.44501464 0.0
1 41 58.44501464 0.0
1 42 58.44501464 0.0
1 43 58.44501464 0.0
1 44 58.44501464 0.0
1 45 58.44501464 0.0
1 46 58.44501464 0.0
1 47 58.44501464 0.0
1 48 58.44501464 0.0
1 49 58.44501464 0.0
1 50 58.44501464 0.0
1 51 58.44501464 0.0
1 52 58.44501464 0.0
1 53 58.44501464 0.0
1 54 58.44501464 0.0
1 55 58.44501464 0.0
1 56 58.44501464 0.0
1 57 58.44501464 0.0
1 58 58.44501464 0.0
1 59 58.44501464 0.0
1 60 58.44501464 0.0
1 61 58.44501464 0.0
1 62 58.44501464 0.0
1 63 58.44501464 0.0
1 64 58.44501464 0.0
1 65 58.44501464 0.0
1 66 58.44501464 0.0
1 67 58.44501464 0.0
1 68 58.44501464 0.0
1 69 58.44501464 0.0
1 70 58.44501464 0.0
1 71 58.44501464 0.0
1 72 58.44501464 0.0
1 73 58.44501464 0.0
1 74 58.44501464 0.0
1 75 58.44501464 0.0
1 76 58.44501464 0.0
1 77 58.44501464 0.0
1 78 58.44501464 0.0
1 79 58.44501464 0.0
1 80 58.44501464 0.0
1 81 58.44501464 0.0
1 82 58.44501464 0.0
1 83 58.44501464 0.0
1 84 58.44501464 0.0
1 85 58.44501464 0.0
1 86 58.44501464 0.0
1 87 58.44501464 0.0
1 88 58.44501464 0.0
1 89 58.44501464 0.0
1 90 58.44501464 0.0
1 91 58.44501464 0.0
1 92 58.44501464 0.0
1 93 58.44501464 0.0
1 94 58.44501464 0.0
1 95 58.44501464 0.0
1 96 58.44501464 0.0
1 97 58.44501464 0.0
1 98 58.44501464 0.0
1 99 58.44501464 0.0
1 100 58.44501464 0.0
1 101 58.44501464 0.0
1 102 58.44501464 0.0
1 103 58.44501464 0.0
1 104 58.44501464 0.0
1 105 58.44501464 0.0
1 106 58.44501464 0.0
1 107 58.44501464 0.0
1 108 58.44501464 0.0
1 109 58.44501464 0.0
1 110 58.44501464 0.0
1 111 58.44501464 0.0
1 112 58.44501464 0.0
1 113 58.44501464 0.0
1 114 58.44501464 0.0
1 115 58.44501464 0.0
1 116 58.44501464 0.0
1 117 58.44501464 0.0
1 118 58.44501464 0.0
1 119 58.44501464 0.0
1 120 58.44501464 0.0
1 121 58.44501464 0.0
1 122 58.44501464 0.0
1 123 58.44501464 0.0
1 124 58.44501464 0.0
1 125 58.44501464 0.0
1 126 58.44501464 0.0
1 127 58.44501464 0.0
2 0 57.103419182 0.0
2 1 57.103419182 0.0
2 2 57.103419182 0.0
2 3 57.103419182 0.0
2 4 57.103419182 0.0
2 5 57.103419182 0.0
2 6 57.103419182 0.0
2 7 57.103419182 0.0
2 8 57.103419182 0.0
2 9 57.103419182 0.0
2 10 57.103419182 0.0
2 11 57.103419182 0.0
2 12 57.103419182 0.0
2 13 57.103419182 0.0
2 14 57.103419182 0.0
2 15 57.103419182 0.0
2 16 57.103419182 0.0
2 17 57.103419182 0.0
2 18 57.103419182 0.0
2 19 57.103419182 0.0
2 20 57.103419182 0.0
2 21 57.103419182 0.0
2 22 57.103419182 0.0
2 23 57.103419182 0.0
2 24 57.103419182 0.0
2 25 57.103419182 0.0
2 26 57.103419182 0.0
2 27 57.103419182 0.0
2 28 57.103419182 0.0
2 29 57.103419182 0.0
2 30 57.103419182 0.0
2 31 57.103419182 0.0
2 32 57.103419182 0.0
2 33 57.103419182 0.0
2 34 57.103419182 0.0
2 35 57.103419182 0.0
2 36 57.103419182 0.0
2 37 57.103419182 0.0
2 38 57.103419182 0.0
2 39 57.103419182 0.0
2 40 57.103419182 0.0
2 41 57.103419182 0.0
2 42 57.103419182 0.0
2 43 57.103419182 0.0
2 44 57.103419182 0.0
2 45 57.103419182 0.0
2 46 57.103419182 0.0
2 47 57.103419182 0.0
2 48 57.103419182 0.0
2 49 57.103419182 0.0
2 50 57.103419182 0.0
2 51 57.103419182 0.0
2 52 57.103419182 0.0
2 53 57.103419182 0.0
2 54 57.103419182 0.0
2 55 57.103419182 0.0
2 56 57.103419182 0.0
2 57 57.103419182 0.0
2 58 57.103419182 0.0
2 59 57.103419182 0.0
2 60 57.103419182 0.0
2 61 57.103419182 0.0
2 62 57.103419182 0.0
2 63 57.103419182 0.0
2 64 57.103419182 0.0
2 65 57.103419182 0.0
2 66 57.103419182 0.0
2 67 57.103419182 0.0
2 68 57.103419182 0.0
2 69 57.103419182 0.0
2 70 57.103419182 0.0
2 71 57.103419182 0.0
2 72 57.103419182 0.0
2 73 57.103419182 0.0
2 74 57.103419182 0.0
2 75 57.103419182 0.0
2 76 57.103419182 0.0
2 77 57.103419182 0.0
2 78 57.103419182 0.0
2 79 57.103419182 0.0
2 80 57.103419182 0.0
2 81 57.103419182 0.0
2 82 57.103419182 0.0
2 83 57.103419182 0.0
2 84 57.103419182 0.0
2 85 57.103419182 0.0
2 86 57.103419182 0.0
2 87 57.103419182 0.0
2 88 57.103419182 0.0
2 89 57.103419182 0.0
2 90 57.103419182 0.0
2 91 57.103419182 0.0
2 92 57.103419182 0.0
2 93 57.103419182 0.0
2 94 57.103419182 0.0
2 95 57.103419182 0.0
2 96 57.103419182 0.0
2 97 57.103419182 0.0
2 98 57.103419182 0.0
2 99 57.103419182 0.0
2 100 57.103419182 0.0
2 101 57.103419182 0.0
2 102 57.103419182 0.0
2 103 57.103419182 0.0
2 104 57.103419182 0.0
2 105 57.103419182 0.0
2 106 57.103419182 0.0
2 107 57.103419182 0.0
2 108 57.103419182 0.0
2 109 57.103419182 0.0
2 110 57.103419182 0.0
2 111 57.103419182 0.0
2 112 57.103419182 0.0
2 113 57.103419182 0.0
2 114 57.103419182 0.0
2 115 57.103419182 0.0
2 116 57.103419182 0.0
2 117 57.103419182 0.0
2 118 57.103419182 0.0
2 119 57.103419182 0.0
2 120 57.103419182 0.0
2 121 57.103419182 0.0
2 122 57.103419182 0.0
2 123 57.103419182 0.0
2 124 57.103419182 0.0
2 125 57.103419182 0.0
2 126 57.103419182 0.0
2 127 57.103419182 0.0
3 0 56.037525638000005 0.0
3 1 56.037525638000005 0.0
3 2 56.037525638000005 0.0
3 3 56.037525638000005 0.0
3 4 56.037525638000005 0.0
3 5 56.037525638000005 0.0
3 6 56.037525638000005 0.0
3 7 56.037525638000005 0.0
3 8 56.037525638000005 0.0
3 9 56.037525638000005 0.0
3 10 56.037525638000005 0.0
3 11 56.037525638000005 0.0
3 12 56.037525638000005 0.0
3 13 56.037525638000005 0.0
3 14 56.037525638000005 0.0
3 15 56.037525638000005 0.0
3 16 56.037525638000005 0.0
3 17 56.037525638000005 0.0
3 18 56.037525638000005 0.0
3 19 56.037525638000005 0.0
3 20 56.037525638000005 0.0
3 21 56.037525638000005 0.0
3 22 56.037525638000005 0.0
3 23 56.037525638000005 0.0
3 24 56.037525638000005 0.0
3 25 56.037525638000005 0.0
3 26 56.037525638000005 0.0
3 27 56.037525638000005 0.0
3 28 56.037525638000005 0.0
3 29 56.037525638000005 0.0
3 30 56.037525638000005 0.0
3 31 56.037525638000005 0.0
3 32 56.037525638000005 0.0
3 33 56.037525638000005 0.0
3 34 56.037525638000005 0.0
3 35 56.037525638000005 0.0
3 36 56.037525638000005 0.0
3 37 56.037525638000005 0.0
3 38 56.037525638000005 0.0
3 39 56.037525638000005 0.0
3 40 56.037525638000005 0.0
3 41 56.037525638000005 0.0
3 42 56.037525638000005 0.0
3 43 56.037525638000005 0.0
3 44 56.037525638000005 0.0
3 45 56.037525638000005 0.0
3 46 56.037525638000005 0.0
3 47 56.037525638000005 0.0
3 48 56.037525638000005 0.0
3 49 56.037525638000005 0.0
3 50 56.037525638000005 0.0
3 51 56.037525638000005 0.0
3 52 56.037525638000005 0.0
3 53 56.037525638000005 0.0
3 54 56.037525638000005 0.0
3 55 56.037525638000005 0.0
3 56 56.037525638000005 0.0
3 57 56.037525638000005 0.0
3 58 56.037525638000005 0.0
3 59 56.037525638000005 0.0
3 60 56.037525638000005 0.0
3 61 56.037525638000005 0.0
3 62 56.037525638000005 0.0
3 63 56.037525638000005 0.0
3 64 61.667304692 0.0
3 65 61.667304692 0.0
3 66 61.667304692 0.0
3 67 61.667304692 0.0
3 68 61.667304692 0.0
3 69 61.667304692 0.0
3 70 61.667304692 0.0
3 71 61.667304692 0.0
3 72 61.667304692 0.0
3 73 61.667304692 0.0
3 74 61.667304692 0.0
3 75 61.667304692 0.0
3 76 61.667304692 0.0
3 77 61.667304692 0.0
3 78 61.667304692 0.0
3 79 61.667304692 0.0
3 80 61.667304692 0.0
3 81 61.667304692 0.0
3 82 61.667304692 0.0
3 83 61.667304692 0.0
3 84 61.667304692 0.0
3 85 61.667304692 0.0
3 86 61.667304692 0.0
3 87 61.667304692 0.0
3 88 61.667304692 0.0
3 89 61.667304692 0.0
3 90 61.667304692 0.0
3 91 61.667304692 0.0
3 92 61.667304692 0.0
3 93 61.667304692 0.0
3 94 61.667304692 0.0
3 95 61.667304692 0.0
3 96 61.667304692 0.0
3 97 61.667304692 0.0
3 98 61.667304692 0.0
3 99 61.667304692 0.0
3 100 61.667304692 0.0
3 101 61.667304692 0.0
3 102 61.667304692 0.0
3 103 61.667304692 0.0
3 104 61.667304692 0.0
3 105 61.667304692 0.0
3 106 61.667304692 0.0
3 107 61.667304692 0.0
3 108 61.667304692 0.0
3 109 61.667304692 0.0
3 110 61.667304692 0.0
3 111 61.667304692 0.0
3 112 61.667304692 0.0
3 113 61.667304692 0.0
3 114 61.667304692 0.0
3 115 61.667304692 0.0
3 116 61.667304692 0.0
3 117 61.667304692 0.0
3 118 61.667304692 0.0
3 119 61.667304692 0.0
3 120 61.667304692 0.0
3 121 61.667304692 0.0
3 122 61.667304692 0.0
3 123 61.667304692 0.0
3 124 61.667304692 0.0
3 125 61.667304692 0.0
3 126 61.667304692 0.0
3 127 61.667304692 0.0
4 0 55.534296884 0.0
4 1 55.534296884 0.0
4 2 55.534296884 0.0
4 3 55.534296884 0.0
4 4 55.534296884 0.0
4 5 55.534296884 0.0
4 6 55.534296884 0.0
4 7 55.534296884 0.0
4 8 55.534296884 0.0
4 9 55.534296884 0.0
4 10 55.534296884 0.0
4 11 55.534296884 0.0
4 12 55.534296884 0.0
4 13 55.534296884 0.0
4 14 55.534296884 0.0
4 15 55.534296884 0.0
4 16 55.534296884 0.0
4 17 55.534296884 0.0
4 18 55.534296884 0.0
4 19 55.534296884 0.0
4 20 55.534296884 0.0
4 21 55.534296884 0.0
4 22 55.534296884 0.0
4 23 55.534296884 0.0
4 24 55.534296884 0.0
4 25 55.534296884 0.0
4 26 55.534296884 0.0
4 27 55.534296884 0.0
4 28 55.534296884 0.0
4 29 55.534296884 0.0
4 30 55.534296884 0.0
4 31 55.534296884 0.0
4 32 55.534296884 0.0
4 33 55.534296884 0.0
4 34 55.534296884 0.0
4 35 55.534296884 0.0
4 36 55.534296884 0.0
4 37 55.534296884 0.0
4 38 55.534296884 0.0
4 39 55.534296884 0.0
4 40 55.534296884 0.0
4 41 55.534296884 0.0
4 42 55.534296884 0.0
4 43 55.534296884 0.0
4 44 55.534296884 0.0
4 45 55.534296884 0.0
4 46 55.534296884 0.0
4 47 55.534296884 0.0
4 48 55.534296884 0.0
4 49 55.534296884 0.0
4 50 55.534296884 0.0
4 51 55.534296884 0.0
4 52 55.534296884 0.0
4 53 55.534296884 0.0
4 54 55.534296884 0.0
4 55 55.534296884 0.0
4 56 55.534296884 0.0
4 57 55.534296884 0.0
4 58 55.534296884 0.0
4 59 55.534296884 0.0
4 60 55.534296884 0.0
4 61 55.534296884 0.0
4 62 55.534296884 0.0
4 63 55.534296884 0.0
4 64 62.029963382000005 0.0
4 65 62.029963382000005 0.0
4 66 62.029963382000005 0.0
4 67 62.029963382000005 0.0
4 68 62.029963382000005 0.0
4 69 62.029963382000005 0.0
4 70 62.029963382000005 0.0
4 71 62.029963382000005 0.0
4 72 62.029963382000005 0.0
4 73 62.029963382000005 0.0
4 74 62.029963382000005 0.0
4 75 62.029963382000005 0.0
4 76 62.029963382000005 0.0
4 77 62.029963382000005 0.0
4 78 62.029963382000005 0.0
4 79 62.029963382000005 0.0
4 80 62.029963382000005 0.0
4 81 62.029963382000005 0.0
4 82 62.029963382000005 0.0
4 83 62.029963382000005 0.0
4 84 62.029963382000005 0.0
4 85 62.029963382000005 0.0
4 86 62.029963382000005 0.0
4 87 62.029963382000005 0.0
4 88 62.029963382000005 0.0
4 89 62.029963382000005 0.0
4 90 62.029963382000005 0.0
4 91 62.029963382000005 0.0
4 92 62.029963382000005 0.0
4 93 62.029963382000005 0.0
4 94 62.029963382000005 0.0
4 95 62.029963382000005 0.0
4 96 62.029963382000005 0.0
4 97 62.029963382000005 0.0
4 98 62.029963382000005 0.0
4 99 62.029963382000005 0.0
4 100 62.029963382000005 0.0
4 101 62.029963382000005 0.0
4 102 62.029963382000005 0.0
4 103 62.029963382000005 0.0
4 104 62.029963382000005 0.0
4 105 62.029963382000005 0.0
4 106 62.029963382000005 0.0
4 107 62.029963382000005 0.0
4 108 62.029963382000005 0.0
4 109 62.029963382000005 0.0
4 110 62.029963382000005 0.0
4 111 62.029963382000005 0.0
4 112 62.029963382000005 0.0
4 113 62.029963382000005 0.0
4 114 62.029963382000005 0.0
4 115 62.029963382000005 0.0
4 116 62.029963382000005 0.0
4 117 62.029963382000005 0.0
4 118 62.029963382000005 0.0
4 119 62.029963382000005 0.0
4 120 62.029963382000005 0.0
4 121 62.029963382000005 0.0
4 122 62.029963382000005 0.0
4 123 62.029963382000005 0.0
4 124 62.029963382000005 0.0
4 125 62.029963382000005 0.0
4 126 62.029963382000005 0.0
4 127 62.029963382000005 0.0
5 0 55.567255856 0.0255
5 1 55.567255856 0.0255
5 2 55.567255856 0.0255
5 3 55.567255856 0.0255
5 4 55.567255856 0.0255
5 5 55.567255856 0.0255
5 6 55.567255856 0.0255
5 7 55.567255856 0.0255
5 8 55.567255856 0.0255
5 9 55.567255856 0.0255
5 10 55.567255856 0.0255
5 11 55.567255856 0.0255
5 12 55.567255856 0.0255
5 13 55.567255856 0.0255
5 14 55.567255856 0.0255
5 15 55.567255856 0.0255
5 16 55.567255856 0.0255
5 17 55.567255856 0.0255
5 18 55.567255856 0.0255
5 19 55.567255856 0.0255
5 20 55.567255856 0.0255
5 21 55.567255856 0.0255
5 22 55.567255856 0.0255
5 23 55.567255856 0.0255
5 24 55.567255856 0.0255
5 25 55.567255856 0.0255
5 26 55.567255856 0.0255
5 27 55.567255856 0.0255
5 28 55.567255856 0.0255
5 29 55.567255856 0.0255
5 30 55.567255856 0.0255
5 31 55.567255856 0.0255
5 32 55.567255856 0.0255
5 33 55.567255856 0.0255
5 34 55.567255856 0.0255
5 35 55.567255856 0.0255
5 36 55.567255856 0.0255
5 37 55.567255856 0.0255
5 38 55.567255856 0.0255
5 39 55.567255856 0.0255
5 40 55.567255856 0.0255
5 41 55.567255856 0.0255
5 42 55.567255856 0.0255
5 43 55.567255856 0.0255
5 44 55.567255856 0.0255
5 45 55.567255856 0.0255
5 46 55.567255856 0.0255
5 47 55.567255856 0.0255
5 48 55.567255856 0.0255
5 49 55.567255856 0.0255
5 50 55.567255856 0.0255
5 51 55.567255856 0.0255
5 52 55.567255856 0.0255
5 53 55.567255856 0.0255
5 54 55.567255856 0.0255
5 55 55.567255856 0.0255
5 56 55.567255856 0.0255
5 57 55.567255856 0.0255
5 58 55.567255856 0.0255
5 59 55.567255856 0.0255
5 60 55.567255856 0.0255
5 61 55.567255856 0.0255
5 62 55.567255856 0.0255
5 63 55.567255856 0.0255
5 64 62.993354486 0.0585
5 65 62.993354486 0.0585
5 66 62.993354486 0.0585
5 67 62.993354486 0.0585
5 68 62.993354486 0.0585
5 69 62.993354486 0.0585
5 70 62.993354486 0.0585
5 71 62.993354486 0.0585
5 72 62.993354486 0.0585
5 73 62.993354486 0.0585
5 74 62.993354486 0.0585
5 75 62.993354486 0.0585
5 76 62.993354486 0.0585
5 77 62.993354486 0.0585
5 78 62.993354486 0.0585
5 79 62.993354486 0.0585
5 80 62.993354486 0.0585
5 81 62.993354486 0.0585
5 82 62.993354486 0.0585
5 83 62.993354486 0.0585
5 84 62.993354486 0.0585
5 85 62.993354486 0.0585
5 86 62.993354486 0.0585
5 87 62.993354486 0.0585
5 88 62.993354486 0.0585
5 89 62.993354486 0.0585
5 90 62.993354486 0.0585
5 91 62.993354486 0.0585
5 92 62.993354486 0.0585
5 93 62.993354486 0.0585
5 94 62.993354486 0.0585
5 95 62.993354486 0.0585
5 96 62.993354486 0.0585
5 97 62.993354486 0.0585
5 98 62.993354486 0.0585
5 99 62.993354486 0.0585
5 100 62.993354486 0.0585
5 101 62.993354486 0.0585
5 102 62.993354486 0.0585
5 103 62.993354486 0.0585
5 104 62.993354486 0.0585
5 105 62.993354486 0.0585
5 106 62.993354486 0.0585
5 107 62.993354486 0.0585
5 108 62.993354486 0.0585
5 109 62.993354486 0.0585
5 110 62.993354486 0.0585
5 111 62.993354486 0.0585
5 112 62.993354486 0.0585
5 113 62.993354486 0.0585
5 114 62.993354486 0.0585
5 115 62.993354486 0.0585
5 116 62.993354486 0.0585
5 117 62.993354486 0.0585
5 118 62.993354486 0.0585
5 119 62.993354486 0.0585
5 120 62.993354486 0.0585
5 121 62.993354486 0.0585
5 122 62.993354486 0.0585
5 123 62.993354486 0.0585
5 124 62.993354486 0.0585
5 125 62.993354486 0.0585
5 126 62.993354486 0.0585
5 127 62.993354486 0.0585
6 0 55.911347654 0.1215
6 1 55.911347654 0.1215
6 2 55.911347654 0.1215
6 3 55.911347654 0.1215
6 4 55.911347654 0.1215
6 5 55.911347654 0.1215
6 6 55.911347654 0.1215
6 7 55.911347654 0.1215
6 8 55.911347654 0.1215
6 9 55.911347654 0.1215
6 10 55.911347654 0.1215
6 11 55.911347654 0.1215
6 12 55.911347654 0.1215
6 13 55.911347654 0.1215
6 14 55.911347654 0.1215
6 15 55.911347654 0.1215
6 16 55.911347654 0.1215
6 17 55.911347654 0.1215
6 18 55.911347654 0.1215
6 19 55.911347654 0.1215
6 20 55.911347654 0.1215
6 21 55.911347654 0.1215
6 22 55.911347654 0.1215
6 23 55.911347654 0.1215
6 24 55.911347654 0.1215
6 25 55.911347654 0.1215
6 26 55.911347654 0.1215
6 27 55.911347654 0.1215
6 28 55.911347654 0.1215
6 29 55.911347654 0.1215
6 30 55.911347654 0.1215
6 31 55.911347654 0.1215
6 32 60.438209234 0.132
6 33 60.438209234 0.132
6 34 60.438209234 0.132
6 35 60.438209234 0.132
6 36 60.438209234 0.132
6 37 60.438209234 0.132
6 38 60.438209234 0.132
6 39 60.438209234 0.132
6 40 60.438209234 0.132
6 41 60.438209234 0.132
6 42 60.438209234 0.132
6 43 60.438209234 0.132
6 44 60.438209234 0.132
6 45 60.438209234 0.132
6 46 60.438209234 0.132
6 47 60.438209234 0.132
6 48 60.438209234 0.132
6 49 60.438209234 0.132
6 50 60.438209234 0.132
6 51 60.438209234 0.132
6 52 60.438209234 0.132
6 53 60.438209234 0.132
6 54 60.438209234 0.132
6 55 60.438209234 0.132
6 56 60.438209234 0.132
6 57 60.438209234 0.132
6 58 60.438209234 0.132
6 59 60.438209234 0.132
6 60 60.438209234 0.132
6 61 60.438209234 0.132
6 62 60.438209234 0.132
6 63 60.438209234 0.132
6 64 64.264197992 0.2445
6 65 64.264197992 0.2445
6 66 64.264197992 0.2445
6 67 64.264197992 0.2445
6 68 64.264197992 0.2445
6 69 64.264197992 0.2445
6 70 64.264197992 0.2445
6 71 64.264197992 0.2445
6 72 64.264197992 0.2445
6 73 64.264197992 0.2445
6 74 64.264197992 0.2445
6 75 64.264197992 0.2445
6 76 64.264197992 0.2445
6 77 64.264197992 0.2445
6 78 64.264197992 0.2445
6 79 64.264197992 0.2445
6 80 64.264197992 0.2445
6 81 64.264197992 0.2445
6 82 64.264197992 0.2445
6 83 64.264197992 0.2445
6 84 64.264197992 0.2445
6 85 64.264197992 0.2445
6 86 64.264197992 0.2445
6 87 64.264197992 0.2445
6 88 64.264197992 0.2445
6 89 64.264197992 0.2445
6 90 64.264197992 0.2445
6 91 64.264197992 0.2445
6 92 64.264197992 0.2445
6 93 64.264197992 0.2445
6 94 64.264197992 0.2445
6 95 64.264197992 0.2445
6 96 63.588319088 0.141
6 97 63.588319088 0.141
6 98 63.588319088 0.141
6 99 63.588319088 0.141
6 100 63.588319088 0.141
6 101 63.588319088 0.141
6 102 63.588319088 0.141
6 103 63.588319088 0.141
6 104 63.588319088 0.141
6 105 63.588319088 0.141
6 106 63.588319088 0.141
6 107 63.588319088 0.141
6 108 63.588319088 0.141
6 109 63.588319088 0.141
6 110 63.588319088 0.141
6 111 63.588319088 0.141
6 112 63.588319088 0.141
6 113 63.588319088 0.141
6 114 63.588319088 0.141
6 115 63.588319088 0.141
6 116 63.588319088 0.141
6 117 63.588319088 0.141
6 118 63.588319088 0.141
6 119 63.588319088 0.141
6 120 63.588319088 0.141
6 121 63.588319088 0.141
6 122 63.588319088 0.141
6 123 63.588319088 0.141
6 124 63.588319088 0.141
6 125 63.588319088 0.141
6 126 63.588319088 0.141
6 127 63.588319088 0.141
7 0 56.720545646000005 0.12
7 1 56.720545646000005 0.12
7 2 56.720545646000005 0.12
7 3 56.720545646000005 0.12
7 4 56.720545646000005 0.12
7 5 56.720545646000005 0.12
7 6 56.720545646000005 0.12
7 7 56.720545646000005 0.12
7 8 56.720545646000005 0.12
7 9 56.720545646000005 0.12
7 10 56.720545646000005 0.12
7 11 56.720545646000005 0.12
7 12 56.720545646000005 0.12
7 13 56.720545646000005 0.12
7 14 56.720545646000005 0.12
7 15 56.720545646000005 0.12
7 16 56.720545646000005 0.12
7 17 56.720545646000005 0.12
7 18 56.720545646000005 0.12
7 19 56.720545646000005 0.12
7 20 56.720545646000005 0.12
7 21 56.720545646000005 0.12
7 22 56.720545646000005 0.12
7 23 56.720545646000005 0.12
7 24 56.720545646000005 0.12
7 25 56.720545646000005 0.12
7 26 56.720545646000005 0.12
7 27 56.720545646000005 0.12
7 28 56.720545646000005 0.12
7 29 56.720545646000005 0.12
7 30 56.720545646000005 0.12
7 31 56.720545646000005 0.12
7 32 64.60796021 0.312
7 33 64.60796021 0.312
7 34 64.60796021 0.312
7 35 64.60796021 0.312
7 36 64.60796021 0.312
7 37 64.60796021 0.312
7 38 64.60796021 0.312
7 39 64.60796021 0.312
7 40 64.60796021 0.312
7 41 64.60796021 0.312
7 42 64.60796021 0.312
7 43 64.60796021 0.312
7 44 64.60796021 0.312
7 45 64.60796021 0.312
7 46 64.60796021 0.312
7 47 64.60796021 0.312
7 48 64.60796021 0.312
7 49 64.60796021 0.312
7 50 64.60796021 0.312
7 51 64.60796021 0.312
7 52 64.60796021 0.312
7 53 64.60796021 0.312
7 54 64.60796021 0.312
7 55 64.60796021 0.312
7 56 64.60796021 0.312
7 57 64.60796021 0.312
7 58 64.60796021 0.312
7 59 64.60796021 0.312
7 60 64.60796021 0.312
7 61 64.60796021 0.312
7 62 64.60796021 0.312
7 63 64.60796021 0.312
7 64 66.57291991400001 0.4755
7 65 66.57291991400001 0.4755
7 66 66.57291991400001 0.4755
7 67 66.57291991400001 0.4755
7 68 66.57291991400001 0.4755
7 69 66.57291991400001 0.4755
7 70 66.57291991400001 0.4755
7 71 66.57291991400001 0.4755
7 72 66.57291991400001 0.4755
7 73 66.57291991400001 0.4755
7 74 66.57291991400001 0.4755
7 75 66.57291991400001 0.4755
7 76 66.57291991400001 0.4755
7 77 66.57291991400001 0.4755
7 78 66.57291991400001 0.4755
7 79 66.57291991400001 0.4755
7 80 66.57291991400001 0.4755
7 81 66.57291991400001 0.4755
7 82 66.57291991400001 0.4755
7 83 66.57291991400001 0.4755
7 84 66.57291991400001 0.4755
7 85 66.57291991400001 0.4755
7 86 66.57291991400001 0.4755
7 87 66.57291991400001 0.4755
7 88 66.57291991400001 0.4755
7 89 66.57291991400001 0.4755
7 90 66.57291991400001 0.4755
7 91 66.57291991400001 0.4755
7 92 66.57291991400001 0.4755
7 93 66.57291991400001 0.4755
7 94 66.57291991400001 0.4755
7 95 66.57291991400001 0.4755
7 96 67.75658691800001 0.369
7 97 67.75658691800001 0.369
7 98 67.75658691800001 0.369
7 99 67.75658691800001 0.369
7 100 67.75658691800001 0.369
7 101 67.75658691800001 0.369
7 102 67.75658691800001 0.369
7 103 67.75658691800001 0.369
7 104 67.75658691800001 0.369
7 105 67.75658691800001 0.369
7 106 67.75658691800001 0.369
7 107 67.75658691800001 0.369
7 108 67.75658691800001 0.369
7 109 67.75658691800001 0.369
7 110 67.75658691800001 0.369
7 111 67.75658691800001 0.369
7 112 67.75658691800001 0.369
7 113 67.75658691800001 0.369
7 114 67.75658691800001 0.369
7 115 67.75658691800001 0.369
7 116 67.75658691800001 0.369
7 117 67.75658691800001 0.369
7 118 67.75658691800001 0.369
7 119 67.75658691800001 0.369
7 120 67.75658691800001 0.369
7 121 67.75658691800001 0.369
7 122 67.75658691800001 0.369
7 123 67.75658691800001 0.369
7 124 67.75658691800001 0.369
7 125 67.75658691800001 0.369
7 126 67.75658691800001 0.369
7 127 67.75658691800001 0.369
8 0 57.684541010000004 0.1185
8 1 57.684541010000004 0.1185
8 2 57.684541010000004 0.1185
8 3 57.684541010000004 0.1185
8 4 57.684541010000004 0.1185
8 5 57.684541010000004 0.1185
8 6 57.684541010000004 0.1185
8 7 57.684541010000004 0.1185
8 8 57.684541010000004 0.1185
8 9 57.684541010000004 0.1185
8 10 57.684541010000004 0.1185
8 11 57.684541010000004 0.1185
8 12 57.684541010000004 0.1185
8 13 57.684541010000004 0.1185
8 14 57.684541010000004 0.1185
8 15 57.684541010000004 0.1185
8 16 57.684541010000004 0.1185
8 17 57.684541010000004 0.1185
8 18 57.684541010000004 0.1185
8 19 57.684541010000004 0.1185
8 20 57.684541010000004 0.1185
8 21 57.684541010000004 0.1185
8 22 57.684541010000004 0.1185
8 23 57.684541010000004 0.1185
8 24 57.684541010000004 0.1185
8 25 57.684541010000004 0.1185
8 26 57.684541010000004 0.1185
8 27 57.684541010000004 0.1185
8 28 57.684541010000004 0.1185
8 29 57.684541010000004 0.1185
8 30 57.684541010000004 0.1185
8 31 57.684541010000004 0.1185
8 32 68.807154542 0.5655
8 33 68.807154542 0.5655
8 34 68.807154542 0.5655
8 35 68.807154542 0.5655
8 36 68.807154542 0.5655
8 37 68.807154542 0.5655
8 38 68.807154542 0.5655
8 39 68.807154542 0.5655
8 40 68.807154542 0.5655
8 41 68.807154542 0.5655
8 42 68.807154542 0.5655
8 43 68.807154542 0.5655
8 44 68.807154542 0.5655
8 45 68.807154542 0.5655
8 46 68.807154542 0.5655
8 47 68.807154542 0.5655
8 48 68.807154542 0.5655
8 49 68.807154542 0.5655
8 50 68.807154542 0.5655
8 51 68.807154542 0.5655
8 52 68.807154542 0.5655
8 53 68.807154542 0.5655
8 54 68.807154542 0.5655
8 55 68.807154542 0.5655
8 56 68.807154542 0.5655
8 57 68.807154542 0.5655
8 58 68.807154542 0.5655
8 59 68.807154542 0.5655
8 60 68.807154542 0.5655
8 61 68.807154542 0.5655
8 62 68.807154542 0.5655
8 63 68.807154542 0.5655
8 64 69.209034422 0.711
8 65 69.209034422 0.711
8 66 69.209034422 0.711
8 67 69.209034422 0.711
8 68 69.209034422 0.711
8 69 69.209034422 0.711
8 70 69.209034422 0.711
8 71 69.209034422 0.711
8 72 69.209034422 0.711
8 73 69.209034422 0.711
8 74 69.209034422 0.711
8 75 69.209034422 0.711
8 76 69.209034422 0.711
8 77 69.209034422 0.711
8 78 69.209034422 0.711
8 79 69.209034422 0.711
8 80 69.209034422 0.711
8 81 69.209034422 0.711
8 82 69.209034422 0.711
8 83 69.209034422 0.711
8 84 69.209034422 0.711
8 85 69.209034422 0.711
8 86 69.209034422 0.711
8 87 69.209034422 0.711
8 88 69.209034422 0.711
8 89 69.209034422 0.711
8 90 69.209034422 0.711
8 91 69.209034422 0.711
8 92 69.209034422 0.711
8 93 69.209034422 0.711
8 94 69.209034422 0.711
8 95 69.209034422 0.711
8 96 71.548627928 0.564
8 97 71.548627928 0.564
8 98 71.548627928 0.564
8 99 71.548627928 0.564
8 100 71.548627928 0.564
8 101 71.548627928 0.564
8 102 71.548627928 0.564
8 103 71.548627928 0.564
8 104 71.548627928 0.564
8 105 71.548627928 0.564
8 106 71.548627928 0.564
8 107 71.548627928 0.564
8 108 71.548627928 0.564
8 109 71.548627928 0.564
8 110 71.548627928 0.564
8 111 71.548627928 0.564
8 112 71.548627928 0.564
8 113 71.548627928 0.564
8 114 71.548627928 0.564
8 115 71.548627928 0.564
8 116 71.548627928 0.564
8 117 71.548627928 0.564
8 118 71.548627928 0.564
8 119 71.548627928 0.564
8 120 71.548627928 0.564
8 121 71.548627928 0.564
8 122 71.548627928 0.564
8 123 71.548627928 0.564
8 124 71.548627928 0.564
8 125 71.548627928 0.564
8 126 71.548627928 0.564
8 127 71.548627928 0.564
9 0 58.467371828 0.1275
9 1 58.467371828 0.1275
9 2 58.467371828 0.1275
9 3 58.467371828 0.1275
9 4 58.467371828 0.1275
9 5 58.467371828 0.1275
9 6 58.467371828 0.1275
9 7 58.467371828 0.1275
9 8 58.467371828 0.1275
9 9 58.467371828 0.1275
9 10 58.467371828 0.1275
9 11 58.467371828 0.1275
9 12 58.467371828 0.1275
9 13 58.467371828 0.1275
9 14 58.467371828 0.1275
9 15 58.467371828 0.1275
9 16 73.787366948 0.822
9 17 73.787366948 0.822
9 18 73.787366948 0.822
9 19 73.787366948 0.822
9 20 73.787366948 0.822
9 21 73.787366948 0.822
9 22 73.787366948 0.822
9 23 73.787366948 0.822
9 24 73.787366948 0.822
9 25 73.787366948 0.822
9 26 73.787366948 0.822
9 27 73.787366948 0.822
9 28 73.787366948 0.822
9 29 73.787366948 0.822
9 30 73.787366948 0.822
9 31 73.787366948 0.822
9 32 71.50803344600001 0.8805
9 33 71.50803344600001 0.8805
9 34 71.50803344600001 0.8805
9 35 71.50803344600001 0.8805
9 36 71.50803344600001 0.8805
9 37 71.50803344600001 0.8805
9 38 71.50803344600001 0.8805
9 39 71.50803344600001 0.8805
9 40 71.50803344600001 0.8805
9 41 71.50803344600001 0.8805
9 42 71.50803344600001 0.8805
9 43 71.50803344600001 0.8805
9 44 71.50803344600001 0.8805
9 45 71.50803344600001 0.8805
9 46 71.50803344600001 0.8805
9 47 71.50803344600001 0.8805
9 48 86.80155152 0.8835
9 49 86.80155152 0.8835
9 50 86.80155152 0.8835
9 51 86.80155152 0.8835
9 52 86.80155152 0.8835
9 53 86.80155152 0.8835
9 54 86.80155152 0.8835
9 55 86.80155152 0.8835
9 56 86.80155152 0.8835
9 57 86.80155152 0.8835
9 58 86.80155152 0.8835
9 59 86.80155152 0.8835
9 60 86.80155152 0.8835
9 61 86.80155152 0.8835
9 62 86.80155152 0.8835
9 63 86.80155152 0.8835
9 64 70.63390625 0.9314999999999999
9 65 70.63390625 0.9314999999999999
9 66 70.63390625 0.9314999999999999
9 67 70.63390625 0.9314999999999999
9 68 70.63390625 0.9314999999999999
9 69 70.63390625 0.9314999999999999
9 70 70.63390625 0.9314999999999999
9 71 70.63390625 0.9314999999999999
9 72 70.63390625 0.9314999999999999
9 73 70.63390625 0.9314999999999999
9 74 70.63390625 0.9314999999999999
9 75 70.63390625 0.9314999999999999
9 76 70.63390625 0.9314999999999999
9 77 70.63390625 0.9314999999999999
9 78 70.63390625 0.9314999999999999
9 79 70.63390625 0.9314999999999999
9 80 70.168800056 0.9105
9 81 70.168800056 0.9105
9 82 70.168800056 0.9105
9 83 70.168800056 0.9105
9 84 70.168800056 0.9105
9 85 70.168800056 0.9105
9 86 70.168800056 0.9105
9 87 70.168800056 0.9105
9 88 70.168800056 0.9105
9 89 70.168800056 0.9105
9 90 70.168800056 0.9105
9 91 70.168800056 0.9105
9 92 70.168800056 0.9105
9 93 70.168800056 0.9105
9 94 70.168800056 0.9105
9 95 70.168800056 0.9105
9 96 74.698957526 0.666
9 97 74.698957526 0.666
9 98 74.698957526 0.666
9 99 74.698957526 0.666
9 100 74.698957526 0.666
9 101 74.698957526 0.666
9 102 74.698957526 0.666
9 103 74.698957526 0.666
9 104 74.698957526 0.666
9 105 74.698957526 0.666
9 106 74.698957526 0.666
9 107 74.698957526 0.666
9 108 74.698957526 0.666
9 109 74.698957526 0.666
9 110 74.698957526 0.666
9 111 74.698957526 0.666
9 112 77.41554688400001 0.96
9 113 77.41554688400001 0.96
9 114 77.41554688400001 0.96
9 115 77.41554688400001 0.96
9 116 77.41554688400001 0.96
9 117 77.41554688400001 0.96
9 118 77.41554688400001 0.96
9 119 77.41554688400001 0.96
9 120 77.41554688400001 0.96
9 121 77.41554688400001 0.96
9 122 77.41554688400001 0.96
9 123 77.41554688400001 0.96
9 124 77.41554688400001 0.96
9 125 77.41554688400001 0.96
9 126 77.41554688400001 0.96
9 127 77.41554688400001 0.96
10 0 59.095844725999996 0.141
10 1 59.095844725999996 0.141
10 2 59.095844725999996 0.141
10 3 59.095844725999996 0.141
10 4 59.095844725999996 0.141
10 5 59.095844725999996 0.141
10 6 59.095844725999996 0.141
10 7 59.095844725999996 0.141
10 8 59.095844725999996 0.141
10 9 59.095844725999996 0.141
10 10 59.095844725999996 0.141
10 11 59.095844725999996 0.141
10 12 59.095844725999996 0.141
10 13 59.095844725999996 0.141
10 14 59.095844725999996 0.141
10 15 59.095844725999996 0.141
10 16 75.308478998 0.9975
10 17 75.308478998 0.9975
10 18 75.308478998 0.9975
10 19 75.308478998 0.9975
10 20 75.308478998 0.9975
10 21 75.308478998 0.9975
10 22 75.308478998 0.9975
10 23 75.308478998 0.9975
10 24 75.308478998 0.9975
10 25 75.308478998 0.9975
10 26 75.308478998 0.9975
10 27 75.308478998 0.9975
10 28 75.308478998 0.9975
10 29 75.308478998 0.9975
10 30 75.308478998 0.9975
10 31 75.308478998 0.9975
10 32 73.22937134 0.885
10 33 73.22937134 0.885
10 34 73.22937134 0.885
10 35 73.22937134 0.885
10 36 73.22937134 0.885
10 37 73.22937134 0.885
10 38 73.22937134 0.885
10 39 73.22937134 0.885
10 40 73.22937134 0.885
10 41 73.22937134 0.885
10 42 73.22937134 0.885
10 43 73.22937134 0.885
10 44 73.22937134 0.885
10 45 73.22937134 0.885
10 46 73.22937134 0.885
10 47 73.22937134 0.885
10 48 88.694276126 1.0605
10 49 88.694276126 1.0605
10 50 88.694276126 1.0605
10 51 88.694276126 1.0605
10 52 88.694276126 1.0605
10 53 88.694276126 1.0605
10 54 88.694276126 1.0605
10 55 88.694276126 1.0605
10 56 88.694276126 1.0605
10 57 88.694276126 1.0605
10 58 88.694276126 1.0605
10 59 88.694276126 1.0605
10 60 88.694276126 1.0605
10 61 88.694276126 1.0605
10 62 88.694276126 1.0605
10 63 88.694276126 1.0605
10 64 71.431129148 1.116
10 65 71.431129148 1.116
10 66 71.431129148 1.116
10 67 71.431129148 1.116
10 68 71.431129148 1.116
10 69 71.431129148 1.116
10 70 71.431129148 1.116
10 71 71.431129148 1.116
10 72 71.431129148 1.116
10 73 71.431129148 1.116
10 74 71.431129148 1.116
10 75 71.431129148 1.116
10 76 71.431129148 1.116
10 77 71.431129148 1.116
10 78 71.431129148 1.116
10 79 71.431129148 1.116
10 80 72.985969238 1.098
10 81 72.985969238 1.098
10 82 72.985969238 1.098
10 83 72.985969238 1.098
10 84 72.985969238 1.098
10 85 72.985969238 1.098
10 86 72.985969238 1.098
10 87 72.985969238 1.098
10 88 72.985969238 1.098
10 89 72.985969238 1.098
10 90 72.985969238 1.098
10 91 72.985969238 1.098
10 92 72.985969238 1.098
10 93 72.985969238 1.098
10 94 72.985969238 1.098
10 95 72.985969238 1.098
10 96 77.30436524000001 0.9375
10 97 77.30436524000001 0.9375
10 98 77.30436524000001 0.9375
10 99 77.30436524000001 0.9375
10 100 77.30436524000001 0.9375
10 101 77.30436524000001 0.9375
10 102 77.30436524000001 0.9375
10 103 77.30436524000001 0.9375
10 104 77.30436524000001 0.9375
10 105 77.30436524000001 0.9375
10 106 77.30436524000001 0.9375
10 107 77.30436524000001 0.9375
10 108 77.30436524000001 0.9375
10 109 77.30436524000001 0.9375
10 110 77.30436524000001 0.9375
10 111 77.30436524000001 0.9375
10 112 79.99689453799999 0.9975
10 113 79.99689453799999 0.9975
10 114 79.99689453799999 0.9975
10 115 79.99689453799999 0.9975
10 116 79.99689453799999 0.9975
10 117 79.99689453799999 0.9975
10 118 79.99689453799999 0.9975
10 119 79.99689453799999 0.9975
10 120 79.99689453799999 0.9975
10 121 79.99689453799999 0.9975
10 122 79.99689453799999 0.9975
10 123 79.99689453799999 0.9975
10 124 79.99689453799999 0.9975
10 125 79.99689453799999 0.9975
10 126 79.99689453799999 0.9975
10 127 79.99689453799999 0.9975
11 0 59.348804936 0.1905
11 1 59.348804936 0.1905
11 2 59.348804936 0.1905
11 3 59.348804936 0.1905
11 4 59.348804936 0.1905
11 5 59.348804936 0.1905
11 6 59.348804936 0.1905
11 7 59.348804936 0.1905
11 8 59.348804936 0.1905
11 9 59.348804936 0.1905
11 10 59.348804936 0.1905
11 11 59.348804936 0.1905
11 12 59.348804936 0.1905
11 13 59.348804936 0.1905
11 14 59.348804936 0.1905
11 15 59.348804936 0.1905
11 16 76.293677984 1.062
11 17 76.293677984 1.062
11 18 76.293677984 1.062
11 19 76.293677984 1.062
11 20 76.293677984 1.062
11 21 76.293677984 1.062
11 22 76.293677984 1.062
11 23 76.293677984 1.062
11 24 76.293677984 1.062
11 25 76.293677984 1.062
11 26 76.293677984 1.062
11 27 76.293677984 1.062
11 28 76.293677984 1.062
11 29 76.293677984 1.062
11 30 76.293677984 1.062
11 31 76.293677984 1.062
11 32 74.479340822 0.828
11 33 74.479340822 0.828
11 34 74.479340822 0.828
11 35 74.479340822 0.828
11 36 74.479340822 0.828
11 37 74.479340822 0.828
11 38 74.479340822 0.828
11 39 74.479340822 0.828
11 40 74.479340822 0.828
11 41 74.479340822 0.828
11 42 74.479340822 0.828
11 43 74.479340822 0.828
11 44 74.479340822 0.828
11 45 74.479340822 0.828
11 46 74.479340822 0.828
11 47 74.479340822 0.828
11 48 89.48199585200001 1.188
11 49 89.48199585200001 1.188
11 50 89.48199585200001 1.188
11 51 89.48199585200001 1.188
11 52 89.48199585200001 1.188
11 53 89.48199585200001 1.188
11 54 89.48199585200001 1.188
11 55 89.48199585200001 1.188
11 56 89.48199585200001 1.188
11 57 89.48199585200001 1.188
11 58 89.48199585200001 1.188
11 59 89.48199585200001 1.188
11 60 89.48199585200001 1.188
11 61 89.48199585200001 1.188
11 62 89.48199585200001 1.188
11 63 89.48199585200001 1.188
11 64 71.956660154 1.2525
11 65 71.956660154 1.2525
11 66 71.956660154 1.2525
11 67 71.956660154 1.2525
11 68 71.956660154 1.2525
11 69 71.956660154 1.2525
11 70 71.956660154 1.2525
11 71 71.956660154 1.2525
11 72 71.956660154 1.2525
11 73 71.956660154 1.2525
11 74 71.956660154 1.2525
11 75 71.956660154 1.2525
11 76 71.956660154 1.2525
11 77 71.956660154 1.2525
11 78 71.956660154 1.2525
11 79 71.956660154 1.2525
11 80 75.061231682 0.987
11 81 75.061231682 0.987
11 82 75.061231682 0.987
11 83 75.061231682 0.987
11 84 75.061231682 0.987
11 85 75.061231682 0.987
11 86 75.061231682 0.987
11 87 75.061231682 0.987
11 88 75.061231682 0.987
11 89 75.061231682 0.987
11 90 75.061231682 0.987
11 91 75.061231682 0.987
11 92 75.061231682 0.987
11 93 75.061231682 0.987
11 94 75.061231682 0.987
11 95 75.061231682 0.987
11 96 79.355512688 1.083
11 97 79.355512688 1.083
11 98 79.355512688 1.083
11 99 79.355512688 1.083
11 100 79.355512688 1.083
11 101 79.355512688 1.083
11 102 79.355512688 1.083
11 103 79.355512688 1.083
11 104 79.355512688 1.083
11 105 79.355512688 1.083
11 106 79.355512688 1.083
11 107 79.355512688 1.083
11 108 79.355512688 1.083
11 109 79.355512688 1.083
11 110 79.355512688 1.083
11 111 79.355512688 1.083
11 112 82.244202872 1.0695
11 113 82.244202872 1.0695
11 114 82.244202872 1.0695
11 115 82.244202872 1.0695
11 116 82.244202872 1.0695
11 117 82.244202872 1.0695
11 118 82.244202872 1.0695
11 119 82.244202872 1.0695
11 120 82.244202872 1.0695
11 121 82.244202872 1.0695
11 122 82.244202872 1.0695
11 123 82.244202872 1.0695
11 124 82.244202872 1.0695
11 125 82.244202872 1.0695
11 126 82.244202872 1.0695
11 127 82.244202872 1.0695
12 0 59.190272222000004 0.159
12 1 59.190272222000004 0.159
12 2 59.190272222000004 0.159
12 3 59.190272222000004 0.159
12 4 59.190272222000004 0.159
12 5 59.190272222000004 0.159
12 6 59.190272222000004 0.159
12 7 59.190272222000004 0.159
12 8 86.69822509400001 1.2885
12 9 86.69822509400001 1.2885
12 10 86.69822509400001 1.2885
12 11 86.69822509400001 1.2885
12 12 86.69822509400001 1.2885
12 13 86.69822509400001 1.2885
12 14 86.69822509400001 1.2885
12 15 86.69822509400001 1.2885
12 16 76.48220337800001 0.942
12 17 76.48220337800001 0.942
12 18 76.48220337800001 0.942
12 19 76.48220337800001 0.942
12 20 76.48220337800001 0.942
12 21 76.48220337800001 0.942
12 22 76.48220337800001 0.942
12 23 76.48220337800001 0.942
12 24 85.20990722600001 1.287
12 25 85.20990722600001 1.287
12 26 85.20990722600001 1.287
12 27 85.20990722600001 1.287
12 28 85.20990722600001 1.287
12 29 85.20990722600001 1.287
12 30 85.20990722600001 1.287
12 31 85.20990722600001 1.287
12 32 75.34171265 0.96
12 33 75.34171265 0.96
12 34 75.34171265 0.96
12 35 75.34171265 0.96
12 36 75.34171265 0.96
12 37 75.34171265 0.96
12 38 75.34171265 0.96
12 39 75.34171265 0.96
12 40 84.117921134 1.2495
12 41 84.117921134 1.2495
12 42 84.117921134 1.2495
12 43 84.117921134 1.2495
12 44 84.117921134 1.2495
12 45 84.117921134 1.2495
12 46 84.117921134 1.2495
12 47 84.117921134 1.2495
12 48 89.642121584 1.2525
12 49 89.642121584 1.2525
12 50 89.642121584 1.2525
12 51 89.642121584 1.2525
12 52 89.642121584 1.2525
12 53 89.642121584 1.2525
12 54 89.642121584 1.2525
12 55 89.642121584 1.2525
12 56 81.59968993999999 1.32
12 57 81.59968993999999 1.32
12 58 81.59968993999999 1.32
12 59 81.59968993999999 1.32
12 60 81.59968993999999 1.32
12 61 81.59968993999999 1.32
12 62 81.59968993999999 1.32
12 63 81.59968993999999 1.32
12 64 72.10574463200001 1.3304999999999998
12 65 72.10574463200001 1.3304999999999998
12 66 72.10574463200001 1.3304999999999998
12 67 72.10574463200001 1.3304999999999998
12 68 72.10574463200001 1.3304999999999998
12 69 72.10574463200001 1.3304999999999998
12 70 72.10574463200001 1.3304999999999998
12 71 72.10574463200001 1.3304999999999998
12 72 76.13547485000001 0.4485
12 73 76.13547485000001 0.4485
12 74 76.13547485000001 0.4485
12 75 76.13547485000001 0.4485
12 76 76.13547485000001 0.4485
12 77 76.13547485000001 0.4485
12 78 76.13547485000001 0.4485
12 79 76.13547485000001 0.4485
12 80 76.480280762 1.11
12 81 76.480280762 1.11
12 82 76.480280762 1.11
12 83 76.480280762 1.11
12 84 76.480280762 1.11
12 85 76.480280762 1.11
12 86 76.480280762 1.11
12 87 76.480280762 1.11
12 88 69.273029786 1.035
12 89 69.273029786 1.035
12 90 69.273029786 1.035
12 91 69.273029786 1.035
12 92 69.273029786 1.035
12 93 69.273029786 1.035
12 94 69.273029786 1.035
12 95 69.273029786 1.035
12 96 80.851905518 1.2675
12 97 80.851905518 1.2675
12 98 80.851905518 1.2675
12 99 80.851905518 1.2675
12 100 80.851905518 1.2675
12 101 80.851905518 1.2675
12 102 80.851905518 1.2675
12 103 80.851905518 1.2675
12 104 87.16124389999999 0.9645
12 105 87.16124389999999 0.9645
12 106 87.16124389999999 0.9645
12 107 87.16124389999999 0.9645
12 108 87.16124389999999 0.9645
12 109 87.16124389999999 0.9645
12 110 87.16124389999999 0.9645
12 111 87.16124389999999 0.9645
12 112 84.07891967 1.335
12 113 84.07891967 1.335
12 114 84.07891967 1.335
12 115 84.07891967 1.335
12 116 84.07891967 1.335
12 117 84.07891967 1.335
12 118 84.07891967 1.335
12 119 84.07891967 1.335
12 120 80.851905518 1.2675
12 121 80.851905518 1.2675
12 122 80.851905518 1.2675
12 123 80.851905518 1.2675
12 124 80.851905518 1.2675
12 125 80.851905518 1.2675
12 126 80.851905518 1.2675
12 127 80.851905518 1.2675
13 0 58.980268562 0.243
13 1 58.980268562 0.243
13 2 58.980268562 0.243
13 3 58.980268562 0.243
13 4 58.980268562 0.243
13 5 58.980268562 0.243
13 6 58.980268562 0.243
13 7 58.980268562 0.243
13 8 86.956293938 1.2945
13 9 86.956293938 1.2945
13 10 86.956293938 1.2945
13 11 86.956293938 1.2945
13 12 86.956293938 1.2945
13 13 86.956293938 1.2945
13 14 86.956293938 1.2945
13 15 86.956293938 1.2945
13 16 76.35514649000001 1.059
13 17 76.35514649000001 1.059
13 18 76.35514649000001 1.059
13 19 76.35514649000001 1.059
13 20 76.35514649000001 1.059
13 21 76.35514649000001 1.059
13 22 76.35514649000001 1.059
13 23 76.35514649000001 1.059
13 24 86.48184936199999 1.29
13 25 86.48184936199999 1.29
13 26 86.48184936199999 1.29
13 27 86.48184936199999 1.29
13 28 86.48184936199999 1.29
13 29 86.48184936199999 1.29
13 30 86.48184936199999 1.29
13 31 86.48184936199999 1.29
13 32 75.77737548799999 0.687
13 33 75.77737548799999 0.687
13 34 75.77737548799999 0.687
13 35 75.77737548799999 0.687
13 36 75.77737548799999 0.687
13 37 75.77737548799999 0.687
13 38 75.77737548799999 0.687
13 39 75.77737548799999 0.687
13 40 84.57489746600001 1.251
13 41 84.57489746600001 1.251
13 42 84.57489746600001 1.251
13 43 84.57489746600001 1.251
13 44 84.57489746600001 1.251
13 45 84.57489746600001 1.251
13 46 84.57489746600001 1.251
13 47 84.57489746600001 1.251
13 48 89.42514161 1.251
13 49 89.42514161 1.251
13 50 89.42514161 1.251
13 51 89.42514161 1.251
13 52 89.42514161 1.251
13 53 89.42514161 1.251
13 54 89.42514161 1.251
13 55 89.42514161 1.251
13 56 82.13549316800001 1.3185
13 57 82.13549316800001 1.3185
13 58 82.13549316800001 1.3185
13 59 82.13549316800001 1.3185
13 60 82.13549316800001 1.3185
13 61 82.13549316800001 1.3185
13 62 82.13549316800001 1.3185
13 63 82.13549316800001 1.3185
13 64 71.98159911799999 1.3395
13 65 71.98159911799999 1.3395
13 66 71.98159911799999 1.3395
13 67 71.98159911799999 1.3395
13 68 71.98159911799999 1.3395
13 69 71.98159911799999 1.3395
13 70 71.98159911799999 1.3395
13 71 71.98159911799999 1.3395
13 72 75.076997072 0.813
13 73 75.076997072 0.813
13 74 75.076997072 0.813
13 75 75.076997072 0.813
13 76 75.076997072 0.813
13 77 75.076997072 0.813
13 78 75.076997072 0.813
13 79 75.076997072 0.813
13 80 76.86496704199999 0.9914999999999999
13 81 76.86496704199999 0.9914999999999999
13 82 76.86496704199999 0.9914999999999999
13 83 76.86496704199999 0.9914999999999999
13 84 76.86496704199999 0.9914999999999999
13 85 76.86496704199999 0.9914999999999999
13 86 76.86496704199999 0.9914999999999999
13 87 76.86496704199999 0.9914999999999999
13 88 70.23515746999999 0.10799999999999998
13 89 70.23515746999999 0.10799999999999998
13 90 70.23515746999999 0.10799999999999998
13 91 70.23515746999999 0.10799999999999998
13 92 70.23515746999999 0.10799999999999998
13 93 70.23515746999999 0.10799999999999998
13 94 70.23515746999999 0.10799999999999998
13 95 70.23515746999999 0.10799999999999998
13 96 81.808210454 1.269
13 97 81.808210454 1.269
13 98 81.808210454 1.269
13 99 81.808210454 1.269
13 100 81.808210454 1.269
13 101 81.808210454 1.269
13 102 81.808210454 1.269
13 103 81.808210454 1.269
13 104 87.20425536799999 0.9105
13 105 87.20425536799999 0.9105
13 106 87.20425536799999 0.9105
13 107 87.20425536799999 0.9105
13 108 87.20425536799999 0.9105
13 109 87.20425536799999 0.9105
13 110 87.20425536799999 0.9105
13 111 87.20425536799999 0.9105
13 112 85.40161865600001 1.3335
13 113 85.40161865600001 1.3335
13 114 85.40161865600001 1.3335
13 115 85.40161865600001 1.3335
13 116 85.40161865600001 1.3335
13 117 85.40161865600001 1.3335
13 118 85.40161865600001 1.3335
13 119 85.40161865600001 1.3335
13 120 81.808210454 1.269
13 121 81.808210454 1.269
13 122 81.808210454 1.269
13 123 81.808210454 1.269
13 124 81.808210454 1.269
13 125 81.808210454 1.269
13 126 81.808210454 1.269
13 127 81.808210454 1.269
14 0 59.150062256 0.393
14 1 59.150062256 0.393
14 2 59.150062256 0.393
14 3 59.150062256 0.393
14 4 59.150062256 0.393
14 5 59.150062256 0.393
14 6 59.150062256 0.393
14 7 59.150062256 0.393
14 8 85.55158203799999 0.93
14 9 85.55158203799999 0.93
14 10 85.55158203799999 0.93
14 11 85.55158203799999 0.93
14 12 85.55158203799999 0.93
14 13 85.55158203799999 0.93
14 14 85.55158203799999 0.93
14 15 85.55158203799999 0.93
14 16 76.36234253 0.4875
14 17 76.36234253 0.4875
14 18 76.36234253 0.4875
14 19 76.36234253 0.4875
14 20 76.36234253 0.4875
14 21 76.36234253 0.4875
14 22 76.36234253 0.4875
14 23 76.36234253 0.4875
14 24 87.32735717 1.227
14 25 87.32735717 1.227
14 26 87.32735717 1.227
14 27 87.32735717 1.227
14 28 87.32735717 1.227
14 29 87.32735717 1.227
14 30 87.32735717 1.227
14 31 87.32735717 1.227
14 32 75.83093384 0.3315
14 33 75.83093384 0.3315
14 34 75.83093384 0.3315
14 35 75.83093384 0.3315
14 36 75.83093384 0.3315
14 37 75.83093384 0.3315
14 38 75.83093384 0.3315
14 39 75.83093384 0.3315
14 40 84.707447504 1.1865
14 41 84.707447504 1.1865
14 42 84.707447504 1.1865
14 43 84.707447504 1.1865
14 44 84.707447504 1.1865
14 45 84.707447504 1.1865
14 46 84.707447504 1.1865
14 47 84.707447504 1.1865
14 48 88.802875976 0.9795
14 49 88.802875976 0.9795
14 50 88.802875976 0.9795
14 51 88.802875976 0.9795
14 52 88.802875976 0.9795
14 53 88.802875976 0.9795
14 54 88.802875976 0.9795
14 55 88.802875976 0.9795
14 56 82.168342286 1.251
14 57 82.168342286 1.251
14 58 82.168342286 1.251
14 59 82.168342286 1.251
14 60 82.168342286 1.251
14 61 82.168342286 1.251
14 62 82.168342286 1.251
14 63 82.168342286 1.251
14 64 71.582630612 1.0095
14 65 71.582630612 1.0095
14 66 71.582630612 1.0095
14 67 71.582630612 1.0095
14 68 71.582630612 1.0095
14 69 71.582630612 1.0095
14 70 71.582630612 1.0095
14 71 71.582630612 1.0095
14 72 73.78516967 0.045
14 73 73.78516967 0.045
14 74 73.78516967 0.045
14 75 73.78516967 0.045
14 76 73.78516967 0.045
14 77 73.78516967 0.045
14 78 73.78516967 0.045
14 79 73.78516967 0.045
14 80 75.384779054 0.8325
14 81 75.384779054 0.8325
14 82 75.384779054 0.8325
14 83 75.384779054 0.8325
14 84 75.384779054 0.8325
14 85 75.384779054 0.8325
14 86 75.384779054 0.8325
14 87 75.384779054 0.8325
14 88 70.297834478 0.8445
14 89 70.297834478 0.8445
14 90 70.297834478 0.8445
14 91 70.297834478 0.8445
14 92 70.297834478 0.8445
14 93 70.297834478 0.8445
14 94 70.297834478 0.8445
14 95 70.297834478 0.8445
14 96 82.231348874 1.203
14 97 82.231348874 1.203
14 98 82.231348874 1.203
14 99 82.231348874 1.203
14 100 82.231348874 1.203
14 101 82.231348874 1.203
14 102 82.231348874 1.203
14 103 82.231348874 1.203
14 104 86.229108878 0.7155
14 105 86.229108878 0.7155
14 106 86.229108878 0.7155
14 107 86.229108878 0.7155
14 108 86.229108878 0.7155
14 109 86.229108878 0.7155
14 110 86.229108878 0.7155
14 111 86.229108878 0.7155
14 112 86.238886712 1.113
14 113 86.238886712 1.113
14 114 86.238886712 1.113
14 115 86.238886712 1.113
14 116 86.238886712 1.113
14 117 86.238886712 1.113
14 118 86.238886712 1.113
14 119 86.238886712 1.113
14 120 82.231348874 1.203
14 121 82.231348874 1.203
14 122 82.231348874 1.203
14 123 82.231348874 1.203
14 124 82.231348874 1.203
14 125 82.231348874 1.203
14 126 82.231348874 1.203
14 127 82.231348874 1.203
15 0 59.030695796 0.6135
15 1 59.030695796 0.6135
15 2 59.030695796 0.6135
15 3 59.030695796 0.6135
15 4 80.54774902400001 1.0815
15 5 80.54774902400001 1.0815
15 6 80.54774902400001 1.0815
15 7 80.54774902400001 1.0815
15 8 83.865070796 1.104
15 9 83.865070796 1.104
15 10 83.865070796 1.104
15 11 83.865070796 1.104
15 12 84.625599362 1.122
15 13 84.625599362 1.122
15 14 84.625599362 1.122
15 15 84.625599362 1.122
15 16 75.890589602 0.7289999999999999
15 17 75.890589602 0.7289999999999999
15 18 75.890589602 0.7289999999999999
15 19 75.890589602 0.7289999999999999
15 20 67.871009516 1.1355
15 21 67.871009516 1.1355
15 22 67.871009516 1.1355
15 23 67.871009516 1.1355
15 24 86.920093994 0.9045
15 25 86.920093994 0.9045
15 26 86.920093994 0.9045
15 27 86.920093994 0.9045
15 28 77.88922241 0.7545
15 29 77.88922241 0.7545
15 30 77.88922241 0.7545
15 31 77.88922241 0.7545
15 32 75.47640503 0.7739999999999999
15 33 75.47640503 0.7739999999999999
15 34 75.47640503 0.7739999999999999
15 35 75.47640503 0.7739999999999999
15 36 94.36261719200002 1.1055
15 37 94.36261719200002 1.1055
15 38 94.36261719200002 1.1055
15 39 94.36261719200002 1.1055
15 40 84.402137444 0.981
15 41 84.402137444 0.981
15 42 84.402137444 0.981
15 43 84.402137444 0.981
15 44 67.768726802 0.858
15 45 67.768726802 0.858
15 46 67.768726802 0.858
15 47 67.768726802 0.858
15 48 87.330762932 1.008
15 49 87.330762932 1.008
15 50 87.330762932 1.008
15 51 87.330762932 1.008
15 52 74.145576164 0.711
15 53 74.145576164 0.711
15 54 74.145576164 0.711
15 55 74.145576164 0.711
15 56 81.69999512 1.119
15 57 81.69999512 1.119
15 58 81.69999512 1.119
15 59 81.69999512 1.119
15 60 65.913959966 0.2625
15 61 65.913959966 0.2625
15 62 65.913959966 0.2625
15 63 65.913959966 0.2625
15 64 70.93531616 0.9239999999999999
15 65 70.93531616 0.9239999999999999
15 66 70.93531616 0.9239999999999999
15 67 70.93531616 0.9239999999999999
15 68 80.916999512 1.023
15 69 80.916999512 1.023
15 70 80.916999512 1.023
15 71 80.916999512 1.023
15 72 72.460438232 0.9975
15 73 72.460438232 0.9975
15 74 72.460438232 0.9975
15 75 72.460438232 0.9975
15 76 67.47588622399999 0.5069999999999999
15 77 67.47588622399999 0.5069999999999999
15 78 67.47588622399999 0.5069999999999999
15 79 67.47588622399999 0.5069999999999999
15 80 72.963227534 0.588
15 81 72.963227534 0.588
15 82 72.963227534 0.588
15 83 72.963227534 0.588
15 84 69.11609009 0.57
15 85 69.11609009 0.57
15 86 69.11609009 0.57
15 87 69.11609009 0.57
15 88 69.97516601000001 0.915
15 89 69.97516601000001 0.915
15 90 69.97516601000001 0.915
15 91 69.97516601000001 0.915
15 92 80.426624756 0.795
15 93 80.426624756 0.795
15 94 80.426624756 0.795
15 95 80.426624756 0.795
15 96 82.039912106 1.0755
15 97 82.039912106 1.0755
15 98 82.039912106 1.0755
15 99 82.039912106 1.0755
15 100 83.95378539800001 0.8835
15 101 83.95378539800001 0.8835
15 102 83.95378539800001 0.8835
15 103 83.95378539800001 0.8835
15 104 83.827717286 0.8355
15 105 83.827717286 0.8355
15 106 83.827717286 0.8355
15 107 83.827717286 0.8355
15 108 80.89250000000001 1.1025
15 109 80.89250000000001 1.1025
15 110 80.89250000000001 1.1025
15 111 80.89250000000001 1.1025
15 112 86.534309084 1.1325
15 113 86.534309084 1.1325
15 114 86.534309084 1.1325
15 115 86.534309084 1.1325
15 116 78.131031494 0.702
15 117 78.131031494 0.702
15 118 78.131031494 0.702
15 119 78.131031494 0.702
15 120 82.039912106 1.0755
15 121 82.039912106 1.0755
15 122 82.039912106 1.0755
15 123 82.039912106 1.0755
15 124 88.76925780799999 1.074
15 125 88.76925780799999 1.074
15 126 88.76925780799999 1.074
15 127 88.76925780799999 1.074
16 0 58.254731438 0.3855
16 1 58.254731438 0.3855
16 2 58.254731438 0.3855
16 3 58.254731438 0.3855
16 4 80.038093262 0.9045
16 5 80.038093262 0.9045
16 6 80.038093262 0.9045
16 7 80.038093262 0.9045
16 8 81.84430054399999 0.9225
16 9 81.84430054399999 0.9225
16 10 81.84430054399999 0.9225
16 11 81.84430054399999 0.9225
16 12 83.357832038 0.9405
16 13 83.357832038 0.9405
16 14 83.357832038 0.9405
16 15 83.357832038 0.9405
16 16 74.81936768 0.8235
16 17 74.81936768 0.8235
16 18 74.81936768 0.8235
16 19 74.81936768 0.8235
16 20 66.61922729 0.9495
16 21 66.61922729 0.9495
16 22 66.61922729 0.9495
16 23 66.61922729 0.9495
16 24 85.93280762 0.7395
16 25 85.93280762 0.7395
16 26 85.93280762 0.7395
16 27 85.93280762 0.7395
16 28 76.399860848 0.3915
16 29 76.399860848 0.3915
16 30 76.399860848 0.3915
16 31 76.399860848 0.3915
16 32 74.65775878400001 0.7905
16 33 74.65775878400001 0.7905
16 34 74.65775878400001 0.7905
16 35 74.65775878400001 0.7905
16 36 93.38109863 0.9225
16 37 93.38109863 0.9225
16 38 93.38109863 0.9225
16 39 93.38109863 0.9225
16 40 83.360029298 0.8085
16 41 83.360029298 0.8085
16 42 83.360029298 0.8085
16 43 83.360029298 0.8085
16 44 66.445368656 0.72
16 45 66.445368656 0.72
16 46 66.445368656 0.72
16 47 66.445368656 0.72
16 48 85.134156494 0.7035
16 49 85.134156494 0.7035
16 50 85.134156494 0.7035
16 51 85.134156494 0.7035
16 52 73.26936158000001 0.687
16 53 73.26936158000001 0.687
16 54 73.26936158000001 0.687
16 55 73.26936158000001 0.687
16 56 80.825263664 0.9375
16 57 80.825263664 0.9375
16 58 80.825263664 0.9375
16 59 80.825263664 0.9375
16 60 64.39795655 0.741
16 61 64.39795655 0.741
16 62 64.39795655 0.741
16 63 64.39795655 0.741
16 64 70.035865484 0.49199999999999994
16 65 70.035865484 0.49199999999999994
16 66 70.035865484 0.49199999999999994
16 67 70.035865484 0.49199999999999994
16 68 79.800898442 0.8385
16 69 79.800898442 0.8385
16 70 79.800898442 0.8385
16 71 79.800898442 0.8385
16 72 71.147297372 0.1485
16 73 71.147297372 0.1485
16 74 71.147297372 0.1485
16 75 71.147297372 0.1485
16 76 66.819617924 0.4635
16 77 66.819617924 0.4635
16 78 66.819617924 0.4635
16 79 66.819617924 0.4635
16 80 70.874122316 0.4169999999999999
16 81 70.874122316 0.4169999999999999
16 82 70.874122316 0.4169999999999999
16 83 70.874122316 0.4169999999999999
16 84 67.55691039800001 0.6675
16 85 67.55691039800001 0.6675
16 86 67.55691039800001 0.6675
16 87 67.55691039800001 0.6675
16 88 69.151521002 0.9464999999999999
16 89 69.151521002 0.9464999999999999
16 90 69.151521002 0.9464999999999999
16 91 69.151521002 0.9464999999999999
16 92 79.360841066 0.897
16 93 79.360841066 0.897
16 94 79.360841066 0.897
16 95 79.360841066 0.897
16 96 81.21950805200001 0.8955
16 97 81.21950805200001 0.8955
16 98 81.21950805200001 0.8955
16 99 81.21950805200001 0.8955
16 100 83.602552496 0.7935
16 101 83.602552496 0.7935
16 102 83.602552496 0.7935
16 103 83.602552496 0.7935
16 104 81.39358643 0.3375
16 105 81.39358643 0.3375
16 106 81.39358643 0.3375
16 107 81.39358643 0.3375
16 108 80.18492554400001 0.9195
16 109 80.18492554400001 0.9195
16 110 80.18492554400001 0.9195
16 111 80.18492554400001 0.9195
16 112 86.30376097999999 0.9495
16 113 86.30376097999999 0.9495
16 114 86.30376097999999 0.9495
16 115 86.30376097999999 0.9495
16 116 77.164728998 0.7635
16 117 77.164728998 0.7635
16 118 77.164728998 0.7635
16 119 77.164728998 0.7635
16 120 81.21950805200001 0.8955
16 121 81.21950805200001 0.8955
16 122 81.21950805200001 0.8955
16 123 81.21950805200001 0.8955
16 124 87.49061402000001 0.8895
16 125 87.49061402000001 0.8895
16 126 87.49061402000001 0.8895
16 127 87.49061402000001 0.8895
17 0 57.354621584 0.594
17 1 57.354621584 0.594
17 2 57.354621584 0.594
17 3 57.354621584 0.594
17 4 79.283057864 0.6645
17 5 79.283057864 0.6645
17 6 79.283057864 0.6645
17 7 79.283057864 0.6645
17 8 79.096455086 0.7035
17 9 79.096455086 0.7035
17 10 79.096455086 0.7035
17 11 79.096455086 0.7035
17 12 81.405067136 0.7214999999999999
17 13 81.405067136 0.7214999999999999
17 14 81.405067136 0.7214999999999999
17 15 81.405067136 0.7214999999999999
17 16 73.553522954 0.2355
17 17 73.553522954 0.2355
17 18 73.553522954 0.2355
17 19 73.553522954 0.2355
17 20 65.47714356200001 0.5475
17 21 65.47714356200001 0.5475
17 22 65.47714356200001 0.5475
17 23 65.47714356200001 0.5475
17 24 84.35407226000001 0.456
17 25 84.35407226000001 0.456
17 26 84.35407226000001 0.456
17 27 84.35407226000001 0.456
17 28 74.743067624 0.5745
17 29 74.743067624 0.5745
17 30 74.743067624 0.5745
17 31 74.743067624 0.5745
17 32 73.451350094 0.6585
17 33 73.451350094 0.6585
17 34 73.451350094 0.6585
17 35 73.451350094 0.6585
17 36 91.924641122 0.7035
17 37 91.924641122 0.7035
17 38 91.924641122 0.7035
17 39 91.924641122 0.7035
17 40 81.558546134 0.3915
17 41 81.558546134 0.3915
17 42 81.558546134 0.3915
17 43 81.558546134 0.3915
17 44 65.27235839 0.1485
17 45 65.27235839 0.1485
17 46 65.27235839 0.1485
17 47 65.27235839 0.1485
17 48 82.998304448 0.37949999999999995
17 49 82.998304448 0.37949999999999995
17 50 82.998304448 0.37949999999999995
17 51 82.998304448 0.37949999999999995
17 52 72.27965820200001 0.4035
17 53 72.27965820200001 0.4035
17 54 72.27965820200001 0.4035
17 55 72.27965820200001 0.4035
17 56 79.55661743600001 0.72
17 57 79.55661743600001 0.72
17 58 79.55661743600001 0.72
17 59 79.55661743600001 0.72
17 60 63.343928227999996 0.681
17 61 63.343928227999996 0.681
17 62 63.343928227999996 0.681
17 63 63.343928227999996 0.681
17 64 68.82638061200001 0.411
17 65 68.82638061200001 0.411
17 66 68.82638061200001 0.411
17 67 68.82638061200001 0.411
17 68 78.42854125400001 0.6195
17 69 78.42854125400001 0.6195
17 70 78.42854125400001 0.6195
17 71 78.42854125400001 0.6195
17 72 69.664747316 0.375
17 73 69.664747316 0.375
17 74 69.664747316 0.375
17 75 69.664747316 0.375
17 76 65.845240484 0.4455
17 77 65.845240484 0.4455
17 78 65.845240484 0.4455
17 79 65.845240484 0.4455
17 80 69.373225094 0.2625
17 81 69.373225094 0.2625
17 82 69.373225094 0.2625
17 83 69.373225094 0.2625
17 84 65.754548348 0.312
17 85 65.754548348 0.312
17 86 65.754548348 0.312
17 87 65.754548348 0.312
17 88 67.762739264 0.645
17 89 67.762739264 0.645
17 90 67.762739264 0.645
17 91 67.762739264 0.645
17 92 77.665101314 0.675
17 93 77.665101314 0.675
17 94 77.665101314 0.675
17 95 77.665101314 0.675
17 96 79.8346814 0.681
17 97 79.8346814 0.681
17 98 79.8346814 0.681
17 99 79.8346814 0.681
17 100 82.247114264 0.6614999999999999
17 101 82.247114264 0.6614999999999999
17 102 82.247114264 0.6614999999999999
17 103 82.247114264 0.6614999999999999
17 104 79.621656494 0.3435
17 105 79.621656494 0.3435
17 106 79.621656494 0.3435
17 107 79.621656494 0.3435
17 108 79.23499268 0.705
17 109 79.23499268 0.705
17 110 79.23499268 0.705
17 111 79.23499268 0.705
17 112 85.706379392 0.7289999999999999
17 113 85.706379392 0.7289999999999999
17 114 85.706379392 0.7289999999999999
17 115 85.706379392 0.7289999999999999
17 116 75.801600338 0.576
17 117 75.801600338 0.576
17 118 75.801600338 0.576
17 119 75.801600338 0.576
17 120 79.8346814 0.681
17 121 79.8346814 0.681
17 122 79.8346814 0.681
17 123 79.8346814 0.681
17 124 85.97010619400001 0.6705
17 125 85.97010619400001 0.6705
17 126 85.97010619400001 0.6705
17 127 85.97010619400001 0.6705
18 0 56.450281982 0.3915
18 1 56.450281982 0.3915
18 2 77.34281738 0.474
18 3 77.34281738 0.474
18 4 78.316206062 0.4065
18 5 78.316206062 0.4065
18 6 84.164503172 0.441
18 7 84.164503172 0.441
18 8 75.960902102 0.465
18 9 75.960902102 0.465
18 10 67.570753172 0.3465
18 11 67.570753172 0.3465
18 12 78.868049324 0.4875
18 13 78.868049324 0.4875
18 14 69.021827384 0.4635
18 15 69.021827384 0.4635
18 16 71.92721679799999 0.11549999999999999
18 17 71.92721679799999 0.11549999999999999
18 18 75.54457518800001 0.438
18 19 75.54457518800001 0.438
18 20 63.973994144 0.27
18 21 63.973994144 0.27
18 22 75.384284666 0.213
18 23 75.384284666 0.213
18 24 81.78656738000001 0.4005
18 25 81.78656738000001 0.4005
18 26 73.17828491 0.5085
18 27 73.17828491 0.5085
18 28 72.938563232 0.36
18 29 72.938563232 0.36
18 30 73.66739624600001 0.46199999999999997
18 31 73.66739624600001 0.46199999999999997
18 32 71.63053100600001 0.423
18 33 71.63053100600001 0.423
18 34 75.461298836 0.4455
18 35 75.461298836 0.4455
18 36 89.46782347999999 0.471
18 37 89.46782347999999 0.471
18 38 67.133717042 0.4965
18 39 67.133717042 0.4965
18 40 78.67122924200001 0.4215
18 41 78.67122924200001 0.4215
18 42 65.43671387 0.1965
18 43 65.43671387 0.1965
18 44 63.9393872 0.06
18 45 63.9393872 0.06
18 46 79.504102778 0.4425
18 47 79.504102778 0.4425
18 48 80.956660154 0.19349999999999998
18 49 80.956660154 0.19349999999999998
18 50 88.468946528 0.4065
18 51 88.468946528 0.4065
18 52 70.513166498 0.183
18 53 70.513166498 0.183
18 54 68.498768318 0.43199999999999994
18 55 68.498768318 0.43199999999999994
18 56 77.76771362599999 0.486
18 57 77.76771362599999 0.486
18 58 67.93017089 0.2985
18 59 67.93017089 0.2985
18 60 62.096650394 0.426
18 61 62.096650394 0.426
18 62 75.035523686 0.489
18 63 75.035523686 0.489
18 64 66.99567383600001 0.3285
18 65 66.99567383600001 0.3285
18 66 72.874512932 0.0345
18 67 72.874512932 0.0345
18 68 76.253577872 0.291
18 69 76.253577872 0.291
18 70 73.81142700800001 0.396
18 71 73.81142700800001 0.396
18 72 67.972742924 0.04649999999999999
18 73 67.972742924 0.04649999999999999
18 74 76.490223386 0.3465
18 75 76.490223386 0.3465
18 76 64.345441892 0.3165
18 77 64.345441892 0.3165
18 78 70.95360839 0.35699999999999993
18 79 70.95360839 0.35699999999999993
18 80 68.052998048 0.1845
18 81 68.052998048 0.1845
18 82 81.19347045800001 0.5025
18 83 81.19347045800001 0.5025
18 84 63.744160154 0.2595
18 85 63.744160154 0.2595
18 86 93.89218262 0.4694999999999999
18 87 93.89218262 0.4694999999999999
18 88 66.039259028 0.4875
18 89 66.039259028 0.4875
18 90 70.895216066 0.5235
18 91 70.895216066 0.5235
18 92 75.149781494 0.4365
18 93 75.149781494 0.4365
18 94 76.55756957599999 0.4725
18 95 76.55756957599999 0.4725
18 96 77.76139649000001 0.3915
18 97 77.76139649000001 0.3915
18 98 67.706928716 0.429
18 99 67.706928716 0.429
18 100 79.653956306 0.429
18 101 79.653956306 0.429
18 102 88.327167962 0.303
18 103 88.327167962 0.303
18 104 77.570728754 0.1605
18 105 77.570728754 0.1605
18 106 61.02905396 0.3225
18 107 61.02905396 0.3225
18 108 77.61450927199999 0.4755
18 109 77.61450927199999 0.4755
18 110 70.62616088600001 0.471
18 111 70.62616088600001 0.471
18 112 84.175819088 0.4935
18 113 84.175819088 0.4935
18 114 70.029108878 0.4005
18 115 70.029108878 0.4005
18 116 73.91601685399999 0.2355
18 117 73.91601685399999 0.2355
18 118 84.698823236 0.45449999999999996
18 119 84.698823236 0.45449999999999996
18 120 77.76139649000001 0.3915
18 121 77.76139649000001 0.3915
18 122 77.76771362599999 0.486
18 123 77.76771362599999 0.486
18 124 83.78734253 0.399
18 125 83.78734253 0.399
18 126 76.73648192600001 0.4605
18 127 76.73648192600001 0.4605
19 0 55.591041254000004 0.012
19 1 55.591041254000004 0.012
19 2 73.992701408 0.2625
19 3 73.992701408 0.2625
19 4 77.001362312 0.2445
19 5 77.001362312 0.2445
19 6 80.20222899800001 0.2175
19 7 80.20222899800001 0.2175
19 8 72.43813598 0.234
19 9 72.43813598 0.234
19 10 65.149256588 0.195
19 11 65.149256588 0.195
19 12 75.699097898 0.2595
19 13 75.699097898 0.2595
19 14 66.889106438 0.237
19 15 66.889106438 0.237
19 16 69.67913939600001 0.024
19 17 69.67913939600001 0.024
19 18 73.38889283 0.21599999999999997
19 19 73.38889283 0.21599999999999997
19 20 61.98546875 0.2355
19 21 61.98546875 0.2355
19 22 73.179328622 0.1335
19 23 73.179328622 0.1335
19 24 77.967445064 0.249
19 25 77.967445064 0.249
19 26 70.19994628399999 0.276
19 27 70.19994628399999 0.276
19 28 70.68219116 0.20099999999999998
19 29 70.68219116 0.20099999999999998
19 30 71.428327628 0.204
19 31 71.428327628 0.204
19 32 69.041987312 0.20099999999999998
19 33 69.041987312 0.20099999999999998
19 34 72.735920402 0.225
19 35 72.735920402 0.225
19 36 85.583222654 0.2475
19 37 85.583222654 0.2475
19 38 65.4862622 0.2655
19 39 65.4862622 0.2655
19 40 74.62798584800001 0.1965
19 41 74.62798584800001 0.1965
19 42 63.42874268 0.012
19 43 63.42874268 0.012
19 44 62.495948479999996 0.1515
19 45 62.495948479999996 0.1515
19 46 76.049726558 0.2205
19 47 76.049726558 0.2205
19 48 78.31983155 0.0435
19 49 78.31983155 0.0435
19 50 84.75875366 0.1875
19 51 84.75875366 0.1875
19 52 67.85172851 0.039
19 53 67.85172851 0.039
19 54 65.287299812 0.177
19 55 65.287299812 0.177
19 56 74.970100094 0.2595
19 57 74.970100094 0.2595
19 58 65.557838138 0.1485
19 59 65.557838138 0.1485
19 60 60.001942136 0.23099999999999998
19 61 60.001942136 0.23099999999999998
19 62 73.201026614 0.2625
19 63 73.201026614 0.2625
19 64 64.24837768399999 0.2115
19 65 64.24837768399999 0.2115
19 66 69.83080566800001 0.192
19 67 69.83080566800001 0.192
19 68 74.55932128399999 0.129
19 69 74.55932128399999 0.129
19 70 71.20920533 0.1875
19 71 71.20920533 0.1875
19 72 66.21339234199999 0.036
19 73 66.21339234199999 0.036
19 74 73.565992436 0.225
19 75 73.565992436 0.225
19 76 61.956190184 0.189
19 77 61.956190184 0.189
19 78 68.26767089 0.228
19 79 68.26767089 0.228
19 80 66.270411374 0.08549999999999999
19 81 66.270411374 0.08549999999999999
19 82 77.367701408 0.228
19 83 77.367701408 0.228
19 84 61.64500244 0.12
19 85 61.64500244 0.12
19 86 90.718946528 0.24599999999999997
19 87 90.718946528 0.24599999999999997
19 88 64.00266845 0.2595
19 89 64.00266845 0.2595
19 90 67.942310792 0.288
19 91 67.942310792 0.288
19 92 71.533302008 0.2115
19 93 71.533302008 0.2115
19 94 73.76500976 0.243
19 95 73.76500976 0.243
19 96 74.73103759400001 0.207
19 97 74.73103759400001 0.207
19 98 64.73452271 0.20099999999999998
19 99 64.73452271 0.20099999999999998
19 100 75.927558596 0.20849999999999996
19 101 75.927558596 0.20849999999999996
19 102 84.76485107 0.1245
19 103 84.76485107 0.1245
19 104 75.070625 0.177
19 105 75.070625 0.177
19 106 59.540186768 0.132
19 107 59.540186768 0.132
19 108 74.840021978 0.255
19 109 74.840021978 0.255
19 110 68.46229369400001 0.1665
19 111 68.46229369400001 0.1665
19 112 80.983027346 0.2655
19 113 80.983027346 0.2655
19 114 68.01212890400001 0.1845
19 115 68.01212890400001 0.1845
19 116 71.352796622 0.20099999999999998
19 117 71.352796622 0.20099999999999998
19 118 80.749567868 0.264
19 119 80.749567868 0.264
19 120 74.73103759400001 0.207
19 121 74.73103759400001 0.207
19 122 74.970100094 0.2595
19 123 74.970100094 0.2595
19 124 81.020600582 0.0315
19 125 81.020600582 0.0315
19 126 73.413941648 0.2325
19 127 73.413941648 0.2325
20 0 54.751081549999995 0.003
20 1 54.751081549999995 0.003
20 2 70.38484618999999 0.0885
20 3 70.38484618999999 0.0885
20 4 75.680531006 0.072
20 5 75.680531006 0.072
20 6 76.42540405400001 0.06149999999999999
20 7 76.42540405400001 0.06149999999999999
20 8 69.125593262 0.0
20 9 69.125593262 0.0
20 10 62.544398197999996 0.0
20 11 62.544398197999996 0.0
20 12 72.618037106 0.0795
20 13 72.618037106 0.0795
20 14 64.84350707600001 0.066
20 15 64.84350707600001 0.066
20 16 67.42946899399999 0.0075
20 17 67.42946899399999 0.0075
20 18 71.934412838 0.06
20 19 71.934412838 0.06
20 20 60.325489508000004 0.069
20 21 60.325489508000004 0.069
20 22 71.378504636 0.036
20 23 71.378504636 0.036
20 24 74.233356926 0.072
20 25 74.233356926 0.072
20 26 66.90668457199999 0.09
20 27 66.90668457199999 0.09
20 28 68.35764893000001 0.051
20 29 68.35764893000001 0.051
20 30 69.289014884 0.057
20 31 69.289014884 0.057
20 32 66.90827759 0.0
20 33 66.90827759 0.0
20 34 70.19906738 0.06149999999999999
20 35 70.19906738 0.06149999999999999
20 36 82.14224975600001 0.0735
20 37 82.14224975600001 0.0735
20 38 63.518720702 0.0795
20 39 63.518720702 0.0795
20 40 71.79653442200001 0.0
20 41 71.79653442200001 0.0
20 42 61.315906982 0.0
20 43 61.315906982 0.0
20 44 61.28025634400001 0.0195
20 45 61.28025634400001 0.0195
20 46 72.69109619 0.0585
20 47 72.69109619 0.0585
20 48 76.06999634 0.0105
20 49 76.06999634 0.0105
20 50 81.560358878 0.0
20 51 81.560358878 0.0
20 52 65.46747558199999 0.0
20 53 65.46747558199999 0.0
20 54 62.377900394 0.0
20 55 62.377900394 0.0
20 56 72.05015381000001 0.078
20 57 72.05015381000001 0.078
20 58 63.553492436 0.0435
20 59 63.553492436 0.0435
20 60 57.93563354 0.06149999999999999
20 61 57.93563354 0.06149999999999999
20 62 71.794721678 0.081
20 63 71.794721678 0.081
20 64 61.570130612 0.06149999999999999
20 65 61.570130612 0.06149999999999999
20 66 67.273353266 0.033
20 67 67.273353266 0.033
20 68 73.753693844 0.0
20 69 73.753693844 0.0
20 70 69.747089846 0.063
20 71 69.747089846 0.063
20 72 64.74929932399999 0.0105
20 73 64.74929932399999 0.0105
20 74 70.702680668 0.0735
20 75 70.702680668 0.0735
20 76 59.933552252 0.0525
20 77 59.933552252 0.0525
20 78 65.58827027000001 0.084
20 79 65.58827027000001 0.084
20 80 65.06081664800001 0.0
20 81 65.06081664800001 0.0
20 82 73.443769538 0.08549999999999999
20 83 73.443769538 0.08549999999999999
20 84 59.868293449999996 0.033
20 85 59.868293449999996 0.033
20 86 87.151521002 0.072
20 87 87.151521002 0.072
20 88 61.863245852000006 0.075
20 89 61.863245852000006 0.075
20 90 64.768415522 0.096
20 91 64.768415522 0.096
20 92 68.84077271000001 0.0
20 93 68.84077271000001 0.0
20 94 71.68656128 0.0675
20 95 71.68656128 0.0675
20 96 71.644758296 0.06
20 97 71.644758296 0.06
20 98 62.83608521000001 0.0
20 99 62.83608521000001 0.0
20 100 72.47938964 0.039
20 101 72.47938964 0.039
20 102 81.67313354 0.0
20 103 81.67313354 0.0
20 104 72.984431156 0.0
20 105 72.984431156 0.0
20 106 58.269123536 0.0405
20 107 58.269123536 0.0405
20 108 71.89046753 0.078
20 109 71.89046753 0.078
20 110 66.631037594 0.04649999999999999
20 111 66.631037594 0.04649999999999999
20 112 77.816822504 0.084
20 113 77.816822504 0.084
20 114 67.683637688 0.0
20 115 67.683637688 0.0
20 116 69.375092774 0.0555
20 117 69.375092774 0.0555
20 118 77.935804448 0.078
20 119 77.935804448 0.078
20 120 71.644758296 0.06
20 121 71.644758296 0.06
20 122 72.05015381000001 0.078
20 123 72.05015381000001 0.078
20 124 78.66128661799999 0.0075
20 125 78.66128661799999 0.0075
20 126 71.175642098 0.0645
20 127 71.175642098 0.0645
21 0 53.91936158 0.0
21 1 72.200501708 0.0
21 2 68.17417725199999 0.0
21 3 70.106068112 0.0
21 4 74.517243656 0.0
21 5 61.545026858 0.0
21 6 73.91156738000001 0.0
21 7 58.604591066 0.0
21 8 66.333033446 0.0
21 9 57.454761956 0.0
21 10 60.891175544 0.0
21 11 61.943610848 0.0
21 12 70.499708258 0.0
21 13 77.048493656 0.0
21 14 63.854902346 0.0
21 15 74.14343384 0.0
21 16 65.796680912 0.0
21 17 60.689741216 0.0
21 18 71.08077515 0.0
21 19 59.789631344 0.0
21 20 59.304969482000004 0.0
21 21 66.478382564 0.0
21 22 70.26850097600001 0.0
21 23 58.903693844 0.0
21 24 71.635804448 0.0
21 25 63.537836917999996 0.0
21 26 65.026813964 0.0
21 27 69.14124878000001 0.0
21 28 66.616370852 0.0
21 29 72.200501708 0.0
21 30 67.708247072 0.0
21 31 65.141071772 0.0
21 32 65.718568112 0.0
21 33 61.02982299200001 0.0
21 34 68.33441283799999 0.0
21 35 72.090034178 0.0
21 36 80.400092774 0.0
21 37 77.5424939 0.0
21 38 60.905292962 0.0
21 39 56.775642098 0.0
21 40 70.69757201600001 0.0
21 41 63.735480949999996 0.0
21 42 59.685975338000006 0.0
21 43 69.13899658400001 0.0
21 44 60.356361092 0.0
21 45 67.930335698 0.0
21 46 70.209449456 0.0
21 47 63.88577393 0.0
21 48 74.498566892 0.0
21 49 64.274085698 0.0
21 50 79.406324456 0.0
21 51 66.81478393399999 0.0
21 52 63.897639151999996 0.0
21 53 65.67934692200001 0.0
21 54 60.594709478 0.0
21 55 73.666352534 0.0
21 56 70.1628125 0.0
21 57 64.895856926 0.0
21 58 62.293360604 0.0
21 59 69.97483643000001 0.0
21 60 57.344404298 0.0
21 61 58.551856682 0.0
21 62 70.95234497 0.0
21 63 61.88109863 0.0
21 64 59.877796622000005 0.0
21 65 62.595045158 0.0
21 66 65.881495364 0.0
21 67 68.244929204 0.0
21 68 72.61551024799999 0.0
21 69 68.011140128 0.0
21 70 69.13899658400001 0.0
21 71 68.861591798 0.0
21 72 63.735480949999996 0.0
21 73 74.49483155 0.0
21 74 68.633955086 0.0
21 75 66.141267098 0.0
21 76 59.18906372 0.0
21 77 60.57735107 0.0
21 78 63.77201049200001 0.0
21 79 64.70310180199999 0.0
21 80 64.274085698 0.0
21 81 65.842768562 0.0
21 82 71.04918945200001 0.0
21 83 67.21133545400001 0.0
21 84 58.755048836 0.0
21 85 56.829420158000005 0.0
21 86 84.259809572 0.0
21 87 64.68437012 0.0
21 88 59.818195796 0.0
21 89 75.404114996 0.0
21 90 62.691669914 0.0
21 91 70.315961918 0.0
21 92 67.930335698 0.0
21 93 72.090034178 0.0
21 94 70.25333984599999 0.0
21 95 69.101752928 0.0
21 96 69.38289307400001 0.0
21 97 56.38562744 0.0
21 98 62.413496096 0.0
21 99 69.644971922 0.0
21 100 70.27750976 0.0
21 101 66.90256469600001 0.0
21 102 79.47185790200001 0.0
21 103 69.644971922 0.0
21 104 71.703040766 0.0
21 105 62.054517829999995 0.0
21 106 57.365498048 0.0
21 107 67.377393806 0.0
21 108 70.009278566 0.0
21 109 62.23952759 0.0
21 110 65.40567749600001 0.0
21 111 59.789631344 0.0
21 112 75.945136712 0.0
21 113 65.718568112 0.0
21 114 66.85186279999999 0.0
21 115 63.750037838 0.0
21 116 68.52639893 0.0
21 117 61.424891366 0.0
21 118 76.864088138 0.0
21 119 63.433082282 0.0
21 120 69.38289307400001 0.0
21 121 72.200501708 0.0
21 122 70.1628125 0.0
21 123 61.554969482000004 0.0
21 124 76.793885492 0.0
21 125 65.688026126 0.0
21 126 70.76074341200001 0.0
21 127 58.604591066 0.0
22 0 53.044739996000004 0.0
22 1 70.572327872 0.0
22 2 66.584180912 0.0
22 3 68.955744632 0.0
22 4 73.521827384 0.0
22 5 60.482099606000006 0.0
22 6 72.05872314199999 0.0
22 7 57.61609619 0.0
22 8 63.696204842 0.0
22 9 57.03546875 0.0
22 10 59.615992436 0.0
22 11 60.215406494 0.0
22 12 68.848847654 0.0
22 13 75.06359375 0.0
22 14 63.259882808 0.0
22 15 72.457142342 0.0
22 16 64.54813964 0.0
22 17 59.427906494 0.0
22 18 70.155067136 0.0
22 19 58.04077271 0.0
22 20 58.454737556 0.0
22 21 64.380762932 0.0
22 22 69.332685548 0.0
22 23 58.617445064 0.0
22 24 69.47578247 0.0
22 25 62.621522221999996 0.0
22 26 63.927247316 0.0
22 27 67.609589846 0.0
22 28 65.44314087800001 0.0
22 29 70.572327872 0.0
22 30 66.247999268 0.0
22 31 64.332478022 0.0
22 32 64.711121828 0.0
22 33 60.083845214 0.0
22 34 66.607252196 0.0
22 35 70.99640015 0.0
22 36 79.166328134 0.0
22 37 74.51944091600001 0.0
22 38 58.686329354 0.0
22 39 55.634656982 0.0
22 40 69.581525882 0.0
22 41 62.865748292 0.0
22 42 58.344489752 0.0
22 43 68.081068112 0.0
22 44 59.593250732 0.0
22 45 67.146021734 0.0
22 46 68.27777832199999 0.0
22 47 62.686835942 0.0
22 48 72.955866704 0.0
22 49 63.081190184 0.0
22 50 77.434113776 0.0
22 51 65.71527222200001 0.0
22 52 62.464143074 0.0
22 53 64.65404786 0.0
22 54 59.236140128 0.0
22 55 72.405671378 0.0
22 56 68.97041137400001 0.0
22 57 63.792719726 0.0
22 58 61.223017586000005 0.0
22 59 67.72609985 0.0
22 60 57.960023198 0.0
22 61 57.261622316 0.0
22 62 69.799000244 0.0
22 63 61.811005856 0.0
22 64 58.814265128 0.0
22 65 61.26937988 0.0
22 66 64.720515128 0.0
22 67 67.202875976 0.0
22 68 71.34631469600001 0.0
22 69 66.835108634 0.0
22 70 68.081068112 0.0
22 71 66.851313476 0.0
22 72 62.865748292 0.0
22 73 72.666816404 0.0
22 74 67.18375976 0.0
22 75 64.85449341200001 0.0
22 76 58.875843506 0.0
22 77 59.21032226 0.0
22 78 62.532203378 0.0
22 79 63.299433596 0.0
22 80 63.081190184 0.0
22 81 65.383045646 0.0
22 82 69.579438476 0.0
22 83 65.586182864 0.0
22 84 58.028028566 0.0
22 85 56.516199944 0.0
22 86 81.9393872 0.0
22 87 64.26952637 0.0
22 88 57.743922128 0.0
22 89 73.822083746 0.0
22 90 61.649671622 0.0
22 91 66.3659375 0.0
22 92 67.146021734 0.0
22 93 70.99640015 0.0
22 94 68.260859384 0.0
22 95 67.767573236 0.0
22 96 67.538508296 0.0
22 97 55.859382319999995 0.0
22 98 62.035072016 0.0
22 99 69.432716066 0.0
22 100 68.661311036 0.0
22 101 66.28914307400001 0.0
22 102 77.371271978 0.0
22 103 69.432716066 0.0
22 104 70.68032348 0.0
22 105 60.33109253000001 0.0
22 106 56.822498780000004 0.0
22 107 66.884107658 0.0
22 108 68.822480462 0.0
22 109 60.911665033999995 0.0
22 110 64.163398442 0.0
22 111 58.04077271 0.0
22 112 74.439405518 0.0
22 113 64.711121828 0.0
22 114 65.707471922 0.0
22 115 61.91977051400001 0.0
22 116 67.712092286 0.0
22 117 60.550489508 0.0
22 118 75.82016723000001 0.0
22 119 61.522559816 0.0
22 120 67.538508296 0.0
22 121 70.572327872 0.0
22 122 68.97041137400001 0.0
22 123 59.931519781999995 0.0
22 124 74.83914307399999 0.0
22 125 64.71106689199999 0.0
22 126 70.16566893800001 0.0
22 127 57.61609619 0.0
23 0 52.18830078800001 0.0
23 1 69.0346814 0.0
23 2 64.949030762 0.0
23 3 67.439466554 0.0
23 4 72.585407714 0.0
23 5 59.64312866 0.0
23 6 70.64198119400001 0.0
23 7 56.42748536 0.0
23 8 61.312885736 0.0
23 9 56.856831062 0.0
23 10 58.327900394 0.0
23 11 58.644636224 0.0
23 12 67.25203979 0.0
23 13 73.01700561199999 0.0
23 14 62.673981925999996 0.0
23 15 71.095881344 0.0
23 16 63.328162838 0.0
23 17 58.363056644 0.0
23 18 69.27484253 0.0
23 19 56.536799324 0.0
23 20 57.588630368 0.0
23 21 62.789008784 0.0
23 22 68.392365728 0.0
23 23 58.398817136 0.0
23 24 67.493244632 0.0
23 25 61.777717286 0.0
23 26 62.819935304 0.0
23 27 66.108417962 0.0
23 28 64.68321655400001 0.0
23 29 69.0346814 0.0
23 30 65.057301032 0.0
23 31 63.596119388000005 0.0
23 32 63.773548592 0.0
23 33 59.1737378 0.0
23 34 64.845045158 0.0
23 35 69.8737622 0.0
23 36 77.866645514 0.0
23 37 71.764564208 0.0
23 38 57.169117436 0.0
23 39 54.702741704000005 0.0
23 40 68.410273442 0.0
23 41 61.995026858 0.0
23 42 57.033161618 0.0
23 43 66.66937988000001 0.0
23 44 59.023664546 0.0
23 45 66.148572992 0.0
23 46 66.690583502 0.0
23 47 61.235432132 0.0
23 48 71.725233146 0.0
23 49 61.635224606 0.0
23 50 75.57000854 0.0
23 51 64.70875975999999 0.0
23 52 61.075745852000004 0.0
23 53 63.756849362 0.0
23 54 57.999958502 0.0
23 55 71.344337162 0.0
23 56 68.074311524 0.0
23 57 62.58773926400001 0.0
23 58 60.149708258000004 0.0
23 59 65.51251953799999 0.0
23 60 58.48203857 0.0
23 61 56.22313964 0.0
23 62 68.275361336 0.0
23 63 61.80265625 0.0
23 64 57.885590822 0.0
23 65 60.174647222000004 0.0
23 66 63.665662838 0.0
23 67 66.35401734199999 0.0
23 68 70.026582038 0.0
23 69 65.438361824 0.0
23 70 66.66937988000001 0.0
23 71 64.85504271799999 0.0
23 72 61.995026858 0.0
23 73 71.216126708 0.0
23 74 65.97295654999999 0.0
23 75 63.623475338 0.0
23 76 58.632001951999996 0.0
23 77 58.119819332 0.0
23 78 61.4190686 0.0
23 79 62.04045533 0.0
23 80 61.635224606 0.0
23 81 64.94804198599999 0.0
23 82 68.247291254 0.0
23 83 64.31187865999999 0.0
23 84 57.364179692 0.0
23 85 55.892561036000004 0.0
23 86 79.940589602 0.0
23 87 63.548548592 0.0
23 88 55.643885491999995 0.0
23 89 72.08448609199999 0.0
23 90 61.063880612 0.0
23 91 63.40265015 0.0
23 92 66.148572992 0.0
23 93 69.8737622 0.0
23 94 66.15225341600001 0.0
23 95 66.5940686 0.0
23 96 65.85814941800001 0.0
23 97 55.370271002 0.0
23 98 61.312061768 0.0
23 99 69.200684816 0.0
23 100 67.27747314199999 0.0
23 101 65.835023198 0.0
23 102 75.408015128 0.0
23 103 69.200684816 0.0
23 104 69.630579842 0.0
23 105 58.820032958 0.0
23 106 56.471979974 0.0
23 107 66.092322992 0.0
23 108 67.687373048 0.0
23 109 59.75985839 0.0
23 110 62.991322016000005 0.0
23 111 56.536799324 0.0
23 112 73.02639893 0.0
23 113 63.773548592 0.0
23 114 64.89003417800001 0.0
23 115 60.426398930000005 0.0
23 116 66.644166254 0.0
23 117 59.99436158 0.0
23 118 74.50774048400001 0.0
23 119 60.096424568 0.0
23 120 65.85814941800001 0.0
23 121 69.0346814 0.0
23 122 68.074311524 0.0
23 123 58.418812256 0.0
23 124 72.87967652 0.0
23 125 63.832764884 0.0
23 126 69.134107658 0.0
23 127 56.42748536 0.0
