time period scenario temperature renewable energy
0 0 56.775751952 0.0
0 1 56.775751952 0.0
0 2 56.775751952 0.0
0 3 56.775751952 0.0
0 4 56.775751952 0.0
0 5 56.775751952 0.0
0 6 56.775751952 0.0
0 7 56.775751952 0.0
0 8 56.775751952 0.0
0 9 56.775751952 0.0
0 10 56.775751952 0.0
0 11 56.775751952 0.0
0 12 56.775751952 0.0
0 13 56.775751952 0.0
0 14 56.775751952 0.0
0 15 56.775751952 0.0
0 16 56.775751952 0.0
0 17 56.775751952 0.0
0 18 56.775751952 0.0
0 19 56.775751952 0.0
0 20 56.775751952 0.0
0 21 56.775751952 0.0
0 22 56.775751952 0.0
0 23 56.775751952 0.0
0 24 56.775751952 0.0
0 25 56.775751952 0.0
0 26 56.775751952 0.0
0 27 56.775751952 0.0
0 28 56.775751952 0.0
0 29 56.775751952 0.0
0 30 56.775751952 0.0
0 31 56.775751952 0.0
0 32 56.775751952 0.0
0 33 56.775751952 0.0
0 34 56.775751952 0.0
0 35 56.775751952 0.0
0 36 56.775751952 0.0
0 37 56.775751952 0.0
0 38 56.775751952 0.0
0 39 56.775751952 0.0
0 40 56.775751952 0.0
0 41 56.775751952 0.0
0 42 56.775751952 0.0
0 43 56.775751952 0.0
0 44 56.775751952 0.0
0 45 56.775751952 0.0
0 46 56.775751952 0.0
0 47 56.775751952 0.0
0 48 56.775751952 0.0
0 49 56.775751952 0.0
0 50 56.775751952 0.0
0 51 56.775751952 0.0
0 52 56.775751952 0.0
0 53 56.775751952 0.0
0 54 56.775751952 0.0
0 55 56.775751952 0.0
0 56 56.775751952 0.0
0 57 56.775751952 0.0
0 58 56.775751952 0.0
0 59 56.775751952 0.0
0 60 56.775751952 0.0
0 61 56.775751952 0.0
0 62 56.775751952 0.0
0 63 56.775751952 0.0
0 64 56.775751952 0.0
0 65 56.775751952 0.0
0 66 56.775751952 0.0
0 67 56.775751952 0.0
0 68 56.775751952 0.0
0 69 56.775751952 0.0
0 70 56.775751952 0.0
0 71 56.775751952 0.0
0 72 56.775751952 0.0
0 73 56.775751952 0.0
0 74 56.775751952 0.0
0 75 56.775751952 0.0
0 76 56.775751952 0.0
0 77 56.775751952 0.0
0 78 56.775751952 0.0
0 79 56.775751952 0.0
0 80 56.775751952 0.0
0 81 56.775751952 0.0
0 82 56.775751952 0.0
0 83 56.775751952 0.0
0 84 56.775751952 0.0
0 85 56.775751952 0.0
0 86 56.775751952 0.0
0 87 56.775751952 0.0
0 88 56.775751952 0.0
0 89 56.775751952 0.0
0 90 56.775751952 0.0
0 91 56.775751952 0.0
0 92 56.775751952 0.0
0 93 56.775751952 0.0
0 94 56.775751952 0.0
0 95 56.775751952 0.0
0 96 56.775751952 0.0
0 97 56.775751952 0.0
0 98 56.775751952 0.0
0 99 56.775751952 0.0
0 100 56.775751952 0.0
0 101 56.775751952 0.0
0 102 56.775751952 0.0
0 103 56.775751952 0.0
0 104 56.775751952 0.0
0 105 56.775751952 0.0
0 106 56.775751952 0.0
0 107 56.775751952 0.0
0 108 56.775751952 0.0
0 109 56.775751952 0.0
0 110 56.775751952 0.0
0 111 56.775751952 0.0
0 112 56.775751952 0.0
0 113 56.775751952 0.0
0 114 56.775751952 0.0
0 115 56.775751952 0.0
0 116 56.775751952 0.0
0 117 56.775751952 0.0
0 118 56.775751952 0.0
0 119 56.775751952 0.0
0 120 56.775751952 0.0
0 121 56.775751952 0.0
0 122 56.775751952 0.0
0 123 56.775751952 0.0
0 124 56.775751952 0.0
0 125 56.775751952 0.0
0 126 56.775751952 0.0
0 127 56.775751952 0.0
1 0 55.450031738 0.0
1 1 55.450031738 0.0
1 2 55.450031738 0.0
1 3 55.450031738 0.0
1 4 55.450031738 0.0
1 5 55.450031738 0.0
1 6 55.450031738 0.0
1 7 55.450031738 0.0
1 8 55.450031738 0.0
1 9 55.450031738 0.0
1 10 55.450031738 0.0
1 11 55.450031738 0.0
1 12 55.450031738 0.0
1 13 55.450031738 0.0
1 14 55.450031738 0.0
1 15 55.450031738 0.0
1 16 55.450031738 0.0
1 17 55.450031738 0.0
1 18 55.450031738 0.0
1 19 55.450031738 0.0
1 20 55.450031738 0.0
1 21 55.450031738 0.0
1 22 55.450031738 0.0
1 23 55.450031738 0.0
1 24 55.450031738 0.0
1 25 55.450031738 0.0
1 26 55.450031738 0.0
1 27 55.450031738 0.0
1 28 55.450031738 0.0
1 29 55.450031738 0.0
1 30 55.450031738 0.0
1 31 55.450031738 0.0
1 32 55.450031738 0.0
1 33 55.450031738 0.0
1 34 55.450031738 0.0
1 35 55.450031738 0.0
1 36 55.450031738 0.0
1 37 55.450031738 0.0
1 38 55.450031738 0.0
1 39 55.450031738 0.0
1 40 55.450031738 0.0
1 41 55.450031738 0.0
1 42 55.450031738 0.0
1 43 55.450031738 0.0
1 44 55.450031738 0.0
1 45 55.450031738 0.0
1 46 55.450031738 0.0
1 47 55.450031738 0.0
1 48 55.450031738 0.0
1 49 55.450031738 0.0
1 50 55.450031738 0.0
1 51 55.450031738 0.0
1 52 55.450031738 0.0
1 53 55.450031738 0.0
1 54 55.450031738 0.0
1 55 55.450031738 0.0
1 56 55.450031738 0.0
1 57 55.450031738 0.0
1 58 55.450031738 0.0
1 59 55.450031738 0.0
1 60 55.450031738 0.0
1 61 55.450031738 0.0
1 62 55.450031738 0.0
1 63 55.450031738 0.0
1 64 55.450031738 0.0
1 65 55.450031738 0.0
1 66 55.450031738 0.0
1 67 55.450031738 0.0
1 68 55.450031738 0.0
1 69 55.450031738 0.0
1 70 55.450031738 0.0
1 71 55.450031738 0.0
1 72 55.450031738 0.0
1 73 55.450031738 0.0
1 74 55.450031738 0.0
1 75 55.450031738 0.0
1 76 55.450031738 0.0
1 77 55.450031738 0.0
1 78 55.450031738 0.0
1 79 55.450031738 0.0
1 80 55.450031738 0.0
1 81 55.450031738 0.0
1 82 55.450031738 0.0
1 83 55.450031738 0.0
1 84 55.450031738 0.0
1 85 55.450031738 0.0
1 86 55.450031738 0.0
1 87 55.450031738 0.0
1 88 55.450031738 0.0
1 89 55.450031738 0.0
1 90 55.450031738 0.0
1 91 55.450031738 0.0
1 92 55.450031738 0.0
1 93 55.450031738 0.0
1 94 55.450031738 0.0
1 95 55.450031738 0.0
1 96 55.450031738 0.0
1 97 55.450031738 0.0
1 98 55.450031738 0.0
1 99 55.450031738 0.0
1 100 55.450031738 0.0
1 101 55.450031738 0.0
1 102 55.450031738 0.0
1 103 55.450031738 0.0
1 104 55.450031738 0.0
1 105 55.450031738 0.0
1 106 55.450031738 0.0
1 107 55.450031738 0.0
1 108 55.450031738 0.0
1 109 55.450031738 0.0
1 110 55.450031738 0.0
1 111 55.450031738 0.0
1 112 55.450031738 0.0
1 113 55.450031738 0.0
1 114 55.450031738 0.0
1 115 55.450031738 0.0
1 116 55.450031738 0.0
1 117 55.450031738 0.0
1 118 55.450031738 0.0
1 119 55.450031738 0.0
1 120 55.450031738 0.0
1 121 55.450031738 0.0
1 122 55.450031738 0.0
1 123 55.450031738 0.0
1 124 55.450031738 0.0
1 125 55.450031738 0.0
1 126 55.450031738 0.0
1 127 55.450031738 0.0
2 0 54.34156616 0.0
2 1 54.34156616 0.0
2 2 54.34156616 0.0
2 3 54.34156616 0.0
2 4 54.34156616 0.0
2 5 54.34156616 0.0
2 6 54.34156616 0.0
2 7 54.34156616 0.0
2 8 54.34156616 0.0
2 9 54.34156616 0.0
2 10 54.34156616 0.0
2 11 54.34156616 0.0
2 12 54.34156616 0.0
2 13 54.34156616 0.0
2 14 54.34156616 0.0
2 15 54.34156616 0.0
2 16 54.34156616 0.0
2 17 54.34156616 0.0
2 18 54.34156616 0.0
2 19 54.34156616 0.0
2 20 54.34156616 0.0
2 21 54.34156616 0.0
2 22 54.34156616 0.0
2 23 54.34156616 0.0
2 24 54.34156616 0.0
2 25 54.34156616 0.0
2 26 54.34156616 0.0
2 27 54.34156616 0.0
2 28 54.34156616 0.0
2 29 54.34156616 0.0
2 30 54.34156616 0.0
2 31 54.34156616 0.0
2 32 54.34156616 0.0
2 33 54.34156616 0.0
2 34 54.34156616 0.0
2 35 54.34156616 0.0
2 36 54.34156616 0.0
2 37 54.34156616 0.0
2 38 54.34156616 0.0
2 39 54.34156616 0.0
2 40 54.34156616 0.0
2 41 54.34156616 0.0
2 42 54.34156616 0.0
2 43 54.34156616 0.0
2 44 54.34156616 0.0
2 45 54.34156616 0.0
2 46 54.34156616 0.0
2 47 54.34156616 0.0
2 48 54.34156616 0.0
2 49 54.34156616 0.0
2 50 54.34156616 0.0
2 51 54.34156616 0.0
2 52 54.34156616 0.0
2 53 54.34156616 0.0
2 54 54.34156616 0.0
2 55 54.34156616 0.0
2 56 54.34156616 0.0
2 57 54.34156616 0.0
2 58 54.34156616 0.0
2 59 54.34156616 0.0
2 60 54.34156616 0.0
2 61 54.34156616 0.0
2 62 54.34156616 0.0
2 63 54.34156616 0.0
2 64 54.34156616 0.0
2 65 54.34156616 0.0
2 66 54.34156616 0.0
2 67 54.34156616 0.0
2 68 54.34156616 0.0
2 69 54.34156616 0.0
2 70 54.34156616 0.0
2 71 54.34156616 0.0
2 72 54.34156616 0.0
2 73 54.34156616 0.0
2 74 54.34156616 0.0
2 75 54.34156616 0.0
2 76 54.34156616 0.0
2 77 54.34156616 0.0
2 78 54.34156616 0.0
2 79 54.34156616 0.0
2 80 54.34156616 0.0
2 81 54.34156616 0.0
2 82 54.34156616 0.0
2 83 54.34156616 0.0
2 84 54.34156616 0.0
2 85 54.34156616 0.0
2 86 54.34156616 0.0
2 87 54.34156616 0.0
2 88 54.34156616 0.0
2 89 54.34156616 0.0
2 90 54.34156616 0.0
2 91 54.34156616 0.0
2 92 54.34156616 0.0
2 93 54.34156616 0.0
2 94 54.34156616 0.0
2 95 54.34156616 0.0
2 96 54.34156616 0.0
2 97 54.34156616 0.0
2 98 54.34156616 0.0
2 99 54.34156616 0.0
2 100 54.34156616 0.0
2 101 54.34156616 0.0
2 102 54.34156616 0.0
2 103 54.34156616 0.0
2 104 54.34156616 0.0
2 105 54.34156616 0.0
2 106 54.34156616 0.0
2 107 54.34156616 0.0
2 108 54.34156616 0.0
2 109 54.34156616 0.0
2 110 54.34156616 0.0
2 111 54.34156616 0.0
2 112 54.34156616 0.0
2 113 54.34156616 0.0
2 114 54.34156616 0.0
2 115 54.34156616 0.0
2 116 54.34156616 0.0
2 117 54.34156616 0.0
2 118 54.34156616 0.0
2 119 54.34156616 0.0
2 120 54.34156616 0.0
2 121 54.34156616 0.0
2 122 54.34156616 0.0
2 123 54.34156616 0.0
2 124 54.34156616 0.0
2 125 54.34156616 0.0
2 126 54.34156616 0.0
2 127 54.34156616 0.0
3 0 53.425086674 0.0
3 1 53.425086674 0.0
3 2 53.425086674 0.0
3 3 53.425086674 0.0
3 4 53.425086674 0.0
3 5 53.425086674 0.0
3 6 53.425086674 0.0
3 7 53.425086674 0.0
3 8 53.425086674 0.0
3 9 53.425086674 0.0
3 10 53.425086674 0.0
3 11 53.425086674 0.0
3 12 53.425086674 0.0
3 13 53.425086674 0.0
3 14 53.425086674 0.0
3 15 53.425086674 0.0
3 16 53.425086674 0.0
3 17 53.425086674 0.0
3 18 53.425086674 0.0
3 19 53.425086674 0.0
3 20 53.425086674 0.0
3 21 53.425086674 0.0
3 22 53.425086674 0.0
3 23 53.425086674 0.0
3 24 53.425086674 0.0
3 25 53.425086674 0.0
3 26 53.425086674 0.0
3 27 53.425086674 0.0
3 28 53.425086674 0.0
3 29 53.425086674 0.0
3 30 53.425086674 0.0
3 31 53.425086674 0.0
3 32 53.425086674 0.0
3 33 53.425086674 0.0
3 34 53.425086674 0.0
3 35 53.425086674 0.0
3 36 53.425086674 0.0
3 37 53.425086674 0.0
3 38 53.425086674 0.0
3 39 53.425086674 0.0
3 40 53.425086674 0.0
3 41 53.425086674 0.0
3 42 53.425086674 0.0
3 43 53.425086674 0.0
3 44 53.425086674 0.0
3 45 53.425086674 0.0
3 46 53.425086674 0.0
3 47 53.425086674 0.0
3 48 53.425086674 0.0
3 49 53.425086674 0.0
3 50 53.425086674 0.0
3 51 53.425086674 0.0
3 52 53.425086674 0.0
3 53 53.425086674 0.0
3 54 53.425086674 0.0
3 55 53.425086674 0.0
3 56 53.425086674 0.0
3 57 53.425086674 0.0
3 58 53.425086674 0.0
3 59 53.425086674 0.0
3 60 53.425086674 0.0
3 61 53.425086674 0.0
3 62 53.425086674 0.0
3 63 53.425086674 0.0
3 64 65.521308596 0.0
3 65 65.521308596 0.0
3 66 65.521308596 0.0
3 67 65.521308596 0.0
3 68 65.521308596 0.0
3 69 65.521308596 0.0
3 70 65.521308596 0.0
3 71 65.521308596 0.0
3 72 65.521308596 0.0
3 73 65.521308596 0.0
3 74 65.521308596 0.0
3 75 65.521308596 0.0
3 76 65.521308596 0.0
3 77 65.521308596 0.0
3 78 65.521308596 0.0
3 79 65.521308596 0.0
3 80 65.521308596 0.0
3 81 65.521308596 0.0
3 82 65.521308596 0.0
3 83 65.521308596 0.0
3 84 65.521308596 0.0
3 85 65.521308596 0.0
3 86 65.521308596 0.0
3 87 65.521308596 0.0
3 88 65.521308596 0.0
3 89 65.521308596 0.0
3 90 65.521308596 0.0
3 91 65.521308596 0.0
3 92 65.521308596 0.0
3 93 65.521308596 0.0
3 94 65.521308596 0.0
3 95 65.521308596 0.0
3 96 65.521308596 0.0
3 97 65.521308596 0.0
3 98 65.521308596 0.0
3 99 65.521308596 0.0
3 100 65.521308596 0.0
3 101 65.521308596 0.0
3 102 65.521308596 0.0
3 103 65.521308596 0.0
3 104 65.521308596 0.0
3 105 65.521308596 0.0
3 106 65.521308596 0.0
3 107 65.521308596 0.0
3 108 65.521308596 0.0
3 109 65.521308596 0.0
3 110 65.521308596 0.0
3 111 65.521308596 0.0
3 112 65.521308596 0.0
3 113 65.521308596 0.0
3 114 65.521308596 0.0
3 115 65.521308596 0.0
3 116 65.521308596 0.0
3 117 65.521308596 0.0
3 118 65.521308596 0.0
3 119 65.521308596 0.0
3 120 65.521308596 0.0
3 121 65.521308596 0.0
3 122 65.521308596 0.0
3 123 65.521308596 0.0
3 124 65.521308596 0.0
3 125 65.521308596 0.0
3 126 65.521308596 0.0
3 127 65.521308596 0.0
4 0 53.36142089 0.0
4 1 53.36142089 0.0
4 2 53.36142089 0.0
4 3 53.36142089 0.0
4 4 53.36142089 0.0
4 5 53.36142089 0.0
4 6 53.36142089 0.0
4 7 53.36142089 0.0
4 8 53.36142089 0.0
4 9 53.36142089 0.0
4 10 53.36142089 0.0
4 11 53.36142089 0.0
4 12 53.36142089 0.0
4 13 53.36142089 0.0
4 14 53.36142089 0.0
4 15 53.36142089 0.0
4 16 53.36142089 0.0
4 17 53.36142089 0.0
4 18 53.36142089 0.0
4 19 53.36142089 0.0
4 20 53.36142089 0.0
4 21 53.36142089 0.0
4 22 53.36142089 0.0
4 23 53.36142089 0.0
4 24 53.36142089 0.0
4 25 53.36142089 0.0
4 26 53.36142089 0.0
4 27 53.36142089 0.0
4 28 53.36142089 0.0
4 29 53.36142089 0.0
4 30 53.36142089 0.0
4 31 53.36142089 0.0
4 32 53.36142089 0.0
4 33 53.36142089 0.0
4 34 53.36142089 0.0
4 35 53.36142089 0.0
4 36 53.36142089 0.0
4 37 53.36142089 0.0
4 38 53.36142089 0.0
4 39 53.36142089 0.0
4 40 53.36142089 0.0
4 41 53.36142089 0.0
4 42 53.36142089 0.0
4 43 53.36142089 0.0
4 44 53.36142089 0.0
4 45 53.36142089 0.0
4 46 53.36142089 0.0
4 47 53.36142089 0.0
4 48 53.36142089 0.0
4 49 53.36142089 0.0
4 50 53.36142089 0.0
4 51 53.36142089 0.0
4 52 53.36142089 0.0
4 53 53.36142089 0.0
4 54 53.36142089 0.0
4 55 53.36142089 0.0
4 56 53.36142089 0.0
4 57 53.36142089 0.0
4 58 53.36142089 0.0
4 59 53.36142089 0.0
4 60 53.36142089 0.0
4 61 53.36142089 0.0
4 62 53.36142089 0.0
4 63 53.36142089 0.0
4 64 65.613483878 0.0
4 65 65.613483878 0.0
4 66 65.613483878 0.0
4 67 65.613483878 0.0
4 68 65.613483878 0.0
4 69 65.613483878 0.0
4 70 65.613483878 0.0
4 71 65.613483878 0.0
4 72 65.613483878 0.0
4 73 65.613483878 0.0
4 74 65.613483878 0.0
4 75 65.613483878 0.0
4 76 65.613483878 0.0
4 77 65.613483878 0.0
4 78 65.613483878 0.0
4 79 65.613483878 0.0
4 80 65.613483878 0.0
4 81 65.613483878 0.0
4 82 65.613483878 0.0
4 83 65.613483878 0.0
4 84 65.613483878 0.0
4 85 65.613483878 0.0
4 86 65.613483878 0.0
4 87 65.613483878 0.0
4 88 65.613483878 0.0
4 89 65.613483878 0.0
4 90 65.613483878 0.0
4 91 65.613483878 0.0
4 92 65.613483878 0.0
4 93 65.613483878 0.0
4 94 65.613483878 0.0
4 95 65.613483878 0.0
4 96 65.613483878 0.0
4 97 65.613483878 0.0
4 98 65.613483878 0.0
4 99 65.613483878 0.0
4 100 65.613483878 0.0
4 101 65.613483878 0.0
4 102 65.613483878 0.0
4 103 65.613483878 0.0
4 104 65.613483878 0.0
4 105 65.613483878 0.0
4 106 65.613483878 0.0
4 107 65.613483878 0.0
4 108 65.613483878 0.0
4 109 65.613483878 0.0
4 110 65.613483878 0.0
4 111 65.613483878 0.0
4 112 65.613483878 0.0
4 113 65.613483878 0.0
4 114 65.613483878 0.0
4 115 65.613483878 0.0
4 116 65.613483878 0.0
4 117 65.613483878 0.0
4 118 65.613483878 0.0
4 119 65.613483878 0.0
4 120 65.613483878 0.0
4 121 65.613483878 0.0
4 122 65.613483878 0.0
4 123 65.613483878 0.0
4 124 65.613483878 0.0
4 125 65.613483878 0.0
4 126 65.613483878 0.0
4 127 65.613483878 0.0
5 0 55.040021978 0.06
5 1 55.040021978 0.06
5 2 55.040021978 0.06
5 3 55.040021978 0.06
5 4 55.040021978 0.06
5 5 55.040021978 0.06
5 6 55.040021978 0.06
5 7 55.040021978 0.06
5 8 55.040021978 0.06
5 9 55.040021978 0.06
5 10 55.040021978 0.06
5 11 55.040021978 0.06
5 12 55.040021978 0.06
5 13 55.040021978 0.06
5 14 55.040021978 0.06
5 15 55.040021978 0.06
5 16 55.040021978 0.06
5 17 55.040021978 0.06
5 18 55.040021978 0.06
5 19 55.040021978 0.06
5 20 55.040021978 0.06
5 21 55.040021978 0.06
5 22 55.040021978 0.06
5 23 55.040021978 0.06
5 24 55.040021978 0.06
5 25 55.040021978 0.06
5 26 55.040021978 0.06
5 27 55.040021978 0.06
5 28 55.040021978 0.06
5 29 55.040021978 0.06
5 30 55.040021978 0.06
5 31 55.040021978 0.06
5 32 55.040021978 0.06
5 33 55.040021978 0.06
5 34 55.040021978 0.06
5 35 55.040021978 0.06
5 36 55.040021978 0.06
5 37 55.040021978 0.06
5 38 55.040021978 0.06
5 39 55.040021978 0.06
5 40 55.040021978 0.06
5 41 55.040021978 0.06
5 42 55.040021978 0.06
5 43 55.040021978 0.06
5 44 55.040021978 0.06
5 45 55.040021978 0.06
5 46 55.040021978 0.06
5 47 55.040021978 0.06
5 48 55.040021978 0.06
5 49 55.040021978 0.06
5 50 55.040021978 0.06
5 51 55.040021978 0.06
5 52 55.040021978 0.06
5 53 55.040021978 0.06
5 54 55.040021978 0.06
5 55 55.040021978 0.06
5 56 55.040021978 0.06
5 57 55.040021978 0.06
5 58 55.040021978 0.06
5 59 55.040021978 0.06
5 60 55.040021978 0.06
5 61 55.040021978 0.06
5 62 55.040021978 0.06
5 63 55.040021978 0.06
5 64 66.501234122 0.078
5 65 66.501234122 0.078
5 66 66.501234122 0.078
5 67 66.501234122 0.078
5 68 66.501234122 0.078
5 69 66.501234122 0.078
5 70 66.501234122 0.078
5 71 66.501234122 0.078
5 72 66.501234122 0.078
5 73 66.501234122 0.078
5 74 66.501234122 0.078
5 75 66.501234122 0.078
5 76 66.501234122 0.078
5 77 66.501234122 0.078
5 78 66.501234122 0.078
5 79 66.501234122 0.078
5 80 66.501234122 0.078
5 81 66.501234122 0.078
5 82 66.501234122 0.078
5 83 66.501234122 0.078
5 84 66.501234122 0.078
5 85 66.501234122 0.078
5 86 66.501234122 0.078
5 87 66.501234122 0.078
5 88 66.501234122 0.078
5 89 66.501234122 0.078
5 90 66.501234122 0.078
5 91 66.501234122 0.078
5 92 66.501234122 0.078
5 93 66.501234122 0.078
5 94 66.501234122 0.078
5 95 66.501234122 0.078
5 96 66.501234122 0.078
5 97 66.501234122 0.078
5 98 66.501234122 0.078
5 99 66.501234122 0.078
5 100 66.501234122 0.078
5 101 66.501234122 0.078
5 102 66.501234122 0.078
5 103 66.501234122 0.078
5 104 66.501234122 0.078
5 105 66.501234122 0.078
5 106 66.501234122 0.078
5 107 66.501234122 0.078
5 108 66.501234122 0.078
5 109 66.501234122 0.078
5 110 66.501234122 0.078
5 111 66.501234122 0.078
5 112 66.501234122 0.078
5 113 66.501234122 0.078
5 114 66.501234122 0.078
5 115 66.501234122 0.078
5 116 66.501234122 0.078
5 117 66.501234122 0.078
5 118 66.501234122 0.078
5 119 66.501234122 0.078
5 120 66.501234122 0.078
5 121 66.501234122 0.078
5 122 66.501234122 0.078
5 123 66.501234122 0.078
5 124 66.501234122 0.078
5 125 66.501234122 0.078
5 126 66.501234122 0.078
5 127 66.501234122 0.078
6 0 58.449793694 0.24599999999999997
6 1 58.449793694 0.24599999999999997
6 2 58.449793694 0.24599999999999997
6 3 58.449793694 0.24599999999999997
6 4 58.449793694 0.24599999999999997
6 5 58.449793694 0.24599999999999997
6 6 58.449793694 0.24599999999999997
6 7 58.449793694 0.24599999999999997
6 8 58.449793694 0.24599999999999997
6 9 58.449793694 0.24599999999999997
6 10 58.449793694 0.24599999999999997
6 11 58.449793694 0.24599999999999997
6 12 58.449793694 0.24599999999999997
6 13 58.449793694 0.24599999999999997
6 14 58.449793694 0.24599999999999997
6 15 58.449793694 0.24599999999999997
6 16 58.449793694 0.24599999999999997
6 17 58.449793694 0.24599999999999997
6 18 58.449793694 0.24599999999999997
6 19 58.449793694 0.24599999999999997
6 20 58.449793694 0.24599999999999997
6 21 58.449793694 0.24599999999999997
6 22 58.449793694 0.24599999999999997
6 23 58.449793694 0.24599999999999997
6 24 58.449793694 0.24599999999999997
6 25 58.449793694 0.24599999999999997
6 26 58.449793694 0.24599999999999997
6 27 58.449793694 0.24599999999999997
6 28 58.449793694 0.24599999999999997
6 29 58.449793694 0.24599999999999997
6 30 58.449793694 0.24599999999999997
6 31 58.449793694 0.24599999999999997
6 32 63.755201408 0.2565
6 33 63.755201408 0.2565
6 34 63.755201408 0.2565
6 35 63.755201408 0.2565
6 36 63.755201408 0.2565
6 37 63.755201408 0.2565
6 38 63.755201408 0.2565
6 39 63.755201408 0.2565
6 40 63.755201408 0.2565
6 41 63.755201408 0.2565
6 42 63.755201408 0.2565
6 43 63.755201408 0.2565
6 44 63.755201408 0.2565
6 45 63.755201408 0.2565
6 46 63.755201408 0.2565
6 47 63.755201408 0.2565
6 48 63.755201408 0.2565
6 49 63.755201408 0.2565
6 50 63.755201408 0.2565
6 51 63.755201408 0.2565
6 52 63.755201408 0.2565
6 53 63.755201408 0.2565
6 54 63.755201408 0.2565
6 55 63.755201408 0.2565
6 56 63.755201408 0.2565
6 57 63.755201408 0.2565
6 58 63.755201408 0.2565
6 59 63.755201408 0.2565
6 60 63.755201408 0.2565
6 61 63.755201408 0.2565
6 62 63.755201408 0.2565
6 63 63.755201408 0.2565
6 64 68.135230706 0.2565
6 65 68.135230706 0.2565
6 66 68.135230706 0.2565
6 67 68.135230706 0.2565
6 68 68.135230706 0.2565
6 69 68.135230706 0.2565
6 70 68.135230706 0.2565
6 71 68.135230706 0.2565
6 72 68.135230706 0.2565
6 73 68.135230706 0.2565
6 74 68.135230706 0.2565
6 75 68.135230706 0.2565
6 76 68.135230706 0.2565
6 77 68.135230706 0.2565
6 78 68.135230706 0.2565
6 79 68.135230706 0.2565
6 80 68.135230706 0.2565
6 81 68.135230706 0.2565
6 82 68.135230706 0.2565
6 83 68.135230706 0.2565
6 84 68.135230706 0.2565
6 85 68.135230706 0.2565
6 86 68.135230706 0.2565
6 87 68.135230706 0.2565
6 88 68.135230706 0.2565
6 89 68.135230706 0.2565
6 90 68.135230706 0.2565
6 91 68.135230706 0.2565
6 92 68.135230706 0.2565
6 93 68.135230706 0.2565
6 94 68.135230706 0.2565
6 95 68.135230706 0.2565
6 96 57.659107657999996 0.03
6 97 57.659107657999996 0.03
6 98 57.659107657999996 0.03
6 99 57.659107657999996 0.03
6 100 57.659107657999996 0.03
6 101 57.659107657999996 0.03
6 102 57.659107657999996 0.03
6 103 57.659107657999996 0.03
6 104 57.659107657999996 0.03
6 105 57.659107657999996 0.03
6 106 57.659107657999996 0.03
6 107 57.659107657999996 0.03
6 108 57.659107657999996 0.03
6 109 57.659107657999996 0.03
6 110 57.659107657999996 0.03
6 111 57.659107657999996 0.03
6 112 57.659107657999996 0.03
6 113 57.659107657999996 0.03
6 114 57.659107657999996 0.03
6 115 57.659107657999996 0.03
6 116 57.659107657999996 0.03
6 117 57.659107657999996 0.03
6 118 57.659107657999996 0.03
6 119 57.659107657999996 0.03
6 120 57.659107657999996 0.03
6 121 57.659107657999996 0.03
6 122 57.659107657999996 0.03
6 123 57.659107657999996 0.03
6 124 57.659107657999996 0.03
6 125 57.659107657999996 0.03
6 126 57.659107657999996 0.03
6 127 57.659107657999996 0.03
7 0 63.239558108 0.4755
7 1 63.239558108 0.4755
7 2 63.239558108 0.4755
7 3 63.239558108 0.4755
7 4 63.239558108 0.4755
7 5 63.239558108 0.4755
7 6 63.239558108 0.4755
7 7 63.239558108 0.4755
7 8 63.239558108 0.4755
7 9 63.239558108 0.4755
7 10 63.239558108 0.4755
7 11 63.239558108 0.4755
7 12 63.239558108 0.4755
7 13 63.239558108 0.4755
7 14 63.239558108 0.4755
7 15 63.239558108 0.4755
7 16 63.239558108 0.4755
7 17 63.239558108 0.4755
7 18 63.239558108 0.4755
7 19 63.239558108 0.4755
7 20 63.239558108 0.4755
7 21 63.239558108 0.4755
7 22 63.239558108 0.4755
7 23 63.239558108 0.4755
7 24 63.239558108 0.4755
7 25 63.239558108 0.4755
7 26 63.239558108 0.4755
7 27 63.239558108 0.4755
7 28 63.239558108 0.4755
7 29 63.239558108 0.4755
7 30 63.239558108 0.4755
7 31 63.239558108 0.4755
7 32 66.99248779999999 0.48449999999999993
7 33 66.99248779999999 0.48449999999999993
7 34 66.99248779999999 0.48449999999999993
7 35 66.99248779999999 0.48449999999999993
7 36 66.99248779999999 0.48449999999999993
7 37 66.99248779999999 0.48449999999999993
7 38 66.99248779999999 0.48449999999999993
7 39 66.99248779999999 0.48449999999999993
7 40 66.99248779999999 0.48449999999999993
7 41 66.99248779999999 0.48449999999999993
7 42 66.99248779999999 0.48449999999999993
7 43 66.99248779999999 0.48449999999999993
7 44 66.99248779999999 0.48449999999999993
7 45 66.99248779999999 0.48449999999999993
7 46 66.99248779999999 0.48449999999999993
7 47 66.99248779999999 0.48449999999999993
7 48 66.99248779999999 0.48449999999999993
7 49 66.99248779999999 0.48449999999999993
7 50 66.99248779999999 0.48449999999999993
7 51 66.99248779999999 0.48449999999999993
7 52 66.99248779999999 0.48449999999999993
7 53 66.99248779999999 0.48449999999999993
7 54 66.99248779999999 0.48449999999999993
7 55 66.99248779999999 0.48449999999999993
7 56 66.99248779999999 0.48449999999999993
7 57 66.99248779999999 0.48449999999999993
7 58 66.99248779999999 0.48449999999999993
7 59 66.99248779999999 0.48449999999999993
7 60 66.99248779999999 0.48449999999999993
7 61 66.99248779999999 0.48449999999999993
7 62 66.99248779999999 0.48449999999999993
7 63 66.99248779999999 0.48449999999999993
7 64 71.471833502 0.40199999999999997
7 65 71.471833502 0.40199999999999997
7 66 71.471833502 0.40199999999999997
7 67 71.471833502 0.40199999999999997
7 68 71.471833502 0.40199999999999997
7 69 71.471833502 0.40199999999999997
7 70 71.471833502 0.40199999999999997
7 71 71.471833502 0.40199999999999997
7 72 71.471833502 0.40199999999999997
7 73 71.471833502 0.40199999999999997
7 74 71.471833502 0.40199999999999997
7 75 71.471833502 0.40199999999999997
7 76 71.471833502 0.40199999999999997
7 77 71.471833502 0.40199999999999997
7 78 71.471833502 0.40199999999999997
7 79 71.471833502 0.40199999999999997
7 80 71.471833502 0.40199999999999997
7 81 71.471833502 0.40199999999999997
7 82 71.471833502 0.40199999999999997
7 83 71.471833502 0.40199999999999997
7 84 71.471833502 0.40199999999999997
7 85 71.471833502 0.40199999999999997
7 86 71.471833502 0.40199999999999997
7 87 71.471833502 0.40199999999999997
7 88 71.471833502 0.40199999999999997
7 89 71.471833502 0.40199999999999997
7 90 71.471833502 0.40199999999999997
7 91 71.471833502 0.40199999999999997
7 92 71.471833502 0.40199999999999997
7 93 71.471833502 0.40199999999999997
7 94 71.471833502 0.40199999999999997
7 95 71.471833502 0.40199999999999997
7 96 58.685560304 0.10049999999999999
7 97 58.685560304 0.10049999999999999
7 98 58.685560304 0.10049999999999999
7 99 58.685560304 0.10049999999999999
7 100 58.685560304 0.10049999999999999
7 101 58.685560304 0.10049999999999999
7 102 58.685560304 0.10049999999999999
7 103 58.685560304 0.10049999999999999
7 104 58.685560304 0.10049999999999999
7 105 58.685560304 0.10049999999999999
7 106 58.685560304 0.10049999999999999
7 107 58.685560304 0.10049999999999999
7 108 58.685560304 0.10049999999999999
7 109 58.685560304 0.10049999999999999
7 110 58.685560304 0.10049999999999999
7 111 58.685560304 0.10049999999999999
7 112 58.685560304 0.10049999999999999
7 113 58.685560304 0.10049999999999999
7 114 58.685560304 0.10049999999999999
7 115 58.685560304 0.10049999999999999
7 116 58.685560304 0.10049999999999999
7 117 58.685560304 0.10049999999999999
7 118 58.685560304 0.10049999999999999
7 119 58.685560304 0.10049999999999999
7 120 58.685560304 0.10049999999999999
7 121 58.685560304 0.10049999999999999
7 122 58.685560304 0.10049999999999999
7 123 58.685560304 0.10049999999999999
7 124 58.685560304 0.10049999999999999
7 125 58.685560304 0.10049999999999999
7 126 58.685560304 0.10049999999999999
7 127 58.685560304 0.10049999999999999
8 0 67.549165034 0.7125
8 1 67.549165034 0.7125
8 2 67.549165034 0.7125
8 3 67.549165034 0.7125
8 4 67.549165034 0.7125
8 5 67.549165034 0.7125
8 6 67.549165034 0.7125
8 7 67.549165034 0.7125
8 8 67.549165034 0.7125
8 9 67.549165034 0.7125
8 10 67.549165034 0.7125
8 11 67.549165034 0.7125
8 12 67.549165034 0.7125
8 13 67.549165034 0.7125
8 14 67.549165034 0.7125
8 15 67.549165034 0.7125
8 16 67.549165034 0.7125
8 17 67.549165034 0.7125
8 18 67.549165034 0.7125
8 19 67.549165034 0.7125
8 20 67.549165034 0.7125
8 21 67.549165034 0.7125
8 22 67.549165034 0.7125
8 23 67.549165034 0.7125
8 24 67.549165034 0.7125
8 25 67.549165034 0.7125
8 26 67.549165034 0.7125
8 27 67.549165034 0.7125
8 28 67.549165034 0.7125
8 29 67.549165034 0.7125
8 30 67.549165034 0.7125
8 31 67.549165034 0.7125
8 32 69.460676276 0.717
8 33 69.460676276 0.717
8 34 69.460676276 0.717
8 35 69.460676276 0.717
8 36 69.460676276 0.717
8 37 69.460676276 0.717
8 38 69.460676276 0.717
8 39 69.460676276 0.717
8 40 69.460676276 0.717
8 41 69.460676276 0.717
8 42 69.460676276 0.717
8 43 69.460676276 0.717
8 44 69.460676276 0.717
8 45 69.460676276 0.717
8 46 69.460676276 0.717
8 47 69.460676276 0.717
8 48 69.460676276 0.717
8 49 69.460676276 0.717
8 50 69.460676276 0.717
8 51 69.460676276 0.717
8 52 69.460676276 0.717
8 53 69.460676276 0.717
8 54 69.460676276 0.717
8 55 69.460676276 0.717
8 56 69.460676276 0.717
8 57 69.460676276 0.717
8 58 69.460676276 0.717
8 59 69.460676276 0.717
8 60 69.460676276 0.717
8 61 69.460676276 0.717
8 62 69.460676276 0.717
8 63 69.460676276 0.717
8 64 75.89734619000001 0.513
8 65 75.89734619000001 0.513
8 66 75.89734619000001 0.513
8 67 75.89734619000001 0.513
8 68 75.89734619000001 0.513
8 69 75.89734619000001 0.513
8 70 75.89734619000001 0.513
8 71 75.89734619000001 0.513
8 72 75.89734619000001 0.513
8 73 75.89734619000001 0.513
8 74 75.89734619000001 0.513
8 75 75.89734619000001 0.513
8 76 75.89734619000001 0.513
8 77 75.89734619000001 0.513
8 78 75.89734619000001 0.513
8 79 75.89734619000001 0.513
8 80 75.89734619000001 0.513
8 81 75.89734619000001 0.513
8 82 75.89734619000001 0.513
8 83 75.89734619000001 0.513
8 84 75.89734619000001 0.513
8 85 75.89734619000001 0.513
8 86 75.89734619000001 0.513
8 87 75.89734619000001 0.513
8 88 75.89734619000001 0.513
8 89 75.89734619000001 0.513
8 90 75.89734619000001 0.513
8 91 75.89734619000001 0.513
8 92 75.89734619000001 0.513
8 93 75.89734619000001 0.513
8 94 75.89734619000001 0.513
8 95 75.89734619000001 0.513
8 96 60.355976557999995 0.1575
8 97 60.355976557999995 0.1575
8 98 60.355976557999995 0.1575
8 99 60.355976557999995 0.1575
8 100 60.355976557999995 0.1575
8 101 60.355976557999995 0.1575
8 102 60.355976557999995 0.1575
8 103 60.355976557999995 0.1575
8 104 60.355976557999995 0.1575
8 105 60.355976557999995 0.1575
8 106 60.355976557999995 0.1575
8 107 60.355976557999995 0.1575
8 108 60.355976557999995 0.1575
8 109 60.355976557999995 0.1575
8 110 60.355976557999995 0.1575
8 111 60.355976557999995 0.1575
8 112 60.355976557999995 0.1575
8 113 60.355976557999995 0.1575
8 114 60.355976557999995 0.1575
8 115 60.355976557999995 0.1575
8 116 60.355976557999995 0.1575
8 117 60.355976557999995 0.1575
8 118 60.355976557999995 0.1575
8 119 60.355976557999995 0.1575
8 120 60.355976557999995 0.1575
8 121 60.355976557999995 0.1575
8 122 60.355976557999995 0.1575
8 123 60.355976557999995 0.1575
8 124 60.355976557999995 0.1575
8 125 60.355976557999995 0.1575
8 126 60.355976557999995 0.1575
8 127 60.355976557999995 0.1575
9 0 70.261469726 0.9314999999999999
9 1 70.261469726 0.9314999999999999
9 2 70.261469726 0.9314999999999999
9 3 70.261469726 0.9314999999999999
9 4 70.261469726 0.9314999999999999
9 5 70.261469726 0.9314999999999999
9 6 70.261469726 0.9314999999999999
9 7 70.261469726 0.9314999999999999
9 8 70.261469726 0.9314999999999999
9 9 70.261469726 0.9314999999999999
9 10 70.261469726 0.9314999999999999
9 11 70.261469726 0.9314999999999999
9 12 70.261469726 0.9314999999999999
9 13 70.261469726 0.9314999999999999
9 14 70.261469726 0.9314999999999999
9 15 70.261469726 0.9314999999999999
9 16 67.237922372 0.6885
9 17 67.237922372 0.6885
9 18 67.237922372 0.6885
9 19 67.237922372 0.6885
9 20 67.237922372 0.6885
9 21 67.237922372 0.6885
9 22 67.237922372 0.6885
9 23 67.237922372 0.6885
9 24 67.237922372 0.6885
9 25 67.237922372 0.6885
9 26 67.237922372 0.6885
9 27 67.237922372 0.6885
9 28 67.237922372 0.6885
9 29 67.237922372 0.6885
9 30 67.237922372 0.6885
9 31 67.237922372 0.6885
9 32 70.381385492 0.9314999999999999
9 33 70.381385492 0.9314999999999999
9 34 70.381385492 0.9314999999999999
9 35 70.381385492 0.9314999999999999
9 36 70.381385492 0.9314999999999999
9 37 70.381385492 0.9314999999999999
9 38 70.381385492 0.9314999999999999
9 39 70.381385492 0.9314999999999999
9 40 70.381385492 0.9314999999999999
9 41 70.381385492 0.9314999999999999
9 42 70.381385492 0.9314999999999999
9 43 70.381385492 0.9314999999999999
9 44 70.381385492 0.9314999999999999
9 45 70.381385492 0.9314999999999999
9 46 70.381385492 0.9314999999999999
9 47 70.381385492 0.9314999999999999
9 48 70.39995238399999 0.6585
9 49 70.39995238399999 0.6585
9 50 70.39995238399999 0.6585
9 51 70.39995238399999 0.6585
9 52 70.39995238399999 0.6585
9 53 70.39995238399999 0.6585
9 54 70.39995238399999 0.6585
9 55 70.39995238399999 0.6585
9 56 70.39995238399999 0.6585
9 57 70.39995238399999 0.6585
9 58 70.39995238399999 0.6585
9 59 70.39995238399999 0.6585
9 60 70.39995238399999 0.6585
9 61 70.39995238399999 0.6585
9 62 70.39995238399999 0.6585
9 63 70.39995238399999 0.6585
9 64 79.15517700800001 0.5235
9 65 79.15517700800001 0.5235
9 66 79.15517700800001 0.5235
9 67 79.15517700800001 0.5235
9 68 79.15517700800001 0.5235
9 69 79.15517700800001 0.5235
9 70 79.15517700800001 0.5235
9 71 79.15517700800001 0.5235
9 72 79.15517700800001 0.5235
9 73 79.15517700800001 0.5235
9 74 79.15517700800001 0.5235
9 75 79.15517700800001 0.5235
9 76 79.15517700800001 0.5235
9 77 79.15517700800001 0.5235
9 78 79.15517700800001 0.5235
9 79 79.15517700800001 0.5235
9 80 74.953071284 0.6885
9 81 74.953071284 0.6885
9 82 74.953071284 0.6885
9 83 74.953071284 0.6885
9 84 74.953071284 0.6885
9 85 74.953071284 0.6885
9 86 74.953071284 0.6885
9 87 74.953071284 0.6885
9 88 74.953071284 0.6885
9 89 74.953071284 0.6885
9 90 74.953071284 0.6885
9 91 74.953071284 0.6885
9 92 74.953071284 0.6885
9 93 74.953071284 0.6885
9 94 74.953071284 0.6885
9 95 74.953071284 0.6885
9 96 62.906177984 0.285
9 97 62.906177984 0.285
9 98 62.906177984 0.285
9 99 62.906177984 0.285
9 100 62.906177984 0.285
9 101 62.906177984 0.285
9 102 62.906177984 0.285
9 103 62.906177984 0.285
9 104 62.906177984 0.285
9 105 62.906177984 0.285
9 106 62.906177984 0.285
9 107 62.906177984 0.285
9 108 62.906177984 0.285
9 109 62.906177984 0.285
9 110 62.906177984 0.285
9 111 62.906177984 0.285
9 112 87.574714358 0.8714999999999999
9 113 87.574714358 0.8714999999999999
9 114 87.574714358 0.8714999999999999
9 115 87.574714358 0.8714999999999999
9 116 87.574714358 0.8714999999999999
9 117 87.574714358 0.8714999999999999
9 118 87.574714358 0.8714999999999999
9 119 87.574714358 0.8714999999999999
9 120 87.574714358 0.8714999999999999
9 121 87.574714358 0.8714999999999999
9 122 87.574714358 0.8714999999999999
9 123 87.574714358 0.8714999999999999
9 124 87.574714358 0.8714999999999999
9 125 87.574714358 0.8714999999999999
9 126 87.574714358 0.8714999999999999
9 127 87.574714358 0.8714999999999999
10 0 71.690516366 0.933
10 1 71.690516366 0.933
10 2 71.690516366 0.933
10 3 71.690516366 0.933
10 4 71.690516366 0.933
10 5 71.690516366 0.933
10 6 71.690516366 0.933
10 7 71.690516366 0.933
10 8 71.690516366 0.933
10 9 71.690516366 0.933
10 10 71.690516366 0.933
10 11 71.690516366 0.933
10 12 71.690516366 0.933
10 13 71.690516366 0.933
10 14 71.690516366 0.933
10 15 71.690516366 0.933
10 16 68.562269294 0.4665
10 17 68.562269294 0.4665
10 18 68.562269294 0.4665
10 19 68.562269294 0.4665
10 20 68.562269294 0.4665
10 21 68.562269294 0.4665
10 22 68.562269294 0.4665
10 23 68.562269294 0.4665
10 24 68.562269294 0.4665
10 25 68.562269294 0.4665
10 26 68.562269294 0.4665
10 27 68.562269294 0.4665
10 28 68.562269294 0.4665
10 29 68.562269294 0.4665
10 30 68.562269294 0.4665
10 31 68.562269294 0.4665
10 32 71.44947631400001 1.11
10 33 71.44947631400001 1.11
10 34 71.44947631400001 1.11
10 35 71.44947631400001 1.11
10 36 71.44947631400001 1.11
10 37 71.44947631400001 1.11
10 38 71.44947631400001 1.11
10 39 71.44947631400001 1.11
10 40 71.44947631400001 1.11
10 41 71.44947631400001 1.11
10 42 71.44947631400001 1.11
10 43 71.44947631400001 1.11
10 44 71.44947631400001 1.11
10 45 71.44947631400001 1.11
10 46 71.44947631400001 1.11
10 47 71.44947631400001 1.11
10 48 73.428718262 1.146
10 49 73.428718262 1.146
10 50 73.428718262 1.146
10 51 73.428718262 1.146
10 52 73.428718262 1.146
10 53 73.428718262 1.146
10 54 73.428718262 1.146
10 55 73.428718262 1.146
10 56 73.428718262 1.146
10 57 73.428718262 1.146
10 58 73.428718262 1.146
10 59 73.428718262 1.146
10 60 73.428718262 1.146
10 61 73.428718262 1.146
10 62 73.428718262 1.146
10 63 73.428718262 1.146
10 64 81.16545533 0.8775
10 65 81.16545533 0.8775
10 66 81.16545533 0.8775
10 67 81.16545533 0.8775
10 68 81.16545533 0.8775
10 69 81.16545533 0.8775
10 70 81.16545533 0.8775
10 71 81.16545533 0.8775
10 72 81.16545533 0.8775
10 73 81.16545533 0.8775
10 74 81.16545533 0.8775
10 75 81.16545533 0.8775
10 76 81.16545533 0.8775
10 77 81.16545533 0.8775
10 78 81.16545533 0.8775
10 79 81.16545533 0.8775
10 80 75.310401614 0.8745
10 81 75.310401614 0.8745
10 82 75.310401614 0.8745
10 83 75.310401614 0.8745
10 84 75.310401614 0.8745
10 85 75.310401614 0.8745
10 86 75.310401614 0.8745
10 87 75.310401614 0.8745
10 88 75.310401614 0.8745
10 89 75.310401614 0.8745
10 90 75.310401614 0.8745
10 91 75.310401614 0.8745
10 92 75.310401614 0.8745
10 93 75.310401614 0.8745
10 94 75.310401614 0.8745
10 95 75.310401614 0.8745
10 96 64.98281372 0.0825
10 97 64.98281372 0.0825
10 98 64.98281372 0.0825
10 99 64.98281372 0.0825
10 100 64.98281372 0.0825
10 101 64.98281372 0.0825
10 102 64.98281372 0.0825
10 103 64.98281372 0.0825
10 104 64.98281372 0.0825
10 105 64.98281372 0.0825
10 106 64.98281372 0.0825
10 107 64.98281372 0.0825
10 108 64.98281372 0.0825
10 109 64.98281372 0.0825
10 110 64.98281372 0.0825
10 111 64.98281372 0.0825
10 112 90.105854486 1.0575
10 113 90.105854486 1.0575
10 114 90.105854486 1.0575
10 115 90.105854486 1.0575
10 116 90.105854486 1.0575
10 117 90.105854486 1.0575
10 118 90.105854486 1.0575
10 119 90.105854486 1.0575
10 120 90.105854486 1.0575
10 121 90.105854486 1.0575
10 122 90.105854486 1.0575
10 123 90.105854486 1.0575
10 124 90.105854486 1.0575
10 125 90.105854486 1.0575
10 126 90.105854486 1.0575
10 127 90.105854486 1.0575
11 0 72.619025882 1.242
11 1 72.619025882 1.242
11 2 72.619025882 1.242
11 3 72.619025882 1.242
11 4 72.619025882 1.242
11 5 72.619025882 1.242
11 6 72.619025882 1.242
11 7 72.619025882 1.242
11 8 72.619025882 1.242
11 9 72.619025882 1.242
11 10 72.619025882 1.242
11 11 72.619025882 1.242
11 12 72.619025882 1.242
11 13 72.619025882 1.242
11 14 72.619025882 1.242
11 15 72.619025882 1.242
11 16 69.339936524 0.5115
11 17 69.339936524 0.5115
11 18 69.339936524 0.5115
11 19 69.339936524 0.5115
11 20 69.339936524 0.5115
11 21 69.339936524 0.5115
11 22 69.339936524 0.5115
11 23 69.339936524 0.5115
11 24 69.339936524 0.5115
11 25 69.339936524 0.5115
11 26 69.339936524 0.5115
11 27 69.339936524 0.5115
11 28 69.339936524 0.5115
11 29 69.339936524 0.5115
11 30 69.339936524 0.5115
11 31 69.339936524 0.5115
11 32 73.416193844 1.2375
11 33 73.416193844 1.2375
11 34 73.416193844 1.2375
11 35 73.416193844 1.2375
11 36 73.416193844 1.2375
11 37 73.416193844 1.2375
11 38 73.416193844 1.2375
11 39 73.416193844 1.2375
11 40 73.416193844 1.2375
11 41 73.416193844 1.2375
11 42 73.416193844 1.2375
11 43 73.416193844 1.2375
11 44 73.416193844 1.2375
11 45 73.416193844 1.2375
11 46 73.416193844 1.2375
11 47 73.416193844 1.2375
11 48 75.681190184 0.9195
11 49 75.681190184 0.9195
11 50 75.681190184 0.9195
11 51 75.681190184 0.9195
11 52 75.681190184 0.9195
11 53 75.681190184 0.9195
11 54 75.681190184 0.9195
11 55 75.681190184 0.9195
11 56 75.681190184 0.9195
11 57 75.681190184 0.9195
11 58 75.681190184 0.9195
11 59 75.681190184 0.9195
11 60 75.681190184 0.9195
11 61 75.681190184 0.9195
11 62 75.681190184 0.9195
11 63 75.681190184 0.9195
11 64 82.48249634 0.8625
11 65 82.48249634 0.8625
11 66 82.48249634 0.8625
11 67 82.48249634 0.8625
11 68 82.48249634 0.8625
11 69 82.48249634 0.8625
11 70 82.48249634 0.8625
11 71 82.48249634 0.8625
11 72 82.48249634 0.8625
11 73 82.48249634 0.8625
11 74 82.48249634 0.8625
11 75 82.48249634 0.8625
11 76 82.48249634 0.8625
11 77 82.48249634 0.8625
11 78 82.48249634 0.8625
11 79 82.48249634 0.8625
11 80 75.722224118 0.9314999999999999
11 81 75.722224118 0.9314999999999999
11 82 75.722224118 0.9314999999999999
11 83 75.722224118 0.9314999999999999
11 84 75.722224118 0.9314999999999999
11 85 75.722224118 0.9314999999999999
11 86 75.722224118 0.9314999999999999
11 87 75.722224118 0.9314999999999999
11 88 75.722224118 0.9314999999999999
11 89 75.722224118 0.9314999999999999
11 90 75.722224118 0.9314999999999999
11 91 75.722224118 0.9314999999999999
11 92 75.722224118 0.9314999999999999
11 93 75.722224118 0.9314999999999999
11 94 75.722224118 0.9314999999999999
11 95 75.722224118 0.9314999999999999
11 96 65.723676764 0.444
11 97 65.723676764 0.444
11 98 65.723676764 0.444
11 99 65.723676764 0.444
11 100 65.723676764 0.444
11 101 65.723676764 0.444
11 102 65.723676764 0.444
11 103 65.723676764 0.444
11 104 65.723676764 0.444
11 105 65.723676764 0.444
11 106 65.723676764 0.444
11 107 65.723676764 0.444
11 108 65.723676764 0.444
11 109 65.723676764 0.444
11 110 65.723676764 0.444
11 111 65.723676764 0.444
11 112 92.19995850200002 1.191
11 113 92.19995850200002 1.191
11 114 92.19995850200002 1.191
11 115 92.19995850200002 1.191
11 116 92.19995850200002 1.191
11 117 92.19995850200002 1.191
11 118 92.19995850200002 1.191
11 119 92.19995850200002 1.191
11 120 92.19995850200002 1.191
11 121 92.19995850200002 1.191
11 122 92.19995850200002 1.191
11 123 92.19995850200002 1.191
11 124 92.19995850200002 1.191
11 125 92.19995850200002 1.191
11 126 92.19995850200002 1.191
11 127 92.19995850200002 1.191
12 0 74.33789185399999 1.0065
12 1 74.33789185399999 1.0065
12 2 74.33789185399999 1.0065
12 3 74.33789185399999 1.0065
12 4 74.33789185399999 1.0065
12 5 74.33789185399999 1.0065
12 6 74.33789185399999 1.0065
12 7 74.33789185399999 1.0065
12 8 81.912745364 0.5475
12 9 81.912745364 0.5475
12 10 81.912745364 0.5475
12 11 81.912745364 0.5475
12 12 81.912745364 0.5475
12 13 81.912745364 0.5475
12 14 81.912745364 0.5475
12 15 81.912745364 0.5475
12 16 69.994556888 0.7095
12 17 69.994556888 0.7095
12 18 69.994556888 0.7095
12 19 69.994556888 0.7095
12 20 69.994556888 0.7095
12 21 69.994556888 0.7095
12 22 69.994556888 0.7095
12 23 69.994556888 0.7095
12 24 88.135566404 1.239
12 25 88.135566404 1.239
12 26 88.135566404 1.239
12 27 88.135566404 1.239
12 28 88.135566404 1.239
12 29 88.135566404 1.239
12 30 88.135566404 1.239
12 31 88.135566404 1.239
12 32 75.732935792 1.305
12 33 75.732935792 1.305
12 34 75.732935792 1.305
12 35 75.732935792 1.305
12 36 75.732935792 1.305
12 37 75.732935792 1.305
12 38 75.732935792 1.305
12 39 75.732935792 1.305
12 40 78.448701164 1.287
12 41 78.448701164 1.287
12 42 78.448701164 1.287
12 43 78.448701164 1.287
12 44 78.448701164 1.287
12 45 78.448701164 1.287
12 46 78.448701164 1.287
12 47 78.448701164 1.287
12 48 76.380524906 0.7275
12 49 76.380524906 0.7275
12 50 76.380524906 0.7275
12 51 76.380524906 0.7275
12 52 76.380524906 0.7275
12 53 76.380524906 0.7275
12 54 76.380524906 0.7275
12 55 76.380524906 0.7275
12 56 66.651856682 0.354
12 57 66.651856682 0.354
12 58 66.651856682 0.354
12 59 66.651856682 0.354
12 60 66.651856682 0.354
12 61 66.651856682 0.354
12 62 66.651856682 0.354
12 63 66.651856682 0.354
12 64 83.487086186 0.8489999999999999
12 65 83.487086186 0.8489999999999999
12 66 83.487086186 0.8489999999999999
12 67 83.487086186 0.8489999999999999
12 68 83.487086186 0.8489999999999999
12 69 83.487086186 0.8489999999999999
12 70 83.487086186 0.8489999999999999
12 71 83.487086186 0.8489999999999999
12 72 70.685706794 0.5775
12 73 70.685706794 0.5775
12 74 70.685706794 0.5775
12 75 70.685706794 0.5775
12 76 70.685706794 0.5775
12 77 70.685706794 0.5775
12 78 70.685706794 0.5775
12 79 70.685706794 0.5775
12 80 76.613929448 1.0139999999999998
12 81 76.613929448 1.0139999999999998
12 82 76.613929448 1.0139999999999998
12 83 76.613929448 1.0139999999999998
12 84 76.613929448 1.0139999999999998
12 85 76.613929448 1.0139999999999998
12 86 76.613929448 1.0139999999999998
12 87 76.613929448 1.0139999999999998
12 88 70.315906982 1.1295
12 89 70.315906982 1.1295
12 90 70.315906982 1.1295
12 91 70.315906982 1.1295
12 92 70.315906982 1.1295
12 93 70.315906982 1.1295
12 94 70.315906982 1.1295
12 95 70.315906982 1.1295
12 96 65.77201661000001 0.3
12 97 65.77201661000001 0.3
12 98 65.77201661000001 0.3
12 99 65.77201661000001 0.3
12 100 65.77201661000001 0.3
12 101 65.77201661000001 0.3
12 102 65.77201661000001 0.3
12 103 65.77201661000001 0.3
12 104 82.13433960200001 1.335
12 105 82.13433960200001 1.335
12 106 82.13433960200001 1.335
12 107 82.13433960200001 1.335
12 108 82.13433960200001 1.335
12 109 82.13433960200001 1.335
12 110 82.13433960200001 1.335
12 111 82.13433960200001 1.335
12 112 93.635981438 1.2615
12 113 93.635981438 1.2615
12 114 93.635981438 1.2615
12 115 93.635981438 1.2615
12 116 93.635981438 1.2615
12 117 93.635981438 1.2615
12 118 93.635981438 1.2615
12 119 93.635981438 1.2615
12 120 76.92022826600001 0.6839999999999999
12 121 76.92022826600001 0.6839999999999999
12 122 76.92022826600001 0.6839999999999999
12 123 76.92022826600001 0.6839999999999999
12 124 76.92022826600001 0.6839999999999999
12 125 76.92022826600001 0.6839999999999999
12 126 76.92022826600001 0.6839999999999999
12 127 76.92022826600001 0.6839999999999999
13 0 75.761610116 1.086
13 1 75.761610116 1.086
13 2 75.761610116 1.086
13 3 75.761610116 1.086
13 4 75.761610116 1.086
13 5 75.761610116 1.086
13 6 75.761610116 1.086
13 7 75.761610116 1.086
13 8 82.274909666 0.45449999999999996
13 9 82.274909666 0.45449999999999996
13 10 82.274909666 0.45449999999999996
13 11 82.274909666 0.45449999999999996
13 12 82.274909666 0.45449999999999996
13 13 82.274909666 0.45449999999999996
13 14 82.274909666 0.45449999999999996
13 15 82.274909666 0.45449999999999996
13 16 70.28750732 0.3915
13 17 70.28750732 0.3915
13 18 70.28750732 0.3915
13 19 70.28750732 0.3915
13 20 70.28750732 0.3915
13 21 70.28750732 0.3915
13 22 70.28750732 0.3915
13 23 70.28750732 0.3915
13 24 89.047102046 1.2405
13 25 89.047102046 1.2405
13 26 89.047102046 1.2405
13 27 89.047102046 1.2405
13 28 89.047102046 1.2405
13 29 89.047102046 1.2405
13 30 89.047102046 1.2405
13 31 89.047102046 1.2405
13 32 76.96104247400001 1.305
13 33 76.96104247400001 1.305
13 34 76.96104247400001 1.305
13 35 76.96104247400001 1.305
13 36 76.96104247400001 1.305
13 37 76.96104247400001 1.305
13 38 76.96104247400001 1.305
13 39 76.96104247400001 1.305
13 40 82.183668206 1.2915
13 41 82.183668206 1.2915
13 42 82.183668206 1.2915
13 43 82.183668206 1.2915
13 44 82.183668206 1.2915
13 45 82.183668206 1.2915
13 46 82.183668206 1.2915
13 47 82.183668206 1.2915
13 48 75.378187256 0.615
13 49 75.378187256 0.615
13 50 75.378187256 0.615
13 51 75.378187256 0.615
13 52 75.378187256 0.615
13 53 75.378187256 0.615
13 54 75.378187256 0.615
13 55 75.378187256 0.615
13 56 67.134980462 0.786
13 57 67.134980462 0.786
13 58 67.134980462 0.786
13 59 67.134980462 0.786
13 60 67.134980462 0.786
13 61 67.134980462 0.786
13 62 67.134980462 0.786
13 63 67.134980462 0.786
13 64 83.773005368 0.717
13 65 83.773005368 0.717
13 66 83.773005368 0.717
13 67 83.773005368 0.717
13 68 83.773005368 0.717
13 69 83.773005368 0.717
13 70 83.773005368 0.717
13 71 83.773005368 0.717
13 72 70.09282959800001 0.18599999999999997
13 73 70.09282959800001 0.18599999999999997
13 74 70.09282959800001 0.18599999999999997
13 75 70.09282959800001 0.18599999999999997
13 76 70.09282959800001 0.18599999999999997
13 77 70.09282959800001 0.18599999999999997
13 78 70.09282959800001 0.18599999999999997
13 79 70.09282959800001 0.18599999999999997
13 80 78.466608878 0.8339999999999999
13 81 78.466608878 0.8339999999999999
13 82 78.466608878 0.8339999999999999
13 83 78.466608878 0.8339999999999999
13 84 78.466608878 0.8339999999999999
13 85 78.466608878 0.8339999999999999
13 86 78.466608878 0.8339999999999999
13 87 78.466608878 0.8339999999999999
13 88 71.02172363 1.2015
13 89 71.02172363 1.2015
13 90 71.02172363 1.2015
13 91 71.02172363 1.2015
13 92 71.02172363 1.2015
13 93 71.02172363 1.2015
13 94 71.02172363 1.2015
13 95 71.02172363 1.2015
13 96 65.54734619 0.5535
13 97 65.54734619 0.5535
13 98 65.54734619 0.5535
13 99 65.54734619 0.5535
13 100 65.54734619 0.5535
13 101 65.54734619 0.5535
13 102 65.54734619 0.5535
13 103 65.54734619 0.5535
13 104 82.59203003 1.3365
13 105 82.59203003 1.3365
13 106 82.59203003 1.3365
13 107 82.59203003 1.3365
13 108 82.59203003 1.3365
13 109 82.59203003 1.3365
13 110 82.59203003 1.3365
13 111 82.59203003 1.3365
13 112 94.479786374 1.008
13 113 94.479786374 1.008
13 114 94.479786374 1.008
13 115 94.479786374 1.008
13 116 94.479786374 1.008
13 117 94.479786374 1.008
13 118 94.479786374 1.008
13 119 94.479786374 1.008
13 120 77.71404540200001 0.888
13 121 77.71404540200001 0.888
13 122 77.71404540200001 0.888
13 123 77.71404540200001 0.888
13 124 77.71404540200001 0.888
13 125 77.71404540200001 0.888
13 126 77.71404540200001 0.888
13 127 77.71404540200001 0.888
14 0 75.89619262400001 1.1235
14 1 75.89619262400001 1.1235
14 2 75.89619262400001 1.1235
14 3 75.89619262400001 1.1235
14 4 75.89619262400001 1.1235
14 5 75.89619262400001 1.1235
14 6 75.89619262400001 1.1235
14 7 75.89619262400001 1.1235
14 8 82.710737312 0.981
14 9 82.710737312 0.981
14 10 82.710737312 0.981
14 11 82.710737312 0.981
14 12 82.710737312 0.981
14 13 82.710737312 0.981
14 14 82.710737312 0.981
14 15 82.710737312 0.981
14 16 69.843824456 0.7139999999999999
14 17 69.843824456 0.7139999999999999
14 18 69.843824456 0.7139999999999999
14 19 69.843824456 0.7139999999999999
14 20 69.843824456 0.7139999999999999
14 21 69.843824456 0.7139999999999999
14 22 69.843824456 0.7139999999999999
14 23 69.843824456 0.7139999999999999
14 24 89.009803472 1.176
14 25 89.009803472 1.176
14 26 89.009803472 1.176
14 27 89.009803472 1.176
14 28 89.009803472 1.176
14 29 89.009803472 1.176
14 30 89.009803472 1.176
14 31 89.009803472 1.176
14 32 76.850135492 1.2375
14 33 76.850135492 1.2375
14 34 76.850135492 1.2375
14 35 76.850135492 1.2375
14 36 76.850135492 1.2375
14 37 76.850135492 1.2375
14 38 76.850135492 1.2375
14 39 76.850135492 1.2375
14 40 84.60950439199999 1.2285
14 41 84.60950439199999 1.2285
14 42 84.60950439199999 1.2285
14 43 84.60950439199999 1.2285
14 44 84.60950439199999 1.2285
14 45 84.60950439199999 1.2285
14 46 84.60950439199999 1.2285
14 47 84.60950439199999 1.2285
14 48 73.431959234 0.8864999999999998
14 49 73.431959234 0.8864999999999998
14 50 73.431959234 0.8864999999999998
14 51 73.431959234 0.8864999999999998
14 52 73.431959234 0.8864999999999998
14 53 73.431959234 0.8864999999999998
14 54 73.431959234 0.8864999999999998
14 55 73.431959234 0.8864999999999998
14 56 66.75578735 0.7635
14 57 66.75578735 0.7635
14 58 66.75578735 0.7635
14 59 66.75578735 0.7635
14 60 66.75578735 0.7635
14 61 66.75578735 0.7635
14 62 66.75578735 0.7635
14 63 66.75578735 0.7635
14 64 82.70963866400001 0.5325
14 65 82.70963866400001 0.5325
14 66 82.70963866400001 0.5325
14 67 82.70963866400001 0.5325
14 68 82.70963866400001 0.5325
14 69 82.70963866400001 0.5325
14 70 82.70963866400001 0.5325
14 71 82.70963866400001 0.5325
14 72 69.449964602 1.044
14 73 69.449964602 1.044
14 74 69.449964602 1.044
14 75 69.449964602 1.044
14 76 69.449964602 1.044
14 77 69.449964602 1.044
14 78 69.449964602 1.044
14 79 69.449964602 1.044
14 80 80.161304936 0.9464999999999999
14 81 80.161304936 0.9464999999999999
14 82 80.161304936 0.9464999999999999
14 83 80.161304936 0.9464999999999999
14 84 80.161304936 0.9464999999999999
14 85 80.161304936 0.9464999999999999
14 86 80.161304936 0.9464999999999999
14 87 80.161304936 0.9464999999999999
14 88 71.058802496 1.089
14 89 71.058802496 1.089
14 90 71.058802496 1.089
14 91 71.058802496 1.089
14 92 71.058802496 1.089
14 93 71.058802496 1.089
14 94 71.058802496 1.089
14 95 71.058802496 1.089
14 96 65.113056644 0.675
14 97 65.113056644 0.675
14 98 65.113056644 0.675
14 99 65.113056644 0.675
14 100 65.113056644 0.675
14 101 65.113056644 0.675
14 102 65.113056644 0.675
14 103 65.113056644 0.675
14 104 82.43108033 1.2705
14 105 82.43108033 1.2705
14 106 82.43108033 1.2705
14 107 82.43108033 1.2705
14 108 82.43108033 1.2705
14 109 82.43108033 1.2705
14 110 82.43108033 1.2705
14 111 82.43108033 1.2705
14 112 94.46281250000001 0.7755
14 113 94.46281250000001 0.7755
14 114 94.46281250000001 0.7755
14 115 94.46281250000001 0.7755
14 116 94.46281250000001 0.7755
14 117 94.46281250000001 0.7755
14 118 94.46281250000001 0.7755
14 119 94.46281250000001 0.7755
14 120 77.745026858 0.891
14 121 77.745026858 0.891
14 122 77.745026858 0.891
14 123 77.745026858 0.891
14 124 77.745026858 0.891
14 125 77.745026858 0.891
14 126 77.745026858 0.891
14 127 77.745026858 0.891
15 0 75.391700432 1.0995
15 1 75.391700432 1.0995
15 2 75.391700432 1.0995
15 3 75.391700432 1.0995
15 4 86.78238036799999 1.122
15 5 86.78238036799999 1.122
15 6 86.78238036799999 1.122
15 7 86.78238036799999 1.122
15 8 82.405207526 1.095
15 9 82.405207526 1.095
15 10 82.405207526 1.095
15 11 82.405207526 1.095
15 12 83.492579354 1.083
15 13 83.492579354 1.083
15 14 83.492579354 1.083
15 15 83.492579354 1.083
15 16 68.74579589000001 0.42449999999999993
15 17 68.74579589000001 0.42449999999999993
15 18 68.74579589000001 0.42449999999999993
15 19 68.74579589000001 0.42449999999999993
15 20 90.158369144 1.071
15 21 90.158369144 1.071
15 22 90.158369144 1.071
15 23 90.158369144 1.071
15 24 88.273609628 1.0485
15 25 88.273609628 1.0485
15 26 88.273609628 1.0485
15 27 88.273609628 1.0485
15 28 80.200361336 1.0815
15 29 80.200361336 1.0815
15 30 80.200361336 1.0815
15 31 80.200361336 1.0815
15 32 76.26967286000001 0.8295
15 33 76.26967286000001 0.8295
15 34 76.26967286000001 0.8295
15 35 76.26967286000001 0.8295
15 36 81.119093018 1.1355
15 37 81.119093018 1.1355
15 38 81.119093018 1.1355
15 39 81.119093018 1.1355
15 40 85.51735962800001 1.0995
15 41 85.51735962800001 1.0995
15 42 85.51735962800001 1.0995
15 43 85.51735962800001 1.0995
15 44 82.10637939200001 1.053
15 45 82.10637939200001 1.053
15 46 82.10637939200001 1.053
15 47 82.10637939200001 1.053
15 48 71.342689208 0.837
15 49 71.342689208 0.837
15 50 71.342689208 0.837
15 51 71.342689208 0.837
15 52 73.395978998 0.588
15 53 73.395978998 0.588
15 54 73.395978998 0.588
15 55 73.395978998 0.588
15 56 65.77080810800001 0.8985
15 57 65.77080810800001 0.8985
15 58 65.77080810800001 0.8985
15 59 65.77080810800001 0.8985
15 60 77.71327637 0.7589999999999999
15 61 77.71327637 0.7589999999999999
15 62 77.71327637 0.7589999999999999
15 63 77.71327637 0.7589999999999999
15 64 81.003791498 0.846
15 65 81.003791498 0.846
15 66 81.003791498 0.846
15 67 81.003791498 0.846
15 68 65.818543694 0.456
15 69 65.818543694 0.456
15 70 65.818543694 0.456
15 71 65.818543694 0.456
15 72 68.996668694 0.873
15 73 68.996668694 0.873
15 74 68.996668694 0.873
15 75 68.996668694 0.873
15 76 84.427076408 1.0785
15 77 84.427076408 1.0785
15 78 84.427076408 1.0785
15 79 84.427076408 1.0785
15 80 80.07632567600001 1.08
15 81 80.07632567600001 1.08
15 82 80.07632567600001 1.08
15 83 80.07632567600001 1.08
15 84 71.217939452 0.8535
15 85 71.217939452 0.8535
15 86 71.217939452 0.8535
15 87 71.217939452 0.8535
15 88 70.341944576 1.0095
15 89 70.341944576 1.0095
15 90 70.341944576 1.0095
15 91 70.341944576 1.0095
15 92 70.330848386 0.6345
15 93 70.330848386 0.6345
15 94 70.330848386 0.6345
15 95 70.330848386 0.6345
15 96 64.44920777 0.44699999999999995
15 97 64.44920777 0.44699999999999995
15 98 64.44920777 0.44699999999999995
15 99 64.44920777 0.44699999999999995
15 100 83.342615972 1.08
15 101 83.342615972 1.08
15 102 83.342615972 1.08
15 103 83.342615972 1.08
15 104 81.62094848000001 0.8745
15 105 81.62094848000001 0.8745
15 106 81.62094848000001 0.8745
15 107 81.62094848000001 0.8745
15 108 87.330762932 1.008
15 109 87.330762932 1.008
15 110 87.330762932 1.008
15 111 87.330762932 1.008
15 112 93.56539429399999 0.6075
15 113 93.56539429399999 0.6075
15 114 93.56539429399999 0.6075
15 115 93.56539429399999 0.6075
15 116 80.61141479 1.095
15 117 80.61141479 1.095
15 118 80.61141479 1.095
15 119 80.61141479 1.095
15 120 77.467622072 0.9539999999999998
15 121 77.467622072 0.9539999999999998
15 122 77.467622072 0.9539999999999998
15 123 77.467622072 0.9539999999999998
15 124 76.71489380599999 0.6525
15 125 76.71489380599999 0.6525
15 126 76.71489380599999 0.6525
15 127 76.71489380599999 0.6525
16 0 74.68066527799999 0.918
16 1 74.68066527799999 0.918
16 2 74.68066527799999 0.918
16 3 74.68066527799999 0.918
16 4 85.67968262 0.9405
16 5 85.67968262 0.9405
16 6 85.67968262 0.9405
16 7 85.67968262 0.9405
16 8 81.98657348 0.7485
16 9 81.98657348 0.7485
16 10 81.98657348 0.7485
16 11 81.98657348 0.7485
16 12 79.206922616 0.9
16 13 79.206922616 0.9
16 14 79.206922616 0.9
16 15 79.206922616 0.9
16 16 67.30719116 0.663
16 17 67.30719116 0.663
16 18 67.30719116 0.663
16 19 67.30719116 0.663
16 20 89.19437378 0.888
16 21 89.19437378 0.888
16 22 89.19437378 0.888
16 23 89.19437378 0.888
16 24 86.91899536400001 0.867
16 25 86.91899536400001 0.867
16 26 86.91899536400001 0.867
16 27 86.91899536400001 0.867
16 28 79.508717042 0.561
16 29 79.508717042 0.561
16 30 79.508717042 0.561
16 31 79.508717042 0.561
16 32 74.928956306 0.8564999999999999
16 33 74.928956306 0.8564999999999999
16 34 74.928956306 0.8564999999999999
16 35 74.928956306 0.8564999999999999
16 36 80.447169182 0.9539999999999998
16 37 80.447169182 0.9539999999999998
16 38 80.447169182 0.9539999999999998
16 39 80.447169182 0.9539999999999998
16 40 84.863013908 0.9164999999999999
16 41 84.863013908 0.9164999999999999
16 42 84.863013908 0.9164999999999999
16 43 84.863013908 0.9164999999999999
16 44 81.06839112200001 0.87
16 45 81.06839112200001 0.87
16 46 81.06839112200001 0.87
16 47 81.06839112200001 0.87
16 48 69.484461674 0.585
16 49 69.484461674 0.585
16 50 69.484461674 0.585
16 51 69.484461674 0.585
16 52 72.963337406 0.6735
16 53 72.963337406 0.6735
16 54 72.963337406 0.6735
16 55 72.963337406 0.6735
16 56 64.889155274 0.438
16 57 64.889155274 0.438
16 58 64.889155274 0.438
16 59 64.889155274 0.438
16 60 76.377888176 0.9285
16 61 76.377888176 0.9285
16 62 76.377888176 0.9285
16 63 76.377888176 0.9285
16 64 79.425550544 0.6989999999999998
16 65 79.425550544 0.6989999999999998
16 66 79.425550544 0.6989999999999998
16 67 79.425550544 0.6989999999999998
16 68 65.310865484 0.228
16 69 65.310865484 0.228
16 70 65.310865484 0.228
16 71 65.310865484 0.228
16 72 68.46877563800001 0.8895
16 73 68.46877563800001 0.8895
16 74 68.46877563800001 0.8895
16 75 68.46877563800001 0.8895
16 76 83.542567136 0.8955
16 77 83.542567136 0.8955
16 78 83.542567136 0.8955
16 79 83.542567136 0.8955
16 80 79.0503125 0.7905
16 81 79.0503125 0.7905
16 82 79.0503125 0.7905
16 83 79.0503125 0.7905
16 84 70.716633296 0.927
16 85 70.716633296 0.927
16 86 70.716633296 0.927
16 87 70.716633296 0.927
16 88 68.96156737999999 0.867
16 89 68.96156737999999 0.867
16 90 68.96156737999999 0.867
16 91 68.96156737999999 0.867
16 92 70.517121584 0.642
16 93 70.517121584 0.642
16 94 70.517121584 0.642
16 95 70.517121584 0.642
16 96 63.554755856 0.312
16 97 63.554755856 0.312
16 98 63.554755856 0.312
16 99 63.554755856 0.312
16 100 81.674726558 0.8955
16 101 81.674726558 0.8955
16 102 81.674726558 0.8955
16 103 81.674726558 0.8955
16 104 80.278529054 0.807
16 105 80.278529054 0.807
16 106 80.278529054 0.807
16 107 80.278529054 0.807
16 108 85.134156494 0.7035
16 109 85.134156494 0.7035
16 110 85.134156494 0.7035
16 111 85.134156494 0.7035
16 112 91.906019294 0.2895
16 113 91.906019294 0.2895
16 114 91.906019294 0.2895
16 115 91.906019294 0.2895
16 116 79.754151614 0.912
16 117 79.754151614 0.912
16 118 79.754151614 0.912
16 119 79.754151614 0.912
16 120 76.933961186 0.7305
16 121 76.933961186 0.7305
16 122 76.933961186 0.7305
16 123 76.933961186 0.7305
16 124 75.931458746 0.8655
16 125 75.931458746 0.8655
16 126 75.931458746 0.8655
16 127 75.931458746 0.8655
17 0 73.59296387 0.5069999999999999
17 1 73.59296387 0.5069999999999999
17 2 73.59296387 0.5069999999999999
17 3 73.59296387 0.5069999999999999
17 4 83.968397222 0.7214999999999999
17 5 83.968397222 0.7214999999999999
17 6 83.968397222 0.7214999999999999
17 7 83.968397222 0.7214999999999999
17 8 81.481312256 0.5745
17 9 81.481312256 0.5745
17 10 81.481312256 0.5745
17 11 81.481312256 0.5745
17 12 76.87848021799999 0.612
17 13 76.87848021799999 0.612
17 14 76.87848021799999 0.612
17 15 76.87848021799999 0.612
17 16 65.717304692 0.225
17 17 65.717304692 0.225
17 18 65.717304692 0.225
17 19 65.717304692 0.225
17 20 87.35938232000001 0.6675
17 21 87.35938232000001 0.6675
17 22 87.35938232000001 0.6675
17 23 87.35938232000001 0.6675
17 24 84.97655762 0.6464999999999999
17 25 84.97655762 0.6464999999999999
17 26 84.97655762 0.6464999999999999
17 27 84.97655762 0.6464999999999999
17 28 78.101368412 0.5865
17 29 78.101368412 0.5865
17 30 78.101368412 0.5865
17 31 78.101368412 0.5865
17 32 73.27271240600001 0.5715
17 33 73.27271240600001 0.5715
17 34 73.27271240600001 0.5715
17 35 73.27271240600001 0.5715
17 36 79.218018806 0.7364999999999999
17 37 79.218018806 0.7364999999999999
17 38 79.218018806 0.7364999999999999
17 39 79.218018806 0.7364999999999999
17 40 83.456983634 0.6989999999999998
17 41 83.456983634 0.6989999999999998
17 42 83.456983634 0.6989999999999998
17 43 83.456983634 0.6989999999999998
17 44 79.492072748 0.6525
17 45 79.492072748 0.6525
17 46 79.492072748 0.6525
17 47 79.492072748 0.6525
17 48 67.77872436199999 0.366
17 49 67.77872436199999 0.366
17 50 67.77872436199999 0.366
17 51 67.77872436199999 0.366
17 52 72.170124512 0.7064999999999999
17 53 72.170124512 0.7064999999999999
17 54 72.170124512 0.7064999999999999
17 55 72.170124512 0.7064999999999999
17 56 63.355848386 0.3525
17 57 63.355848386 0.3525
17 58 63.355848386 0.3525
17 59 63.355848386 0.3525
17 60 74.703022466 0.36
17 61 74.703022466 0.36
17 62 74.703022466 0.36
17 63 74.703022466 0.36
17 64 77.911689452 0.33449999999999996
17 65 77.911689452 0.33449999999999996
17 66 77.911689452 0.33449999999999996
17 67 77.911689452 0.33449999999999996
17 68 64.46381957599999 0.6105
17 69 64.46381957599999 0.6105
17 70 64.46381957599999 0.6105
17 71 64.46381957599999 0.6105
17 72 67.63485839 0.63
17 73 67.63485839 0.63
17 74 67.63485839 0.63
17 75 67.63485839 0.63
17 76 81.97503783799999 0.6764999999999999
17 77 81.97503783799999 0.6764999999999999
17 78 81.97503783799999 0.6764999999999999
17 79 81.97503783799999 0.6764999999999999
17 80 77.69344604 0.648
17 81 77.69344604 0.648
17 82 77.69344604 0.648
17 83 77.69344604 0.648
17 84 69.488966066 0.705
17 85 69.488966066 0.705
17 86 69.488966066 0.705
17 87 69.488966066 0.705
17 88 67.123939208 0.465
17 89 67.123939208 0.465
17 90 67.123939208 0.465
17 91 67.123939208 0.465
17 92 70.208460698 0.3375
17 93 70.208460698 0.3375
17 94 70.208460698 0.3375
17 95 70.208460698 0.3375
17 96 62.677991948 0.1815
17 97 62.677991948 0.1815
17 98 62.677991948 0.1815
17 99 62.677991948 0.1815
17 100 79.21582152799999 0.672
17 101 79.21582152799999 0.672
17 102 79.21582152799999 0.672
17 103 79.21582152799999 0.672
17 104 78.50517089 0.7364999999999999
17 105 78.50517089 0.7364999999999999
17 106 78.50517089 0.7364999999999999
17 107 78.50517089 0.7364999999999999
17 108 82.998304448 0.37949999999999995
17 109 82.998304448 0.37949999999999995
17 110 82.998304448 0.37949999999999995
17 111 82.998304448 0.37949999999999995
17 112 89.00041015400001 0.42
17 113 89.00041015400001 0.42
17 114 89.00041015400001 0.42
17 115 89.00041015400001 0.42
17 116 78.503303228 0.6914999999999999
17 117 78.503303228 0.6914999999999999
17 118 78.503303228 0.6914999999999999
17 119 78.503303228 0.6914999999999999
17 120 75.71920287200001 0.5145
17 121 75.71920287200001 0.5145
17 122 75.71920287200001 0.5145
17 123 75.71920287200001 0.5145
17 124 74.984876708 0.687
17 125 74.984876708 0.687
17 126 74.984876708 0.687
17 127 74.984876708 0.687
18 0 72.120686036 0.354
18 1 72.120686036 0.354
18 2 72.710541986 0.4605
18 3 72.710541986 0.4605
18 4 81.716639396 0.486
18 5 81.716639396 0.486
18 6 71.03331420800001 0.1515
18 7 71.03331420800001 0.1515
18 8 79.46251953800001 0.2955
18 9 79.46251953800001 0.2955
18 10 63.332722165999996 0.37199999999999994
18 11 63.332722165999996 0.37199999999999994
18 12 75.001960454 0.453
18 13 75.001960454 0.453
18 14 69.372291254 0.411
18 15 69.372291254 0.411
18 16 64.038099362 0.375
18 17 64.038099362 0.375
18 18 81.40232055199999 0.336
18 19 81.40232055199999 0.336
18 20 83.949665522 0.429
18 21 83.949665522 0.429
18 22 71.092091066 0.5069999999999999
18 23 71.092091066 0.5069999999999999
18 24 82.25689209800001 0.411
18 25 82.25689209800001 0.411
18 26 67.175574944 0.2205
18 27 67.175574944 0.2205
18 28 75.843732902 0.4365
18 29 75.843732902 0.4365
18 30 70.635059816 0.4755
18 31 70.635059816 0.4755
18 32 71.755445552 0.465
18 33 71.755445552 0.465
18 34 66.62082030799999 0.1365
18 35 66.62082030799999 0.1365
18 36 77.34281738 0.474
18 37 77.34281738 0.474
18 38 85.934565428 0.315
18 39 85.934565428 0.315
18 40 81.588648686 0.4665
18 41 81.588648686 0.4665
18 42 67.14843872 0.3465
18 43 67.14843872 0.3465
18 44 77.13347289800001 0.42
18 45 77.13347289800001 0.42
18 46 64.345441892 0.3165
18 47 64.345441892 0.3165
18 48 66.062769782 0.3255
18 49 66.062769782 0.3255
18 50 84.907673348 0.40199999999999997
18 51 84.907673348 0.40199999999999997
18 52 70.635059816 0.4755
18 53 70.635059816 0.4755
18 54 69.912543938 0.36
18 55 69.912543938 0.36
18 56 60.78922241 0.3525
18 57 60.78922241 0.3525
18 58 74.134809572 0.2325
18 59 74.134809572 0.2325
18 60 72.35282714 0.3525
18 61 72.35282714 0.3525
18 62 76.70138061200001 0.219
18 63 76.70138061200001 0.219
18 64 76.159754636 0.2745
18 65 76.159754636 0.2745
18 66 78.063465578 0.49199999999999994
18 67 78.063465578 0.49199999999999994
18 68 62.994837649999994 0.411
18 69 62.994837649999994 0.411
18 70 71.092091066 0.5069999999999999
18 71 71.092091066 0.5069999999999999
18 72 66.58407104 0.345
18 73 66.58407104 0.345
18 74 79.984260248 0.468
18 75 79.984260248 0.468
18 76 79.504102778 0.4425
18 77 79.504102778 0.4425
18 78 73.370655518 0.3045
18 79 73.370655518 0.3045
18 80 75.907728266 0.345
18 81 75.907728266 0.345
18 82 66.7378247 0.312
18 83 66.7378247 0.312
18 84 67.505823968 0.465
18 85 67.505823968 0.465
18 86 63.366834722 0.33
18 87 63.366834722 0.33
18 88 65.134095458 0.378
18 89 65.134095458 0.378
18 90 69.98900878399999 0.3465
18 91 69.98900878399999 0.3465
18 92 68.953162838 0.363
18 93 68.953162838 0.363
18 94 88.468946528 0.4065
18 95 88.468946528 0.4065
18 96 61.74327515 0.17099999999999999
18 97 61.74327515 0.17099999999999999
18 98 78.03951537200001 0.0555
18 99 78.03951537200001 0.0555
18 100 76.105811768 0.4335
18 101 76.105811768 0.4335
18 102 76.006605218 0.48
18 103 76.006605218 0.48
18 104 76.22814453800001 0.49949999999999994
18 105 76.22814453800001 0.49949999999999994
18 106 63.02334716599999 0.06149999999999999
18 107 63.02334716599999 0.06149999999999999
18 108 80.956660154 0.19349999999999998
18 109 80.956660154 0.19349999999999998
18 110 69.98900878399999 0.3465
18 111 69.98900878399999 0.3465
18 112 84.32484862999999 0.36449999999999994
18 113 84.32484862999999 0.36449999999999994
18 114 68.978815916 0.4335
18 115 68.978815916 0.4335
18 116 76.514777834 0.456
18 117 76.514777834 0.456
18 118 67.748786618 0.426
18 119 67.748786618 0.426
18 120 73.729029542 0.4005
18 121 73.729029542 0.4005
18 122 83.917530518 0.483
18 123 83.917530518 0.483
18 124 73.238160398 0.453
18 125 73.238160398 0.453
18 126 67.47374389999999 0.20849999999999996
18 127 67.47374389999999 0.20849999999999996
19 0 70.274268806 0.168
19 1 70.274268806 0.168
19 2 69.866456306 0.17099999999999999
19 3 69.866456306 0.17099999999999999
19 4 78.14075439199999 0.2595
19 5 78.14075439199999 0.2595
19 6 69.740278322 0.0825
19 7 69.740278322 0.0825
19 8 75.880921622 0.1815
19 9 75.880921622 0.1815
19 10 62.245185547999995 0.19349999999999998
19 11 62.245185547999995 0.19349999999999998
19 12 72.371613776 0.23099999999999998
19 13 72.371613776 0.23099999999999998
19 14 66.558857414 0.258
19 15 66.558857414 0.258
19 16 62.196076652 0.174
19 17 62.196076652 0.174
19 18 77.562434084 0.012
19 19 77.562434084 0.012
19 20 79.962781982 0.147
19 21 79.962781982 0.147
19 22 67.95653808200001 0.276
19 23 67.95653808200001 0.276
19 24 78.755274662 0.1875
19 25 78.755274662 0.1875
19 26 64.62833984599999 0.18
19 27 64.62833984599999 0.18
19 28 73.154279786 0.20849999999999996
19 29 73.154279786 0.20849999999999996
19 30 68.412635492 0.255
19 31 68.412635492 0.255
19 32 69.84926268800001 0.17849999999999996
19 33 69.84926268800001 0.17849999999999996
19 34 64.88283813800001 0.003
19 35 64.88283813800001 0.003
19 36 73.992701408 0.2625
19 37 73.992701408 0.2625
19 38 82.857899174 0.219
19 39 82.857899174 0.219
19 40 78.70039795400001 0.11549999999999999
19 41 78.70039795400001 0.11549999999999999
19 42 64.86839112199999 0.2355
19 43 64.86839112199999 0.2355
19 44 74.105366216 0.198
19 45 74.105366216 0.198
19 46 61.956190184 0.189
19 47 61.956190184 0.189
19 48 64.328962406 0.213
19 49 64.328962406 0.213
19 50 82.260352778 0.2175
19 51 82.260352778 0.2175
19 52 68.412635492 0.255
19 53 68.412635492 0.255
19 54 69.080494388 0.225
19 55 69.080494388 0.225
19 56 57.780781250000004 0.189
19 57 57.780781250000004 0.189
19 58 72.150404054 0.1965
19 59 72.150404054 0.1965
19 60 68.91141479 0.18599999999999997
19 61 68.91141479 0.18599999999999997
19 62 74.624030762 0.036
19 63 74.624030762 0.036
19 64 73.78473021799999 0.06149999999999999
19 65 73.78473021799999 0.06149999999999999
19 66 75.203944088 0.267
19 67 75.203944088 0.267
19 68 60.658485116 0.159
19 69 60.658485116 0.159
19 70 67.95653808200001 0.276
19 71 67.95653808200001 0.276
19 72 65.243024906 0.1065
19 73 65.243024906 0.1065
19 74 77.426478266 0.24599999999999997
19 75 77.426478266 0.24599999999999997
19 76 76.049726558 0.2205
19 77 76.049726558 0.2205
19 78 71.243647466 0.0375
19 79 71.243647466 0.0375
19 80 73.42718018 0.036
19 81 73.42718018 0.036
19 82 63.942902834 0.1695
19 83 63.942902834 0.1695
19 84 66.07622802200001 0.2325
19 85 66.07622802200001 0.2325
19 86 61.11985595 0.1905
19 87 61.11985595 0.1905
19 88 63.187208258 0.117
19 89 63.187208258 0.117
19 90 66.254920646 0.1605
19 91 66.254920646 0.1605
19 92 66.402576896 0.21
19 93 66.402576896 0.21
19 94 84.75875366 0.1875
19 95 84.75875366 0.1875
19 96 60.549445796 0.18
19 97 60.549445796 0.18
19 98 76.01687744 0.039
19 99 76.01687744 0.039
19 100 72.106678472 0.207
19 101 72.106678472 0.207
19 102 74.19501464000001 0.255
19 103 74.19501464000001 0.255
19 104 73.269141854 0.2685
19 105 73.269141854 0.2685
19 106 61.894666742 0.0975
19 107 61.894666742 0.0975
19 108 78.31983155 0.0435
19 109 78.31983155 0.0435
19 110 66.254920646 0.1605
19 111 66.254920646 0.1605
19 112 78.511982414 0.1725
19 113 78.511982414 0.1725
19 114 66.058649906 0.2055
19 115 66.058649906 0.2055
19 116 73.525397954 0.2295
19 117 73.525397954 0.2295
19 118 64.781269538 0.17099999999999999
19 119 64.781269538 0.17099999999999999
19 120 71.184156494 0.144
19 121 71.184156494 0.144
19 122 80.398774418 0.25349999999999995
19 123 80.398774418 0.25349999999999995
19 124 70.36534545800001 0.2295
19 125 70.36534545800001 0.2295
19 126 65.42858398999999 0.012
19 127 65.42858398999999 0.012
20 0 68.476191404 0.048
20 1 68.476191404 0.048
20 2 67.30669677200001 0.04649999999999999
20 3 67.30669677200001 0.04649999999999999
20 4 74.8175 0.075
20 5 74.8175 0.075
20 6 68.22592286 0.0255
20 7 68.22592286 0.0255
20 8 72.045484628 0.0525
20 9 72.045484628 0.0525
20 10 62.846741948 0.072
20 11 62.846741948 0.072
20 12 69.297529298 0.063
20 13 69.297529298 0.063
20 14 63.674122315999995 0.0765
20 15 63.674122315999995 0.0765
20 16 60.730830086 0.0
20 17 60.730830086 0.0
20 18 74.096741948 0.0
20 19 74.096741948 0.0
20 20 76.859199212 0.0
20 21 76.859199212 0.0
20 22 64.981330574 0.0885
20 23 64.981330574 0.0885
20 24 75.643397222 0.0
20 25 75.643397222 0.0
20 26 62.070283202 0.0495
20 27 62.070283202 0.0495
20 28 71.29770018800001 0.0
20 29 71.29770018800001 0.0
20 30 65.897480462 0.078
20 31 65.897480462 0.078
20 32 68.09600951600001 0.05399999999999999
20 33 68.09600951600001 0.05399999999999999
20 34 63.442530518 0.0
20 35 63.442530518 0.0
20 36 70.38484618999999 0.0885
20 37 70.38484618999999 0.0885
20 38 79.851051032 0.066
20 39 79.851051032 0.066
20 40 75.789295646 0.033
20 41 75.789295646 0.033
20 42 62.118128659999996 0.0765
20 43 62.118128659999996 0.0765
20 44 71.949354242 0.0
20 45 71.949354242 0.0
20 46 59.933552252 0.0525
20 47 59.933552252 0.0525
20 48 62.72358521 0.0675
20 49 62.72358521 0.0675
20 50 79.757117924 0.057
20 51 79.757117924 0.057
20 52 65.897480462 0.078
20 53 65.897480462 0.078
20 54 68.275581062 0.069
20 55 68.275581062 0.069
20 56 55.205805667999996 0.069
20 57 55.205805667999996 0.069
20 58 70.431153566 0.0585
20 59 70.431153566 0.0585
20 60 65.297846678 0.05399999999999999
20 61 65.297846678 0.05399999999999999
20 62 73.350550544 0.0105
20 63 73.350550544 0.0105
20 64 71.36010253399999 0.0195
20 65 71.36010253399999 0.0195
20 66 72.52992676400001 0.084
20 67 72.52992676400001 0.084
20 68 59.032124024 0.0
20 69 59.032124024 0.0
20 70 64.981330574 0.0885
20 71 64.981330574 0.0885
20 72 63.748280030000004 0.0
20 73 63.748280030000004 0.0
20 74 74.55113646800001 0.0705
20 75 74.55113646800001 0.0705
20 76 72.69109619 0.0585
20 77 72.69109619 0.0585
20 78 69.362623292 0.0795
20 79 69.362623292 0.0795
20 80 70.961903078 0.009
20 81 70.961903078 0.009
20 82 61.336616215999996 0.0
20 83 61.336616215999996 0.0
20 84 65.647102046 0.0
20 85 65.647102046 0.0
20 86 59.263770758 0.06149999999999999
20 87 59.263770758 0.06149999999999999
20 88 61.538380124 0.036
20 89 61.538380124 0.036
20 90 63.890388176 0.0
20 91 63.890388176 0.0
20 92 64.085120852 0.0
20 93 64.085120852 0.0
20 94 81.560358878 0.0
20 95 81.560358878 0.0
20 96 59.457130124 0.0525
20 97 59.457130124 0.0525
20 98 74.080866704 0.012
20 99 74.080866704 0.012
20 100 68.290961918 0.0
20 101 68.290961918 0.0
20 102 72.13557250400001 0.0765
20 103 72.13557250400001 0.0765
20 104 70.878461918 0.0825
20 105 70.878461918 0.0825
20 106 60.85629393800001 0.03
20 107 60.85629393800001 0.03
20 108 76.06999634 0.0105
20 109 76.06999634 0.0105
20 110 63.890388176 0.0
20 111 63.890388176 0.0
20 112 73.391968994 0.0
20 113 73.391968994 0.0
20 114 63.554096678 0.0
20 115 63.554096678 0.0
20 116 70.93427246600001 0.0645
20 117 70.93427246600001 0.0645
20 118 62.29401978200001 0.05399999999999999
20 119 62.29401978200001 0.05399999999999999
20 120 68.74552124600001 0.045
20 121 68.74552124600001 0.045
20 122 77.436640634 0.0735
20 123 77.436640634 0.0735
20 124 67.59547241 0.06
20 125 67.59547241 0.06
20 126 62.99401366400001 0.003
20 127 62.99401366400001 0.003
21 0 67.031763908 0.0
21 1 74.14343384 0.0
21 2 65.728950188 0.0
21 3 65.38321045400001 0.0
21 4 73.350660398 0.0
21 5 67.377393806 0.0
21 6 66.984412838 0.0
21 7 71.041773686 0.0
21 8 68.57424438800001 0.0
21 9 71.215961918 0.0
21 10 63.277241216 0.0
21 11 61.868464358 0.0
21 12 66.64916503399999 0.0
21 13 77.540021978 0.0
21 14 61.705811768000004 0.0
21 15 59.685975338000006 0.0
21 16 59.958216554 0.0
21 17 79.000489508 0.0
21 18 70.315961918 0.0
21 19 77.537055668 0.0
21 20 74.49483155 0.0
21 21 60.891175544 0.0
21 22 63.004011224 0.0
21 23 63.897639151999996 0.0
21 24 73.141810304 0.0
21 25 72.516962894 0.0
21 26 60.440516366 0.0
21 27 66.017561036 0.0
21 28 70.167701408 0.0
21 29 67.231110848 0.0
21 30 63.51086548400001 0.0
21 31 58.99812134 0.0
21 32 66.938654786 0.0
21 33 66.64916503399999 0.0
21 34 62.30434692200001 0.0
21 35 82.742707526 0.0
21 36 68.17417725199999 0.0
21 37 67.520655518 0.0
21 38 77.02437866 0.0
21 39 75.57110717 0.0
21 40 73.800989996 0.0
21 41 70.95185058199999 0.0
21 42 59.789631344 0.0
21 43 72.516962894 0.0
21 44 70.978382564 0.0
21 45 49.97417114300001 0.0
21 46 59.18906372 0.0
21 47 55.571156006 0.0
21 48 61.88109863 0.0
21 49 65.613319088 0.0
21 50 77.92130249600001 0.0
21 51 65.953730462 0.0
21 52 63.51086548400001 0.0
21 53 56.711481926000005 0.0
21 54 67.520655518 0.0
21 55 75.744581306 0.0
21 56 53.38608521 0.0
21 57 68.448560792 0.0
21 58 69.23941161799999 0.0
21 59 69.407612312 0.0
21 60 62.774451896 0.0
21 61 60.822071528 0.0
21 62 72.37556884400001 0.0
21 63 61.88109863 0.0
21 64 69.735279542 0.0
21 65 70.499708258 0.0
21 66 71.136365972 0.0
21 67 68.88504761600001 0.0
21 68 59.048109122 0.0
21 69 67.708247072 0.0
21 70 63.004011224 0.0
21 71 65.608485116 0.0
21 72 62.309675299999995 0.0
21 73 59.73437012 0.0
21 74 72.32722899800001 0.0
21 75 70.859620364 0.0
21 76 70.209449456 0.0
21 77 66.2753003 0.0
21 78 68.14336060400001 0.0
21 79 51.686500244 0.0
21 80 69.21529662200001 0.0
21 81 61.424177252 0.0
21 82 59.767438964 0.0
21 83 72.76453979 0.0
21 84 64.495130612 0.0
21 85 58.604591066 0.0
21 86 57.9065747 0.0
21 87 59.087769781999995 0.0
21 88 60.245509028 0.0
21 89 73.647675788 0.0
21 90 62.630695796 0.0
21 91 66.201856682 0.0
21 92 62.81999024 0.0
21 93 61.410828866 0.0
21 94 79.406324456 0.0
21 95 57.344404298 0.0
21 96 58.604591066 0.0
21 97 70.859620364 0.0
21 98 72.481367192 0.0
21 99 58.946210942 0.0
21 100 65.60634277400001 0.0
21 101 66.486127928 0.0
21 102 70.95185058199999 0.0
21 103 62.314124756 0.0
21 104 69.74000366 0.0
21 105 60.356361092 0.0
21 106 60.219306644 0.0
21 107 66.21317261600001 0.0
21 108 74.498566892 0.0
21 109 53.38608521 0.0
21 110 62.630695796 0.0
21 111 66.84543579199999 0.0
21 112 69.905842286 0.0
21 113 62.23952759 0.0
21 114 62.314124756 0.0
21 115 65.783826896 0.0
21 116 69.559827872 0.0
21 117 70.228181156 0.0
21 118 60.651618656 0.0
21 119 67.520655518 0.0
21 120 66.844117436 0.0
21 121 70.315961918 0.0
21 122 75.47085692600001 0.0
21 123 68.57424438800001 0.0
21 124 65.953730462 0.0
21 125 56.932471922000005 0.0
21 126 61.007136224 0.0
21 127 75.744581306 0.0
22 0 65.91862914800001 0.0
22 1 72.457142342 0.0
22 2 64.574342042 0.0
22 3 62.290559084 0.0
22 4 72.161005856 0.0
22 5 66.884107658 0.0
22 6 65.95944335600001 0.0
22 7 70.28789185400001 0.0
22 8 65.467310792 0.0
22 9 69.388770758 0.0
22 10 62.188990484 0.0
22 11 60.279127196000005 0.0
22 12 64.43316771799999 0.0
22 13 76.520271002 0.0
22 14 60.041053472 0.0
22 15 58.344489752 0.0
22 16 59.496021733999996 0.0
22 17 77.756507564 0.0
22 18 66.3659375 0.0
22 19 76.363935548 0.0
22 20 72.666816404 0.0
22 21 59.615992436 0.0
22 22 62.070338138 0.0
22 23 62.464143074 0.0
22 24 70.428681644 0.0
22 25 71.570271002 0.0
22 26 59.228669425999996 0.0
22 27 64.524958502 0.0
22 28 68.748981926 0.0
22 29 66.32858399 0.0
22 30 61.243067624000005 0.0
22 31 57.882679448000005 0.0
22 32 65.842713626 0.0
22 33 64.43316771799999 0.0
22 34 61.305140372 0.0
22 35 81.260212406 0.0
22 36 66.584180912 0.0
22 37 66.887238776 0.0
22 38 74.210450432 0.0
22 39 73.684425056 0.0
22 40 72.53547485 0.0
22 41 70.16253783799999 0.0
22 42 58.04077271 0.0
22 43 71.570271002 0.0
22 44 70.16407592 0.0
22 45 49.1876049812 0.0
22 46 58.875843506 0.0
22 47 54.001759028 0.0
22 48 61.811005856 0.0
22 49 64.63339356200001 0.0
22 50 76.57827881 0.0
22 51 64.65036743600001 0.0
22 52 61.243067624000005 0.0
22 53 55.769733878 0.0
22 54 66.887238776 0.0
22 55 73.765449212 0.0
22 56 52.099256588 0.0
22 57 67.70819213600001 0.0
22 58 68.31831786800001 0.0
22 59 68.208125 0.0
22 60 61.137928472 0.0
22 61 59.515083014 0.0
22 62 70.869617924 0.0
22 63 61.811005856 0.0
22 64 68.547547616 0.0
22 65 68.848847654 0.0
22 66 70.08969848000001 0.0
22 67 67.267695308 0.0
22 68 59.37357911 0.0
22 69 66.247999268 0.0
22 70 62.070338138 0.0
22 71 64.31418579199999 0.0
22 72 61.006202384 0.0
22 73 58.891608878 0.0
22 74 70.68642089 0.0
22 75 67.911658934 0.0
22 76 68.27777832199999 0.0
22 77 65.269117436 0.0
22 78 67.105701896 0.0
22 79 51.094447016000004 0.0
22 80 67.856617436 0.0
22 81 60.17700927200001 0.0
22 82 58.598438720000004 0.0
22 83 70.500422372 0.0
22 84 62.452991948 0.0
22 85 57.61609619 0.0
22 86 56.394196772 0.0
22 87 58.183814696 0.0
22 88 59.088209234000004 0.0
22 89 72.450989996 0.0
22 90 61.739869388 0.0
22 91 65.137556156 0.0
22 92 61.711140128 0.0
22 93 60.383332526000004 0.0
22 94 77.434113776 0.0
22 95 57.960023198 0.0
22 96 57.61609619 0.0
22 97 67.911658934 0.0
22 98 71.081049812 0.0
22 99 58.150031737999996 0.0
22 100 63.44296996999999 0.0
22 101 65.42072875400001 0.0
22 102 70.16253783799999 0.0
22 103 61.38819701600001 0.0
22 104 68.857581794 0.0
22 105 59.593250732 0.0
22 106 59.69954345 0.0
22 107 65.473188476 0.0
22 108 72.955866704 0.0
22 109 52.099256588 0.0
22 110 61.739869388 0.0
22 111 65.668800056 0.0
22 112 67.777241216 0.0
22 113 60.911665033999995 0.0
22 114 61.38819701600001 0.0
22 115 64.602247316 0.0
22 116 68.83593872 0.0
22 117 68.333478998 0.0
22 118 59.005537106000006 0.0
22 119 66.887238776 0.0
22 120 65.165681156 0.0
22 121 66.3659375 0.0
22 122 73.605872804 0.0
22 123 65.467310792 0.0
22 124 64.65036743600001 0.0
22 125 56.207484122 0.0
22 126 59.42296265 0.0
22 127 73.765449212 0.0
23 0 65.12887695200001 0.0
23 1 71.095881344 0.0
23 2 63.506965334 0.0
23 3 59.7878186 0.0
23 4 70.688343506 0.0
23 5 66.092322992 0.0
23 6 65.01835448599999 0.0
23 7 69.726984872 0.0
23 8 62.930842286 0.0
23 9 67.84953125000001 0.0
23 10 60.60608033 0.0
23 11 58.91764649 0.0
23 12 62.617292474 0.0
23 13 75.465528566 0.0
23 14 58.345863044 0.0
23 15 57.033161618 0.0
23 16 59.044978022 0.0
23 17 76.83200805199999 0.0
23 18 63.40265015 0.0
23 19 75.409718018 0.0
23 20 71.216126708 0.0
23 21 58.327900394 0.0
23 22 61.188026126 0.0
23 23 61.075745852000004 0.0
23 24 67.572950432 0.0
23 25 70.639344482 0.0
23 26 58.114710698 0.0
23 27 63.00000122 0.0
23 28 67.007209478 0.0
23 29 65.505598142 0.0
23 30 59.09436158 0.0
23 31 57.059418938 0.0
23 32 64.637238776 0.0
23 33 62.617292474 0.0
23 34 60.46858643 0.0
23 35 79.845393074 0.0
23 36 64.949030762 0.0
23 37 66.132478022 0.0
23 38 71.41031006 0.0
23 39 72.135682376 0.0
23 40 71.766486824 0.0
23 41 69.266767586 0.0
23 42 56.536799324 0.0
23 43 70.639344482 0.0
23 44 69.20875975999999 0.0
23 45 48.6493847654 0.0
23 46 58.632001951999996 0.0
23 47 52.511958014 0.0
23 48 61.80265625 0.0
23 49 63.633363044 0.0
23 50 75.35286377599999 0.0
23 51 63.34046753 0.0
23 52 59.09436158 0.0
23 53 54.934003904 0.0
23 54 66.132478022 0.0
23 55 72.060590822 0.0
23 56 51.137458502 0.0
23 57 66.87125366000001 0.0
23 58 67.45177124599999 0.0
23 59 66.897895514 0.0
23 60 59.80907714 0.0
23 61 58.21095092 0.0
23 62 69.586359872 0.0
23 63 61.80265625 0.0
23 64 67.60838134400001 0.0
23 65 67.25203979 0.0
23 66 68.708167718 0.0
23 67 65.344099118 0.0
23 68 59.374732658 0.0
23 69 65.057301032 0.0
23 70 61.188026126 0.0
23 71 62.659150394 0.0
23 72 59.911689452 0.0
23 73 57.99501464 0.0
23 74 69.293024906 0.0
23 75 64.836146246 0.0
23 76 66.690583502 0.0
23 77 64.24376342 0.0
23 78 66.290900882 0.0
23 79 50.931135248000004 0.0
23 80 66.733210454 0.0
23 81 58.918085942000005 0.0
23 82 57.450147709999996 0.0
23 83 68.453339846 0.0
23 84 60.493690184 0.0
23 85 56.42748536 0.0
23 86 54.953559572 0.0
23 87 57.047883295999995 0.0
23 88 58.011439208 0.0
23 89 71.14828613 0.0
23 90 61.109144294000004 0.0
23 91 64.123463138 0.0
23 92 60.679908446 0.0
23 93 59.355012200000004 0.0
23 94 75.57000854 0.0
23 95 58.48203857 0.0
23 96 56.42748536 0.0
23 97 64.836146246 0.0
23 98 69.625690916 0.0
23 99 57.862739264 0.0
23 100 61.526569820000006 0.0
23 101 64.61312378 0.0
23 102 69.266767586 0.0
23 103 60.51203735 0.0
23 104 67.90764893 0.0
23 105 59.023664546 0.0
23 106 59.137537838 0.0
23 107 65.033790278 0.0
23 108 71.725233146 0.0
23 109 51.137458502 0.0
23 110 61.109144294000004 0.0
23 111 64.523530274 0.0
23 112 66.53743408400001 0.0
23 113 59.75985839 0.0
23 114 60.51203735 0.0
23 115 63.421656494 0.0
23 116 67.73054932400001 0.0
23 117 66.39911621600001 0.0
23 118 57.11374634 0.0
23 119 66.132478022 0.0
23 120 63.507844238000004 0.0
23 121 63.40265015 0.0
23 122 71.921503904 0.0
23 123 62.930842286 0.0
23 124 63.34046753 0.0
23 125 55.241840822 0.0
23 126 57.743812256 0.0
23 127 72.060590822 0.0
