time period scenario temperature renewable energy
0 0 71.922877196 0.0
0 1 71.922877196 0.0
0 2 71.922877196 0.0
0 3 71.922877196 0.0
0 4 71.922877196 0.0
0 5 71.922877196 0.0
0 6 71.922877196 0.0
0 7 71.922877196 0.0
0 8 71.922877196 0.0
0 9 71.922877196 0.0
0 10 71.922877196 0.0
0 11 71.922877196 0.0
0 12 71.922877196 0.0
0 13 71.922877196 0.0
0 14 71.922877196 0.0
0 15 71.922877196 0.0
0 16 71.922877196 0.0
0 17 71.922877196 0.0
0 18 71.922877196 0.0
0 19 71.922877196 0.0
0 20 71.922877196 0.0
0 21 71.922877196 0.0
0 22 71.922877196 0.0
0 23 71.922877196 0.0
0 24 71.922877196 0.0
0 25 71.922877196 0.0
0 26 71.922877196 0.0
0 27 71.922877196 0.0
0 28 71.922877196 0.0
0 29 71.922877196 0.0
0 30 71.922877196 0.0
0 31 71.922877196 0.0
0 32 71.922877196 0.0
0 33 71.922877196 0.0
0 34 71.922877196 0.0
0 35 71.922877196 0.0
0 36 71.922877196 0.0
0 37 71.922877196 0.0
0 38 71.922877196 0.0
0 39 71.922877196 0.0
0 40 71.922877196 0.0
0 41 71.922877196 0.0
0 42 71.922877196 0.0
0 43 71.922877196 0.0
0 44 71.922877196 0.0
0 45 71.922877196 0.0
0 46 71.922877196 0.0
0 47 71.922877196 0.0
0 48 71.922877196 0.0
0 49 71.922877196 0.0
0 50 71.922877196 0.0
0 51 71.922877196 0.0
0 52 71.922877196 0.0
0 53 71.922877196 0.0
0 54 71.922877196 0.0
0 55 71.922877196 0.0
0 56 71.922877196 0.0
0 57 71.922877196 0.0
0 58 71.922877196 0.0
0 59 71.922877196 0.0
0 60 71.922877196 0.0
0 61 71.922877196 0.0
0 62 71.922877196 0.0
0 63 71.922877196 0.0
0 64 71.922877196 0.0
0 65 71.922877196 0.0
0 66 71.922877196 0.0
0 67 71.922877196 0.0
0 68 71.922877196 0.0
0 69 71.922877196 0.0
0 70 71.922877196 0.0
0 71 71.922877196 0.0
0 72 71.922877196 0.0
0 73 71.922877196 0.0
0 74 71.922877196 0.0
0 75 71.922877196 0.0
0 76 71.922877196 0.0
0 77 71.922877196 0.0
0 78 71.922877196 0.0
0 79 71.922877196 0.0
0 80 71.922877196 0.0
0 81 71.922877196 0.0
0 82 71.922877196 0.0
0 83 71.922877196 0.0
0 84 71.922877196 0.0
0 85 71.922877196 0.0
0 86 71.922877196 0.0
0 87 71.922877196 0.0
0 88 71.922877196 0.0
0 89 71.922877196 0.0
0 90 71.922877196 0.0
0 91 71.922877196 0.0
0 92 71.922877196 0.0
0 93 71.922877196 0.0
0 94 71.922877196 0.0
0 95 71.922877196 0.0
0 96 71.922877196 0.0
0 97 71.922877196 0.0
0 98 71.922877196 0.0
0 99 71.922877196 0.0
0 100 71.922877196 0.0
0 101 71.922877196 0.0
0 102 71.922877196 0.0
0 103 71.922877196 0.0
0 104 71.922877196 0.0
0 105 71.922877196 0.0
0 106 71.922877196 0.0
0 107 71.922877196 0.0
0 108 71.922877196 0.0
0 109 71.922877196 0.0
0 110 71.922877196 0.0
0 111 71.922877196 0.0
0 112 71.922877196 0.0
0 113 71.922877196 0.0
0 114 71.922877196 0.0
0 115 71.922877196 0.0
0 116 71.922877196 0.0
0 117 71.922877196 0.0
0 118 71.922877196 0.0
0 119 71.922877196 0.0
0 120 71.922877196 0.0
0 121 71.922877196 0.0
0 122 71.922877196 0.0
0 123 71.922877196 0.0
0 124 71.922877196 0.0
0 125 71.922877196 0.0
0 126 71.922877196 0.0
0 127 71.922877196 0.0
1 0 70.917463382 0.0
1 1 70.917463382 0.0
1 2 70.917463382 0.0
1 3 70.917463382 0.0
1 4 70.917463382 0.0
1 5 70.917463382 0.0
1 6 70.917463382 0.0
1 7 70.917463382 0.0
1 8 70.917463382 0.0
1 9 70.917463382 0.0
1 10 70.917463382 0.0
1 11 70.917463382 0.0
1 12 70.917463382 0.0
1 13 70.917463382 0.0
1 14 70.917463382 0.0
1 15 70.917463382 0.0
1 16 70.917463382 0.0
1 17 70.917463382 0.0
1 18 70.917463382 0.0
1 19 70.917463382 0.0
1 20 70.917463382 0.0
1 21 70.917463382 0.0
1 22 70.917463382 0.0
1 23 70.917463382 0.0
1 24 70.917463382 0.0
1 25 70.917463382 0.0
1 26 70.917463382 0.0
1 27 70.917463382 0.0
1 28 70.917463382 0.0
1 29 70.917463382 0.0
1 30 70.917463382 0.0
1 31 70.917463382 0.0
1 32 70.917463382 0.0
1 33 70.917463382 0.0
1 34 70.917463382 0.0
1 35 70.917463382 0.0
1 36 70.917463382 0.0
1 37 70.917463382 0.0
1 38 70.917463382 0.0
1 39 70.917463382 0.0
1 40 70.917463382 0.0
1 41 70.917463382 0.0
1 42 70.917463382 0.0
1 43 70.917463382 0.0
1 44 70.917463382 0.0
1 45 70.917463382 0.0
1 46 70.917463382 0.0
1 47 70.917463382 0.0
1 48 70.917463382 0.0
1 49 70.917463382 0.0
1 50 70.917463382 0.0
1 51 70.917463382 0.0
1 52 70.917463382 0.0
1 53 70.917463382 0.0
1 54 70.917463382 0.0
1 55 70.917463382 0.0
1 56 70.917463382 0.0
1 57 70.917463382 0.0
1 58 70.917463382 0.0
1 59 70.917463382 0.0
1 60 70.917463382 0.0
1 61 70.917463382 0.0
1 62 70.917463382 0.0
1 63 70.917463382 0.0
1 64 70.917463382 0.0
1 65 70.917463382 0.0
1 66 70.917463382 0.0
1 67 70.917463382 0.0
1 68 70.917463382 0.0
1 69 70.917463382 0.0
1 70 70.917463382 0.0
1 71 70.917463382 0.0
1 72 70.917463382 0.0
1 73 70.917463382 0.0
1 74 70.917463382 0.0
1 75 70.917463382 0.0
1 76 70.917463382 0.0
1 77 70.917463382 0.0
1 78 70.917463382 0.0
1 79 70.917463382 0.0
1 80 70.917463382 0.0
1 81 70.917463382 0.0
1 82 70.917463382 0.0
1 83 70.917463382 0.0
1 84 70.917463382 0.0
1 85 70.917463382 0.0
1 86 70.917463382 0.0
1 87 70.917463382 0.0
1 88 70.917463382 0.0
1 89 70.917463382 0.0
1 90 70.917463382 0.0
1 91 70.917463382 0.0
1 92 70.917463382 0.0
1 93 70.917463382 0.0
1 94 70.917463382 0.0
1 95 70.917463382 0.0
1 96 70.917463382 0.0
1 97 70.917463382 0.0
1 98 70.917463382 0.0
1 99 70.917463382 0.0
1 100 70.917463382 0.0
1 101 70.917463382 0.0
1 102 70.917463382 0.0
1 103 70.917463382 0.0
1 104 70.917463382 0.0
1 105 70.917463382 0.0
1 106 70.917463382 0.0
1 107 70.917463382 0.0
1 108 70.917463382 0.0
1 109 70.917463382 0.0
1 110 70.917463382 0.0
1 111 70.917463382 0.0
1 112 70.917463382 0.0
1 113 70.917463382 0.0
1 114 70.917463382 0.0
1 115 70.917463382 0.0
1 116 70.917463382 0.0
1 117 70.917463382 0.0
1 118 70.917463382 0.0
1 119 70.917463382 0.0
1 120 70.917463382 0.0
1 121 70.917463382 0.0
1 122 70.917463382 0.0
1 123 70.917463382 0.0
1 124 70.917463382 0.0
1 125 70.917463382 0.0
1 126 70.917463382 0.0
1 127 70.917463382 0.0
2 0 69.712757564 0.0
2 1 69.712757564 0.0
2 2 69.712757564 0.0
2 3 69.712757564 0.0
2 4 69.712757564 0.0
2 5 69.712757564 0.0
2 6 69.712757564 0.0
2 7 69.712757564 0.0
2 8 69.712757564 0.0
2 9 69.712757564 0.0
2 10 69.712757564 0.0
2 11 69.712757564 0.0
2 12 69.712757564 0.0
2 13 69.712757564 0.0
2 14 69.712757564 0.0
2 15 69.712757564 0.0
2 16 69.712757564 0.0
2 17 69.712757564 0.0
2 18 69.712757564 0.0
2 19 69.712757564 0.0
2 20 69.712757564 0.0
2 21 69.712757564 0.0
2 22 69.712757564 0.0
2 23 69.712757564 0.0
2 24 69.712757564 0.0
2 25 69.712757564 0.0
2 26 69.712757564 0.0
2 27 69.712757564 0.0
2 28 69.712757564 0.0
2 29 69.712757564 0.0
2 30 69.712757564 0.0
2 31 69.712757564 0.0
2 32 69.712757564 0.0
2 33 69.712757564 0.0
2 34 69.712757564 0.0
2 35 69.712757564 0.0
2 36 69.712757564 0.0
2 37 69.712757564 0.0
2 38 69.712757564 0.0
2 39 69.712757564 0.0
2 40 69.712757564 0.0
2 41 69.712757564 0.0
2 42 69.712757564 0.0
2 43 69.712757564 0.0
2 44 69.712757564 0.0
2 45 69.712757564 0.0
2 46 69.712757564 0.0
2 47 69.712757564 0.0
2 48 69.712757564 0.0
2 49 69.712757564 0.0
2 50 69.712757564 0.0
2 51 69.712757564 0.0
2 52 69.712757564 0.0
2 53 69.712757564 0.0
2 54 69.712757564 0.0
2 55 69.712757564 0.0
2 56 69.712757564 0.0
2 57 69.712757564 0.0
2 58 69.712757564 0.0
2 59 69.712757564 0.0
2 60 69.712757564 0.0
2 61 69.712757564 0.0
2 62 69.712757564 0.0
2 63 69.712757564 0.0
2 64 69.712757564 0.0
2 65 69.712757564 0.0
2 66 69.712757564 0.0
2 67 69.712757564 0.0
2 68 69.712757564 0.0
2 69 69.712757564 0.0
2 70 69.712757564 0.0
2 71 69.712757564 0.0
2 72 69.712757564 0.0
2 73 69.712757564 0.0
2 74 69.712757564 0.0
2 75 69.712757564 0.0
2 76 69.712757564 0.0
2 77 69.712757564 0.0
2 78 69.712757564 0.0
2 79 69.712757564 0.0
2 80 69.712757564 0.0
2 81 69.712757564 0.0
2 82 69.712757564 0.0
2 83 69.712757564 0.0
2 84 69.712757564 0.0
2 85 69.712757564 0.0
2 86 69.712757564 0.0
2 87 69.712757564 0.0
2 88 69.712757564 0.0
2 89 69.712757564 0.0
2 90 69.712757564 0.0
2 91 69.712757564 0.0
2 92 69.712757564 0.0
2 93 69.712757564 0.0
2 94 69.712757564 0.0
2 95 69.712757564 0.0
2 96 69.712757564 0.0
2 97 69.712757564 0.0
2 98 69.712757564 0.0
2 99 69.712757564 0.0
2 100 69.712757564 0.0
2 101 69.712757564 0.0
2 102 69.712757564 0.0
2 103 69.712757564 0.0
2 104 69.712757564 0.0
2 105 69.712757564 0.0
2 106 69.712757564 0.0
2 107 69.712757564 0.0
2 108 69.712757564 0.0
2 109 69.712757564 0.0
2 110 69.712757564 0.0
2 111 69.712757564 0.0
2 112 69.712757564 0.0
2 113 69.712757564 0.0
2 114 69.712757564 0.0
2 115 69.712757564 0.0
2 116 69.712757564 0.0
2 117 69.712757564 0.0
2 118 69.712757564 0.0
2 119 69.712757564 0.0
2 120 69.712757564 0.0
2 121 69.712757564 0.0
2 122 69.712757564 0.0
2 123 69.712757564 0.0
2 124 69.712757564 0.0
2 125 69.712757564 0.0
2 126 69.712757564 0.0
2 127 69.712757564 0.0
3 0 68.71294677200001 0.0
3 1 68.71294677200001 0.0
3 2 68.71294677200001 0.0
3 3 68.71294677200001 0.0
3 4 68.71294677200001 0.0
3 5 68.71294677200001 0.0
3 6 68.71294677200001 0.0
3 7 68.71294677200001 0.0
3 8 68.71294677200001 0.0
3 9 68.71294677200001 0.0
3 10 68.71294677200001 0.0
3 11 68.71294677200001 0.0
3 12 68.71294677200001 0.0
3 13 68.71294677200001 0.0
3 14 68.71294677200001 0.0
3 15 68.71294677200001 0.0
3 16 68.71294677200001 0.0
3 17 68.71294677200001 0.0
3 18 68.71294677200001 0.0
3 19 68.71294677200001 0.0
3 20 68.71294677200001 0.0
3 21 68.71294677200001 0.0
3 22 68.71294677200001 0.0
3 23 68.71294677200001 0.0
3 24 68.71294677200001 0.0
3 25 68.71294677200001 0.0
3 26 68.71294677200001 0.0
3 27 68.71294677200001 0.0
3 28 68.71294677200001 0.0
3 29 68.71294677200001 0.0
3 30 68.71294677200001 0.0
3 31 68.71294677200001 0.0
3 32 68.71294677200001 0.0
3 33 68.71294677200001 0.0
3 34 68.71294677200001 0.0
3 35 68.71294677200001 0.0
3 36 68.71294677200001 0.0
3 37 68.71294677200001 0.0
3 38 68.71294677200001 0.0
3 39 68.71294677200001 0.0
3 40 68.71294677200001 0.0
3 41 68.71294677200001 0.0
3 42 68.71294677200001 0.0
3 43 68.71294677200001 0.0
3 44 68.71294677200001 0.0
3 45 68.71294677200001 0.0
3 46 68.71294677200001 0.0
3 47 68.71294677200001 0.0
3 48 68.71294677200001 0.0
3 49 68.71294677200001 0.0
3 50 68.71294677200001 0.0
3 51 68.71294677200001 0.0
3 52 68.71294677200001 0.0
3 53 68.71294677200001 0.0
3 54 68.71294677200001 0.0
3 55 68.71294677200001 0.0
3 56 68.71294677200001 0.0
3 57 68.71294677200001 0.0
3 58 68.71294677200001 0.0
3 59 68.71294677200001 0.0
3 60 68.71294677200001 0.0
3 61 68.71294677200001 0.0
3 62 68.71294677200001 0.0
3 63 68.71294677200001 0.0
3 64 69.495832526 0.0
3 65 69.495832526 0.0
3 66 69.495832526 0.0
3 67 69.495832526 0.0
3 68 69.495832526 0.0
3 69 69.495832526 0.0
3 70 69.495832526 0.0
3 71 69.495832526 0.0
3 72 69.495832526 0.0
3 73 69.495832526 0.0
3 74 69.495832526 0.0
3 75 69.495832526 0.0
3 76 69.495832526 0.0
3 77 69.495832526 0.0
3 78 69.495832526 0.0
3 79 69.495832526 0.0
3 80 69.495832526 0.0
3 81 69.495832526 0.0
3 82 69.495832526 0.0
3 83 69.495832526 0.0
3 84 69.495832526 0.0
3 85 69.495832526 0.0
3 86 69.495832526 0.0
3 87 69.495832526 0.0
3 88 69.495832526 0.0
3 89 69.495832526 0.0
3 90 69.495832526 0.0
3 91 69.495832526 0.0
3 92 69.495832526 0.0
3 93 69.495832526 0.0
3 94 69.495832526 0.0
3 95 69.495832526 0.0
3 96 69.495832526 0.0
3 97 69.495832526 0.0
3 98 69.495832526 0.0
3 99 69.495832526 0.0
3 100 69.495832526 0.0
3 101 69.495832526 0.0
3 102 69.495832526 0.0
3 103 69.495832526 0.0
3 104 69.495832526 0.0
3 105 69.495832526 0.0
3 106 69.495832526 0.0
3 107 69.495832526 0.0
3 108 69.495832526 0.0
3 109 69.495832526 0.0
3 110 69.495832526 0.0
3 111 69.495832526 0.0
3 112 69.495832526 0.0
3 113 69.495832526 0.0
3 114 69.495832526 0.0
3 115 69.495832526 0.0
3 116 69.495832526 0.0
3 117 69.495832526 0.0
3 118 69.495832526 0.0
3 119 69.495832526 0.0
3 120 69.495832526 0.0
3 121 69.495832526 0.0
3 122 69.495832526 0.0
3 123 69.495832526 0.0
3 124 69.495832526 0.0
3 125 69.495832526 0.0
3 126 69.495832526 0.0
3 127 69.495832526 0.0
4 0 68.16851929399999 0.0
4 1 68.16851929399999 0.0
4 2 68.16851929399999 0.0
4 3 68.16851929399999 0.0
4 4 68.16851929399999 0.0
4 5 68.16851929399999 0.0
4 6 68.16851929399999 0.0
4 7 68.16851929399999 0.0
4 8 68.16851929399999 0.0
4 9 68.16851929399999 0.0
4 10 68.16851929399999 0.0
4 11 68.16851929399999 0.0
4 12 68.16851929399999 0.0
4 13 68.16851929399999 0.0
4 14 68.16851929399999 0.0
4 15 68.16851929399999 0.0
4 16 68.16851929399999 0.0
4 17 68.16851929399999 0.0
4 18 68.16851929399999 0.0
4 19 68.16851929399999 0.0
4 20 68.16851929399999 0.0
4 21 68.16851929399999 0.0
4 22 68.16851929399999 0.0
4 23 68.16851929399999 0.0
4 24 68.16851929399999 0.0
4 25 68.16851929399999 0.0
4 26 68.16851929399999 0.0
4 27 68.16851929399999 0.0
4 28 68.16851929399999 0.0
4 29 68.16851929399999 0.0
4 30 68.16851929399999 0.0
4 31 68.16851929399999 0.0
4 32 68.16851929399999 0.0
4 33 68.16851929399999 0.0
4 34 68.16851929399999 0.0
4 35 68.16851929399999 0.0
4 36 68.16851929399999 0.0
4 37 68.16851929399999 0.0
4 38 68.16851929399999 0.0
4 39 68.16851929399999 0.0
4 40 68.16851929399999 0.0
4 41 68.16851929399999 0.0
4 42 68.16851929399999 0.0
4 43 68.16851929399999 0.0
4 44 68.16851929399999 0.0
4 45 68.16851929399999 0.0
4 46 68.16851929399999 0.0
4 47 68.16851929399999 0.0
4 48 68.16851929399999 0.0
4 49 68.16851929399999 0.0
4 50 68.16851929399999 0.0
4 51 68.16851929399999 0.0
4 52 68.16851929399999 0.0
4 53 68.16851929399999 0.0
4 54 68.16851929399999 0.0
4 55 68.16851929399999 0.0
4 56 68.16851929399999 0.0
4 57 68.16851929399999 0.0
4 58 68.16851929399999 0.0
4 59 68.16851929399999 0.0
4 60 68.16851929399999 0.0
4 61 68.16851929399999 0.0
4 62 68.16851929399999 0.0
4 63 68.16851929399999 0.0
4 64 68.66641967000001 0.0
4 65 68.66641967000001 0.0
4 66 68.66641967000001 0.0
4 67 68.66641967000001 0.0
4 68 68.66641967000001 0.0
4 69 68.66641967000001 0.0
4 70 68.66641967000001 0.0
4 71 68.66641967000001 0.0
4 72 68.66641967000001 0.0
4 73 68.66641967000001 0.0
4 74 68.66641967000001 0.0
4 75 68.66641967000001 0.0
4 76 68.66641967000001 0.0
4 77 68.66641967000001 0.0
4 78 68.66641967000001 0.0
4 79 68.66641967000001 0.0
4 80 68.66641967000001 0.0
4 81 68.66641967000001 0.0
4 82 68.66641967000001 0.0
4 83 68.66641967000001 0.0
4 84 68.66641967000001 0.0
4 85 68.66641967000001 0.0
4 86 68.66641967000001 0.0
4 87 68.66641967000001 0.0
4 88 68.66641967000001 0.0
4 89 68.66641967000001 0.0
4 90 68.66641967000001 0.0
4 91 68.66641967000001 0.0
4 92 68.66641967000001 0.0
4 93 68.66641967000001 0.0
4 94 68.66641967000001 0.0
4 95 68.66641967000001 0.0
4 96 68.66641967000001 0.0
4 97 68.66641967000001 0.0
4 98 68.66641967000001 0.0
4 99 68.66641967000001 0.0
4 100 68.66641967000001 0.0
4 101 68.66641967000001 0.0
4 102 68.66641967000001 0.0
4 103 68.66641967000001 0.0
4 104 68.66641967000001 0.0
4 105 68.66641967000001 0.0
4 106 68.66641967000001 0.0
4 107 68.66641967000001 0.0
4 108 68.66641967000001 0.0
4 109 68.66641967000001 0.0
4 110 68.66641967000001 0.0
4 111 68.66641967000001 0.0
4 112 68.66641967000001 0.0
4 113 68.66641967000001 0.0
4 114 68.66641967000001 0.0
4 115 68.66641967000001 0.0
4 116 68.66641967000001 0.0
4 117 68.66641967000001 0.0
4 118 68.66641967000001 0.0
4 119 68.66641967000001 0.0
4 120 68.66641967000001 0.0
4 121 68.66641967000001 0.0
4 122 68.66641967000001 0.0
4 123 68.66641967000001 0.0
4 124 68.66641967000001 0.0
4 125 68.66641967000001 0.0
4 126 68.66641967000001 0.0
4 127 68.66641967000001 0.0
5 0 67.64320801400001 0.0105
5 1 67.64320801400001 0.0105
5 2 67.64320801400001 0.0105
5 3 67.64320801400001 0.0105
5 4 67.64320801400001 0.0105
5 5 67.64320801400001 0.0105
5 6 67.64320801400001 0.0105
5 7 67.64320801400001 0.0105
5 8 67.64320801400001 0.0105
5 9 67.64320801400001 0.0105
5 10 67.64320801400001 0.0105
5 11 67.64320801400001 0.0105
5 12 67.64320801400001 0.0105
5 13 67.64320801400001 0.0105
5 14 67.64320801400001 0.0105
5 15 67.64320801400001 0.0105
5 16 67.64320801400001 0.0105
5 17 67.64320801400001 0.0105
5 18 67.64320801400001 0.0105
5 19 67.64320801400001 0.0105
5 20 67.64320801400001 0.0105
5 21 67.64320801400001 0.0105
5 22 67.64320801400001 0.0105
5 23 67.64320801400001 0.0105
5 24 67.64320801400001 0.0105
5 25 67.64320801400001 0.0105
5 26 67.64320801400001 0.0105
5 27 67.64320801400001 0.0105
5 28 67.64320801400001 0.0105
5 29 67.64320801400001 0.0105
5 30 67.64320801400001 0.0105
5 31 67.64320801400001 0.0105
5 32 67.64320801400001 0.0105
5 33 67.64320801400001 0.0105
5 34 67.64320801400001 0.0105
5 35 67.64320801400001 0.0105
5 36 67.64320801400001 0.0105
5 37 67.64320801400001 0.0105
5 38 67.64320801400001 0.0105
5 39 67.64320801400001 0.0105
5 40 67.64320801400001 0.0105
5 41 67.64320801400001 0.0105
5 42 67.64320801400001 0.0105
5 43 67.64320801400001 0.0105
5 44 67.64320801400001 0.0105
5 45 67.64320801400001 0.0105
5 46 67.64320801400001 0.0105
5 47 67.64320801400001 0.0105
5 48 67.64320801400001 0.0105
5 49 67.64320801400001 0.0105
5 50 67.64320801400001 0.0105
5 51 67.64320801400001 0.0105
5 52 67.64320801400001 0.0105
5 53 67.64320801400001 0.0105
5 54 67.64320801400001 0.0105
5 55 67.64320801400001 0.0105
5 56 67.64320801400001 0.0105
5 57 67.64320801400001 0.0105
5 58 67.64320801400001 0.0105
5 59 67.64320801400001 0.0105
5 60 67.64320801400001 0.0105
5 61 67.64320801400001 0.0105
5 62 67.64320801400001 0.0105
5 63 67.64320801400001 0.0105
5 64 69.96604737199999 0.06
5 65 69.96604737199999 0.06
5 66 69.96604737199999 0.06
5 67 69.96604737199999 0.06
5 68 69.96604737199999 0.06
5 69 69.96604737199999 0.06
5 70 69.96604737199999 0.06
5 71 69.96604737199999 0.06
5 72 69.96604737199999 0.06
5 73 69.96604737199999 0.06
5 74 69.96604737199999 0.06
5 75 69.96604737199999 0.06
5 76 69.96604737199999 0.06
5 77 69.96604737199999 0.06
5 78 69.96604737199999 0.06
5 79 69.96604737199999 0.06
5 80 69.96604737199999 0.06
5 81 69.96604737199999 0.06
5 82 69.96604737199999 0.06
5 83 69.96604737199999 0.06
5 84 69.96604737199999 0.06
5 85 69.96604737199999 0.06
5 86 69.96604737199999 0.06
5 87 69.96604737199999 0.06
5 88 69.96604737199999 0.06
5 89 69.96604737199999 0.06
5 90 69.96604737199999 0.06
5 91 69.96604737199999 0.06
5 92 69.96604737199999 0.06
5 93 69.96604737199999 0.06
5 94 69.96604737199999 0.06
5 95 69.96604737199999 0.06
5 96 69.96604737199999 0.06
5 97 69.96604737199999 0.06
5 98 69.96604737199999 0.06
5 99 69.96604737199999 0.06
5 100 69.96604737199999 0.06
5 101 69.96604737199999 0.06
5 102 69.96604737199999 0.06
5 103 69.96604737199999 0.06
5 104 69.96604737199999 0.06
5 105 69.96604737199999 0.06
5 106 69.96604737199999 0.06
5 107 69.96604737199999 0.06
5 108 69.96604737199999 0.06
5 109 69.96604737199999 0.06
5 110 69.96604737199999 0.06
5 111 69.96604737199999 0.06
5 112 69.96604737199999 0.06
5 113 69.96604737199999 0.06
5 114 69.96604737199999 0.06
5 115 69.96604737199999 0.06
5 116 69.96604737199999 0.06
5 117 69.96604737199999 0.06
5 118 69.96604737199999 0.06
5 119 69.96604737199999 0.06
5 120 69.96604737199999 0.06
5 121 69.96604737199999 0.06
5 122 69.96604737199999 0.06
5 123 69.96604737199999 0.06
5 124 69.96604737199999 0.06
5 125 69.96604737199999 0.06
5 126 69.96604737199999 0.06
5 127 69.96604737199999 0.06
6 0 67.43545655 0.1125
6 1 67.43545655 0.1125
6 2 67.43545655 0.1125
6 3 67.43545655 0.1125
6 4 67.43545655 0.1125
6 5 67.43545655 0.1125
6 6 67.43545655 0.1125
6 7 67.43545655 0.1125
6 8 67.43545655 0.1125
6 9 67.43545655 0.1125
6 10 67.43545655 0.1125
6 11 67.43545655 0.1125
6 12 67.43545655 0.1125
6 13 67.43545655 0.1125
6 14 67.43545655 0.1125
6 15 67.43545655 0.1125
6 16 67.43545655 0.1125
6 17 67.43545655 0.1125
6 18 67.43545655 0.1125
6 19 67.43545655 0.1125
6 20 67.43545655 0.1125
6 21 67.43545655 0.1125
6 22 67.43545655 0.1125
6 23 67.43545655 0.1125
6 24 67.43545655 0.1125
6 25 67.43545655 0.1125
6 26 67.43545655 0.1125
6 27 67.43545655 0.1125
6 28 67.43545655 0.1125
6 29 67.43545655 0.1125
6 30 67.43545655 0.1125
6 31 67.43545655 0.1125
6 32 60.351472166 0.219
6 33 60.351472166 0.219
6 34 60.351472166 0.219
6 35 60.351472166 0.219
6 36 60.351472166 0.219
6 37 60.351472166 0.219
6 38 60.351472166 0.219
6 39 60.351472166 0.219
6 40 60.351472166 0.219
6 41 60.351472166 0.219
6 42 60.351472166 0.219
6 43 60.351472166 0.219
6 44 60.351472166 0.219
6 45 60.351472166 0.219
6 46 60.351472166 0.219
6 47 60.351472166 0.219
6 48 60.351472166 0.219
6 49 60.351472166 0.219
6 50 60.351472166 0.219
6 51 60.351472166 0.219
6 52 60.351472166 0.219
6 53 60.351472166 0.219
6 54 60.351472166 0.219
6 55 60.351472166 0.219
6 56 60.351472166 0.219
6 57 60.351472166 0.219
6 58 60.351472166 0.219
6 59 60.351472166 0.219
6 60 60.351472166 0.219
6 61 60.351472166 0.219
6 62 60.351472166 0.219
6 63 60.351472166 0.219
6 64 73.66085938399999 0.234
6 65 73.66085938399999 0.234
6 66 73.66085938399999 0.234
6 67 73.66085938399999 0.234
6 68 73.66085938399999 0.234
6 69 73.66085938399999 0.234
6 70 73.66085938399999 0.234
6 71 73.66085938399999 0.234
6 72 73.66085938399999 0.234
6 73 73.66085938399999 0.234
6 74 73.66085938399999 0.234
6 75 73.66085938399999 0.234
6 76 73.66085938399999 0.234
6 77 73.66085938399999 0.234
6 78 73.66085938399999 0.234
6 79 73.66085938399999 0.234
6 80 73.66085938399999 0.234
6 81 73.66085938399999 0.234
6 82 73.66085938399999 0.234
6 83 73.66085938399999 0.234
6 84 73.66085938399999 0.234
6 85 73.66085938399999 0.234
6 86 73.66085938399999 0.234
6 87 73.66085938399999 0.234
6 88 73.66085938399999 0.234
6 89 73.66085938399999 0.234
6 90 73.66085938399999 0.234
6 91 73.66085938399999 0.234
6 92 73.66085938399999 0.234
6 93 73.66085938399999 0.234
6 94 73.66085938399999 0.234
6 95 73.66085938399999 0.234
6 96 68.84445313399999 0.222
6 97 68.84445313399999 0.222
6 98 68.84445313399999 0.222
6 99 68.84445313399999 0.222
6 100 68.84445313399999 0.222
6 101 68.84445313399999 0.222
6 102 68.84445313399999 0.222
6 103 68.84445313399999 0.222
6 104 68.84445313399999 0.222
6 105 68.84445313399999 0.222
6 106 68.84445313399999 0.222
6 107 68.84445313399999 0.222
6 108 68.84445313399999 0.222
6 109 68.84445313399999 0.222
6 110 68.84445313399999 0.222
6 111 68.84445313399999 0.222
6 112 68.84445313399999 0.222
6 113 68.84445313399999 0.222
6 114 68.84445313399999 0.222
6 115 68.84445313399999 0.222
6 116 68.84445313399999 0.222
6 117 68.84445313399999 0.222
6 118 68.84445313399999 0.222
6 119 68.84445313399999 0.222
6 120 68.84445313399999 0.222
6 121 68.84445313399999 0.222
6 122 68.84445313399999 0.222
6 123 68.84445313399999 0.222
6 124 68.84445313399999 0.222
6 125 68.84445313399999 0.222
6 126 68.84445313399999 0.222
6 127 68.84445313399999 0.222
7 0 68.692127684 0.3195
7 1 68.692127684 0.3195
7 2 68.692127684 0.3195
7 3 68.692127684 0.3195
7 4 68.692127684 0.3195
7 5 68.692127684 0.3195
7 6 68.692127684 0.3195
7 7 68.692127684 0.3195
7 8 68.692127684 0.3195
7 9 68.692127684 0.3195
7 10 68.692127684 0.3195
7 11 68.692127684 0.3195
7 12 68.692127684 0.3195
7 13 68.692127684 0.3195
7 14 68.692127684 0.3195
7 15 68.692127684 0.3195
7 16 68.692127684 0.3195
7 17 68.692127684 0.3195
7 18 68.692127684 0.3195
7 19 68.692127684 0.3195
7 20 68.692127684 0.3195
7 21 68.692127684 0.3195
7 22 68.692127684 0.3195
7 23 68.692127684 0.3195
7 24 68.692127684 0.3195
7 25 68.692127684 0.3195
7 26 68.692127684 0.3195
7 27 68.692127684 0.3195
7 28 68.692127684 0.3195
7 29 68.692127684 0.3195
7 30 68.692127684 0.3195
7 31 68.692127684 0.3195
7 32 63.657148442 0.4455
7 33 63.657148442 0.4455
7 34 63.657148442 0.4455
7 35 63.657148442 0.4455
7 36 63.657148442 0.4455
7 37 63.657148442 0.4455
7 38 63.657148442 0.4455
7 39 63.657148442 0.4455
7 40 63.657148442 0.4455
7 41 63.657148442 0.4455
7 42 63.657148442 0.4455
7 43 63.657148442 0.4455
7 44 63.657148442 0.4455
7 45 63.657148442 0.4455
7 46 63.657148442 0.4455
7 47 63.657148442 0.4455
7 48 63.657148442 0.4455
7 49 63.657148442 0.4455
7 50 63.657148442 0.4455
7 51 63.657148442 0.4455
7 52 63.657148442 0.4455
7 53 63.657148442 0.4455
7 54 63.657148442 0.4455
7 55 63.657148442 0.4455
7 56 63.657148442 0.4455
7 57 63.657148442 0.4455
7 58 63.657148442 0.4455
7 59 63.657148442 0.4455
7 60 63.657148442 0.4455
7 61 63.657148442 0.4455
7 62 63.657148442 0.4455
7 63 63.657148442 0.4455
7 64 79.05234497000001 0.453
7 65 79.05234497000001 0.453
7 66 79.05234497000001 0.453
7 67 79.05234497000001 0.453
7 68 79.05234497000001 0.453
7 69 79.05234497000001 0.453
7 70 79.05234497000001 0.453
7 71 79.05234497000001 0.453
7 72 79.05234497000001 0.453
7 73 79.05234497000001 0.453
7 74 79.05234497000001 0.453
7 75 79.05234497000001 0.453
7 76 79.05234497000001 0.453
7 77 79.05234497000001 0.453
7 78 79.05234497000001 0.453
7 79 79.05234497000001 0.453
7 80 79.05234497000001 0.453
7 81 79.05234497000001 0.453
7 82 79.05234497000001 0.453
7 83 79.05234497000001 0.453
7 84 79.05234497000001 0.453
7 85 79.05234497000001 0.453
7 86 79.05234497000001 0.453
7 87 79.05234497000001 0.453
7 88 79.05234497000001 0.453
7 89 79.05234497000001 0.453
7 90 79.05234497000001 0.453
7 91 79.05234497000001 0.453
7 92 79.05234497000001 0.453
7 93 79.05234497000001 0.453
7 94 79.05234497000001 0.453
7 95 79.05234497000001 0.453
7 96 72.861164546 0.4455
7 97 72.861164546 0.4455
7 98 72.861164546 0.4455
7 99 72.861164546 0.4455
7 100 72.861164546 0.4455
7 101 72.861164546 0.4455
7 102 72.861164546 0.4455
7 103 72.861164546 0.4455
7 104 72.861164546 0.4455
7 105 72.861164546 0.4455
7 106 72.861164546 0.4455
7 107 72.861164546 0.4455
7 108 72.861164546 0.4455
7 109 72.861164546 0.4455
7 110 72.861164546 0.4455
7 111 72.861164546 0.4455
7 112 72.861164546 0.4455
7 113 72.861164546 0.4455
7 114 72.861164546 0.4455
7 115 72.861164546 0.4455
7 116 72.861164546 0.4455
7 117 72.861164546 0.4455
7 118 72.861164546 0.4455
7 119 72.861164546 0.4455
7 120 72.861164546 0.4455
7 121 72.861164546 0.4455
7 122 72.861164546 0.4455
7 123 72.861164546 0.4455
7 124 72.861164546 0.4455
7 125 72.861164546 0.4455
7 126 72.861164546 0.4455
7 127 72.861164546 0.4455
8 0 71.12812622 0.261
8 1 71.12812622 0.261
8 2 71.12812622 0.261
8 3 71.12812622 0.261
8 4 71.12812622 0.261
8 5 71.12812622 0.261
8 6 71.12812622 0.261
8 7 71.12812622 0.261
8 8 71.12812622 0.261
8 9 71.12812622 0.261
8 10 71.12812622 0.261
8 11 71.12812622 0.261
8 12 71.12812622 0.261
8 13 71.12812622 0.261
8 14 71.12812622 0.261
8 15 71.12812622 0.261
8 16 71.12812622 0.261
8 17 71.12812622 0.261
8 18 71.12812622 0.261
8 19 71.12812622 0.261
8 20 71.12812622 0.261
8 21 71.12812622 0.261
8 22 71.12812622 0.261
8 23 71.12812622 0.261
8 24 71.12812622 0.261
8 25 71.12812622 0.261
8 26 71.12812622 0.261
8 27 71.12812622 0.261
8 28 71.12812622 0.261
8 29 71.12812622 0.261
8 30 71.12812622 0.261
8 31 71.12812622 0.261
8 32 67.523731682 0.681
8 33 67.523731682 0.681
8 34 67.523731682 0.681
8 35 67.523731682 0.681
8 36 67.523731682 0.681
8 37 67.523731682 0.681
8 38 67.523731682 0.681
8 39 67.523731682 0.681
8 40 67.523731682 0.681
8 41 67.523731682 0.681
8 42 67.523731682 0.681
8 43 67.523731682 0.681
8 44 67.523731682 0.681
8 45 67.523731682 0.681
8 46 67.523731682 0.681
8 47 67.523731682 0.681
8 48 67.523731682 0.681
8 49 67.523731682 0.681
8 50 67.523731682 0.681
8 51 67.523731682 0.681
8 52 67.523731682 0.681
8 53 67.523731682 0.681
8 54 67.523731682 0.681
8 55 67.523731682 0.681
8 56 67.523731682 0.681
8 57 67.523731682 0.681
8 58 67.523731682 0.681
8 59 67.523731682 0.681
8 60 67.523731682 0.681
8 61 67.523731682 0.681
8 62 67.523731682 0.681
8 63 67.523731682 0.681
8 64 84.347150882 0.681
8 65 84.347150882 0.681
8 66 84.347150882 0.681
8 67 84.347150882 0.681
8 68 84.347150882 0.681
8 69 84.347150882 0.681
8 70 84.347150882 0.681
8 71 84.347150882 0.681
8 72 84.347150882 0.681
8 73 84.347150882 0.681
8 74 84.347150882 0.681
8 75 84.347150882 0.681
8 76 84.347150882 0.681
8 77 84.347150882 0.681
8 78 84.347150882 0.681
8 79 84.347150882 0.681
8 80 84.347150882 0.681
8 81 84.347150882 0.681
8 82 84.347150882 0.681
8 83 84.347150882 0.681
8 84 84.347150882 0.681
8 85 84.347150882 0.681
8 86 84.347150882 0.681
8 87 84.347150882 0.681
8 88 84.347150882 0.681
8 89 84.347150882 0.681
8 90 84.347150882 0.681
8 91 84.347150882 0.681
8 92 84.347150882 0.681
8 93 84.347150882 0.681
8 94 84.347150882 0.681
8 95 84.347150882 0.681
8 96 77.18214234199999 0.6795
8 97 77.18214234199999 0.6795
8 98 77.18214234199999 0.6795
8 99 77.18214234199999 0.6795
8 100 77.18214234199999 0.6795
8 101 77.18214234199999 0.6795
8 102 77.18214234199999 0.6795
8 103 77.18214234199999 0.6795
8 104 77.18214234199999 0.6795
8 105 77.18214234199999 0.6795
8 106 77.18214234199999 0.6795
8 107 77.18214234199999 0.6795
8 108 77.18214234199999 0.6795
8 109 77.18214234199999 0.6795
8 110 77.18214234199999 0.6795
8 111 77.18214234199999 0.6795
8 112 77.18214234199999 0.6795
8 113 77.18214234199999 0.6795
8 114 77.18214234199999 0.6795
8 115 77.18214234199999 0.6795
8 116 77.18214234199999 0.6795
8 117 77.18214234199999 0.6795
8 118 77.18214234199999 0.6795
8 119 77.18214234199999 0.6795
8 120 77.18214234199999 0.6795
8 121 77.18214234199999 0.6795
8 122 77.18214234199999 0.6795
8 123 77.18214234199999 0.6795
8 124 77.18214234199999 0.6795
8 125 77.18214234199999 0.6795
8 126 77.18214234199999 0.6795
8 127 77.18214234199999 0.6795
9 0 73.409876708 0.4425
9 1 73.409876708 0.4425
9 2 73.409876708 0.4425
9 3 73.409876708 0.4425
9 4 73.409876708 0.4425
9 5 73.409876708 0.4425
9 6 73.409876708 0.4425
9 7 73.409876708 0.4425
9 8 73.409876708 0.4425
9 9 73.409876708 0.4425
9 10 73.409876708 0.4425
9 11 73.409876708 0.4425
9 12 73.409876708 0.4425
9 13 73.409876708 0.4425
9 14 73.409876708 0.4425
9 15 73.409876708 0.4425
9 16 73.210804448 0.9195
9 17 73.210804448 0.9195
9 18 73.210804448 0.9195
9 19 73.210804448 0.9195
9 20 73.210804448 0.9195
9 21 73.210804448 0.9195
9 22 73.210804448 0.9195
9 23 73.210804448 0.9195
9 24 73.210804448 0.9195
9 25 73.210804448 0.9195
9 26 73.210804448 0.9195
9 27 73.210804448 0.9195
9 28 73.210804448 0.9195
9 29 73.210804448 0.9195
9 30 73.210804448 0.9195
9 31 73.210804448 0.9195
9 32 69.432386468 0.7589999999999999
9 33 69.432386468 0.7589999999999999
9 34 69.432386468 0.7589999999999999
9 35 69.432386468 0.7589999999999999
9 36 69.432386468 0.7589999999999999
9 37 69.432386468 0.7589999999999999
9 38 69.432386468 0.7589999999999999
9 39 69.432386468 0.7589999999999999
9 40 69.432386468 0.7589999999999999
9 41 69.432386468 0.7589999999999999
9 42 69.432386468 0.7589999999999999
9 43 69.432386468 0.7589999999999999
9 44 69.432386468 0.7589999999999999
9 45 69.432386468 0.7589999999999999
9 46 69.432386468 0.7589999999999999
9 47 69.432386468 0.7589999999999999
9 48 79.251856682 0.9735
9 49 79.251856682 0.9735
9 50 79.251856682 0.9735
9 51 79.251856682 0.9735
9 52 79.251856682 0.9735
9 53 79.251856682 0.9735
9 54 79.251856682 0.9735
9 55 79.251856682 0.9735
9 56 79.251856682 0.9735
9 57 79.251856682 0.9735
9 58 79.251856682 0.9735
9 59 79.251856682 0.9735
9 60 79.251856682 0.9735
9 61 79.251856682 0.9735
9 62 79.251856682 0.9735
9 63 79.251856682 0.9735
9 64 88.142158202 0.8939999999999999
9 65 88.142158202 0.8939999999999999
9 66 88.142158202 0.8939999999999999
9 67 88.142158202 0.8939999999999999
9 68 88.142158202 0.8939999999999999
9 69 88.142158202 0.8939999999999999
9 70 88.142158202 0.8939999999999999
9 71 88.142158202 0.8939999999999999
9 72 88.142158202 0.8939999999999999
9 73 88.142158202 0.8939999999999999
9 74 88.142158202 0.8939999999999999
9 75 88.142158202 0.8939999999999999
9 76 88.142158202 0.8939999999999999
9 77 88.142158202 0.8939999999999999
9 78 88.142158202 0.8939999999999999
9 79 88.142158202 0.8939999999999999
9 80 78.03094604 0.5685
9 81 78.03094604 0.5685
9 82 78.03094604 0.5685
9 83 78.03094604 0.5685
9 84 78.03094604 0.5685
9 85 78.03094604 0.5685
9 86 78.03094604 0.5685
9 87 78.03094604 0.5685
9 88 78.03094604 0.5685
9 89 78.03094604 0.5685
9 90 78.03094604 0.5685
9 91 78.03094604 0.5685
9 92 78.03094604 0.5685
9 93 78.03094604 0.5685
9 94 78.03094604 0.5685
9 95 78.03094604 0.5685
9 96 79.91048706800001 0.897
9 97 79.91048706800001 0.897
9 98 79.91048706800001 0.897
9 99 79.91048706800001 0.897
9 100 79.91048706800001 0.897
9 101 79.91048706800001 0.897
9 102 79.91048706800001 0.897
9 103 79.91048706800001 0.897
9 104 79.91048706800001 0.897
9 105 79.91048706800001 0.897
9 106 79.91048706800001 0.897
9 107 79.91048706800001 0.897
9 108 79.91048706800001 0.897
9 109 79.91048706800001 0.897
9 110 79.91048706800001 0.897
9 111 79.91048706800001 0.897
9 112 73.939033202 0.9585
9 113 73.939033202 0.9585
9 114 73.939033202 0.9585
9 115 73.939033202 0.9585
9 116 73.939033202 0.9585
9 117 73.939033202 0.9585
9 118 73.939033202 0.9585
9 119 73.939033202 0.9585
9 120 73.939033202 0.9585
9 121 73.939033202 0.9585
9 122 73.939033202 0.9585
9 123 73.939033202 0.9585
9 124 73.939033202 0.9585
9 125 73.939033202 0.9585
9 126 73.939033202 0.9585
9 127 73.939033202 0.9585
10 0 74.793494876 0.6195
10 1 74.793494876 0.6195
10 2 74.793494876 0.6195
10 3 74.793494876 0.6195
10 4 74.793494876 0.6195
10 5 74.793494876 0.6195
10 6 74.793494876 0.6195
10 7 74.793494876 0.6195
10 8 74.793494876 0.6195
10 9 74.793494876 0.6195
10 10 74.793494876 0.6195
10 11 74.793494876 0.6195
10 12 74.793494876 0.6195
10 13 74.793494876 0.6195
10 14 74.793494876 0.6195
10 15 74.793494876 0.6195
10 16 75.53238036799999 1.1055
10 17 75.53238036799999 1.1055
10 18 75.53238036799999 1.1055
10 19 75.53238036799999 1.1055
10 20 75.53238036799999 1.1055
10 21 75.53238036799999 1.1055
10 22 75.53238036799999 1.1055
10 23 75.53238036799999 1.1055
10 24 75.53238036799999 1.1055
10 25 75.53238036799999 1.1055
10 26 75.53238036799999 1.1055
10 27 75.53238036799999 1.1055
10 28 75.53238036799999 1.1055
10 29 75.53238036799999 1.1055
10 30 75.53238036799999 1.1055
10 31 75.53238036799999 1.1055
10 32 70.188685304 0.645
10 33 70.188685304 0.645
10 34 70.188685304 0.645
10 35 70.188685304 0.645
10 36 70.188685304 0.645
10 37 70.188685304 0.645
10 38 70.188685304 0.645
10 39 70.188685304 0.645
10 40 70.188685304 0.645
10 41 70.188685304 0.645
10 42 70.188685304 0.645
10 43 70.188685304 0.645
10 44 70.188685304 0.645
10 45 70.188685304 0.645
10 46 70.188685304 0.645
10 47 70.188685304 0.645
10 48 82.394825432 1.1565
10 49 82.394825432 1.1565
10 50 82.394825432 1.1565
10 51 82.394825432 1.1565
10 52 82.394825432 1.1565
10 53 82.394825432 1.1565
10 54 82.394825432 1.1565
10 55 82.394825432 1.1565
10 56 82.394825432 1.1565
10 57 82.394825432 1.1565
10 58 82.394825432 1.1565
10 59 82.394825432 1.1565
10 60 82.394825432 1.1565
10 61 82.394825432 1.1565
10 62 82.394825432 1.1565
10 63 82.394825432 1.1565
10 64 90.1206311 1.0725
10 65 90.1206311 1.0725
10 66 90.1206311 1.0725
10 67 90.1206311 1.0725
10 68 90.1206311 1.0725
10 69 90.1206311 1.0725
10 70 90.1206311 1.0725
10 71 90.1206311 1.0725
10 72 90.1206311 1.0725
10 73 90.1206311 1.0725
10 74 90.1206311 1.0725
10 75 90.1206311 1.0725
10 76 90.1206311 1.0725
10 77 90.1206311 1.0725
10 78 90.1206311 1.0725
10 79 90.1206311 1.0725
10 80 79.955640878 1.113
10 81 79.955640878 1.113
10 82 79.955640878 1.113
10 83 79.955640878 1.113
10 84 79.955640878 1.113
10 85 79.955640878 1.113
10 86 79.955640878 1.113
10 87 79.955640878 1.113
10 88 79.955640878 1.113
10 89 79.955640878 1.113
10 90 79.955640878 1.113
10 91 79.955640878 1.113
10 92 79.955640878 1.113
10 93 79.955640878 1.113
10 94 79.955640878 1.113
10 95 79.955640878 1.113
10 96 81.57140014999999 1.0785
10 97 81.57140014999999 1.0785
10 98 81.57140014999999 1.0785
10 99 81.57140014999999 1.0785
10 100 81.57140014999999 1.0785
10 101 81.57140014999999 1.0785
10 102 81.57140014999999 1.0785
10 103 81.57140014999999 1.0785
10 104 81.57140014999999 1.0785
10 105 81.57140014999999 1.0785
10 106 81.57140014999999 1.0785
10 107 81.57140014999999 1.0785
10 108 81.57140014999999 1.0785
10 109 81.57140014999999 1.0785
10 110 81.57140014999999 1.0785
10 111 81.57140014999999 1.0785
10 112 76.6518872 1.1385
10 113 76.6518872 1.1385
10 114 76.6518872 1.1385
10 115 76.6518872 1.1385
10 116 76.6518872 1.1385
10 117 76.6518872 1.1385
10 118 76.6518872 1.1385
10 119 76.6518872 1.1385
10 120 76.6518872 1.1385
10 121 76.6518872 1.1385
10 122 76.6518872 1.1385
10 123 76.6518872 1.1385
10 124 76.6518872 1.1385
10 125 76.6518872 1.1385
10 126 76.6518872 1.1385
10 127 76.6518872 1.1385
11 0 75.33819701600001 0.6045
11 1 75.33819701600001 0.6045
11 2 75.33819701600001 0.6045
11 3 75.33819701600001 0.6045
11 4 75.33819701600001 0.6045
11 5 75.33819701600001 0.6045
11 6 75.33819701600001 0.6045
11 7 75.33819701600001 0.6045
11 8 75.33819701600001 0.6045
11 9 75.33819701600001 0.6045
11 10 75.33819701600001 0.6045
11 11 75.33819701600001 0.6045
11 12 75.33819701600001 0.6045
11 13 75.33819701600001 0.6045
11 14 75.33819701600001 0.6045
11 15 75.33819701600001 0.6045
11 16 77.243171378 1.236
11 17 77.243171378 1.236
11 18 77.243171378 1.236
11 19 77.243171378 1.236
11 20 77.243171378 1.236
11 21 77.243171378 1.236
11 22 77.243171378 1.236
11 23 77.243171378 1.236
11 24 77.243171378 1.236
11 25 77.243171378 1.236
11 26 77.243171378 1.236
11 27 77.243171378 1.236
11 28 77.243171378 1.236
11 29 77.243171378 1.236
11 30 77.243171378 1.236
11 31 77.243171378 1.236
11 32 70.77140015 0.672
11 33 70.77140015 0.672
11 34 70.77140015 0.672
11 35 70.77140015 0.672
11 36 70.77140015 0.672
11 37 70.77140015 0.672
11 38 70.77140015 0.672
11 39 70.77140015 0.672
11 40 70.77140015 0.672
11 41 70.77140015 0.672
11 42 70.77140015 0.672
11 43 70.77140015 0.672
11 44 70.77140015 0.672
11 45 70.77140015 0.672
11 46 70.77140015 0.672
11 47 70.77140015 0.672
11 48 84.210920402 1.2854999999999999
11 49 84.210920402 1.2854999999999999
11 50 84.210920402 1.2854999999999999
11 51 84.210920402 1.2854999999999999
11 52 84.210920402 1.2854999999999999
11 53 84.210920402 1.2854999999999999
11 54 84.210920402 1.2854999999999999
11 55 84.210920402 1.2854999999999999
11 56 84.210920402 1.2854999999999999
11 57 84.210920402 1.2854999999999999
11 58 84.210920402 1.2854999999999999
11 59 84.210920402 1.2854999999999999
11 60 84.210920402 1.2854999999999999
11 61 84.210920402 1.2854999999999999
11 62 84.210920402 1.2854999999999999
11 63 84.210920402 1.2854999999999999
11 64 90.63226439600001 1.2015
11 65 90.63226439600001 1.2015
11 66 90.63226439600001 1.2015
11 67 90.63226439600001 1.2015
11 68 90.63226439600001 1.2015
11 69 90.63226439600001 1.2015
11 70 90.63226439600001 1.2015
11 71 90.63226439600001 1.2015
11 72 90.63226439600001 1.2015
11 73 90.63226439600001 1.2015
11 74 90.63226439600001 1.2015
11 75 90.63226439600001 1.2015
11 76 90.63226439600001 1.2015
11 77 90.63226439600001 1.2015
11 78 90.63226439600001 1.2015
11 79 90.63226439600001 1.2015
11 80 81.436762688 1.248
11 81 81.436762688 1.248
11 82 81.436762688 1.248
11 83 81.436762688 1.248
11 84 81.436762688 1.248
11 85 81.436762688 1.248
11 86 81.436762688 1.248
11 87 81.436762688 1.248
11 88 81.436762688 1.248
11 89 81.436762688 1.248
11 90 81.436762688 1.248
11 91 81.436762688 1.248
11 92 81.436762688 1.248
11 93 81.436762688 1.248
11 94 81.436762688 1.248
11 95 81.436762688 1.248
11 96 82.748365484 1.2105
11 97 82.748365484 1.2105
11 98 82.748365484 1.2105
11 99 82.748365484 1.2105
11 100 82.748365484 1.2105
11 101 82.748365484 1.2105
11 102 82.748365484 1.2105
11 103 82.748365484 1.2105
11 104 82.748365484 1.2105
11 105 82.748365484 1.2105
11 106 82.748365484 1.2105
11 107 82.748365484 1.2105
11 108 82.748365484 1.2105
11 109 82.748365484 1.2105
11 110 82.748365484 1.2105
11 111 82.748365484 1.2105
11 112 78.57817505599999 1.2675
11 113 78.57817505599999 1.2675
11 114 78.57817505599999 1.2675
11 115 78.57817505599999 1.2675
11 116 78.57817505599999 1.2675
11 117 78.57817505599999 1.2675
11 118 78.57817505599999 1.2675
11 119 78.57817505599999 1.2675
11 120 78.57817505599999 1.2675
11 121 78.57817505599999 1.2675
11 122 78.57817505599999 1.2675
11 123 78.57817505599999 1.2675
11 124 78.57817505599999 1.2675
11 125 78.57817505599999 1.2675
11 126 78.57817505599999 1.2675
11 127 78.57817505599999 1.2675
12 0 75.084357902 0.2925
12 1 75.084357902 0.2925
12 2 75.084357902 0.2925
12 3 75.084357902 0.2925
12 4 75.084357902 0.2925
12 5 75.084357902 0.2925
12 6 75.084357902 0.2925
12 7 75.084357902 0.2925
12 8 78.639918206 1.332
12 9 78.639918206 1.332
12 10 78.639918206 1.332
12 11 78.639918206 1.332
12 12 78.639918206 1.332
12 13 78.639918206 1.332
12 14 78.639918206 1.332
12 15 78.639918206 1.332
12 16 78.36410643800001 1.302
12 17 78.36410643800001 1.302
12 18 78.36410643800001 1.302
12 19 78.36410643800001 1.302
12 20 78.36410643800001 1.302
12 21 78.36410643800001 1.302
12 22 78.36410643800001 1.302
12 23 78.36410643800001 1.302
12 24 69.633326408 1.0155
12 25 69.633326408 1.0155
12 26 69.633326408 1.0155
12 27 69.633326408 1.0155
12 28 69.633326408 1.0155
12 29 69.633326408 1.0155
12 30 69.633326408 1.0155
12 31 69.633326408 1.0155
12 32 71.13647582600001 0.3105
12 33 71.13647582600001 0.3105
12 34 71.13647582600001 0.3105
12 35 71.13647582600001 0.3105
12 36 71.13647582600001 0.3105
12 37 71.13647582600001 0.3105
12 38 71.13647582600001 0.3105
12 39 71.13647582600001 0.3105
12 40 76.301478266 1.3379999999999999
12 41 76.301478266 1.3379999999999999
12 42 76.301478266 1.3379999999999999
12 43 76.301478266 1.3379999999999999
12 44 76.301478266 1.3379999999999999
12 45 76.301478266 1.3379999999999999
12 46 76.301478266 1.3379999999999999
12 47 76.301478266 1.3379999999999999
12 48 85.404090578 1.3529999999999998
12 49 85.404090578 1.3529999999999998
12 50 85.404090578 1.3529999999999998
12 51 85.404090578 1.3529999999999998
12 52 85.404090578 1.3529999999999998
12 53 85.404090578 1.3529999999999998
12 54 85.404090578 1.3529999999999998
12 55 85.404090578 1.3529999999999998
12 56 69.51445435400001 0.69
12 57 69.51445435400001 0.69
12 58 69.51445435400001 0.69
12 59 69.51445435400001 0.69
12 60 69.51445435400001 0.69
12 61 69.51445435400001 0.69
12 62 69.51445435400001 0.69
12 63 69.51445435400001 0.69
12 64 90.40078247 1.269
12 65 90.40078247 1.269
12 66 90.40078247 1.269
12 67 90.40078247 1.269
12 68 90.40078247 1.269
12 69 90.40078247 1.269
12 70 90.40078247 1.269
12 71 90.40078247 1.269
12 72 66.679871828 0.1575
12 73 66.679871828 0.1575
12 74 66.679871828 0.1575
12 75 66.679871828 0.1575
12 76 66.679871828 0.1575
12 77 66.679871828 0.1575
12 78 66.679871828 0.1575
12 79 66.679871828 0.1575
12 80 82.346925056 1.32
12 81 82.346925056 1.32
12 82 82.346925056 1.32
12 83 82.346925056 1.32
12 84 82.346925056 1.32
12 85 82.346925056 1.32
12 86 82.346925056 1.32
12 87 82.346925056 1.32
12 88 88.570350338 1.245
12 89 88.570350338 1.245
12 90 88.570350338 1.245
12 91 88.570350338 1.245
12 92 88.570350338 1.245
12 93 88.570350338 1.245
12 94 88.570350338 1.245
12 95 88.570350338 1.245
12 96 83.46670655 1.2795
12 97 83.46670655 1.2795
12 98 83.46670655 1.2795
12 99 83.46670655 1.2795
12 100 83.46670655 1.2795
12 101 83.46670655 1.2795
12 102 83.46670655 1.2795
12 103 83.46670655 1.2795
12 104 67.75422485 1.332
12 105 67.75422485 1.332
12 106 67.75422485 1.332
12 107 67.75422485 1.332
12 108 67.75422485 1.332
12 109 67.75422485 1.332
12 110 67.75422485 1.332
12 111 67.75422485 1.332
12 112 79.84242676400001 1.3335
12 113 79.84242676400001 1.3335
12 114 79.84242676400001 1.3335
12 115 79.84242676400001 1.3335
12 116 79.84242676400001 1.3335
12 117 79.84242676400001 1.3335
12 118 79.84242676400001 1.3335
12 119 79.84242676400001 1.3335
12 120 88.80045899000001 1.29
12 121 88.80045899000001 1.29
12 122 88.80045899000001 1.29
12 123 88.80045899000001 1.29
12 124 88.80045899000001 1.29
12 125 88.80045899000001 1.29
12 126 88.80045899000001 1.29
12 127 88.80045899000001 1.29
13 0 74.24829834799999 1.0515
13 1 74.24829834799999 1.0515
13 2 74.24829834799999 1.0515
13 3 74.24829834799999 1.0515
13 4 74.24829834799999 1.0515
13 5 74.24829834799999 1.0515
13 6 74.24829834799999 1.0515
13 7 74.24829834799999 1.0515
13 8 79.368970946 1.332
13 9 79.368970946 1.332
13 10 79.368970946 1.332
13 11 79.368970946 1.332
13 12 79.368970946 1.332
13 13 79.368970946 1.332
13 14 79.368970946 1.332
13 15 79.368970946 1.332
13 16 78.774940184 1.302
13 17 78.774940184 1.302
13 18 78.774940184 1.302
13 19 78.774940184 1.302
13 20 78.774940184 1.302
13 21 78.774940184 1.302
13 22 78.774940184 1.302
13 23 78.774940184 1.302
13 24 69.724952384 0.726
13 25 69.724952384 0.726
13 26 69.724952384 0.726
13 27 69.724952384 0.726
13 28 69.724952384 0.726
13 29 69.724952384 0.726
13 30 69.724952384 0.726
13 31 69.724952384 0.726
13 32 71.13307006400001 0.294
13 33 71.13307006400001 0.294
13 34 71.13307006400001 0.294
13 35 71.13307006400001 0.294
13 36 71.13307006400001 0.294
13 37 71.13307006400001 0.294
13 38 71.13307006400001 0.294
13 39 71.13307006400001 0.294
13 40 77.00306518400001 1.095
13 41 77.00306518400001 1.095
13 42 77.00306518400001 1.095
13 43 77.00306518400001 1.095
13 44 77.00306518400001 1.095
13 45 77.00306518400001 1.095
13 46 77.00306518400001 1.095
13 47 77.00306518400001 1.095
13 48 86.11182984199999 1.35
13 49 86.11182984199999 1.35
13 50 86.11182984199999 1.35
13 51 86.11182984199999 1.35
13 52 86.11182984199999 1.35
13 53 86.11182984199999 1.35
13 54 86.11182984199999 1.35
13 55 86.11182984199999 1.35
13 56 69.60047729 0.9975
13 57 69.60047729 0.9975
13 58 69.60047729 0.9975
13 59 69.60047729 0.9975
13 60 69.60047729 0.9975
13 61 69.60047729 0.9975
13 62 69.60047729 0.9975
13 63 69.60047729 0.9975
13 64 89.805103754 1.2705
13 65 89.805103754 1.2705
13 66 89.805103754 1.2705
13 67 89.805103754 1.2705
13 68 89.805103754 1.2705
13 69 89.805103754 1.2705
13 70 89.805103754 1.2705
13 71 89.805103754 1.2705
13 72 66.613459478 0.4155
13 73 66.613459478 0.4155
13 74 66.613459478 0.4155
13 75 66.613459478 0.4155
13 76 66.613459478 0.4155
13 77 66.613459478 0.4155
13 78 66.613459478 0.4155
13 79 66.613459478 0.4155
13 80 82.70425536799999 1.3229999999999997
13 81 82.70425536799999 1.3229999999999997
13 82 82.70425536799999 1.3229999999999997
13 83 82.70425536799999 1.3229999999999997
13 84 82.70425536799999 1.3229999999999997
13 85 82.70425536799999 1.3229999999999997
13 86 82.70425536799999 1.3229999999999997
13 87 82.70425536799999 1.3229999999999997
13 88 89.374439696 1.245
13 89 89.374439696 1.245
13 90 89.374439696 1.245
13 91 89.374439696 1.245
13 92 89.374439696 1.245
13 93 89.374439696 1.245
13 94 89.374439696 1.245
13 95 89.374439696 1.245
13 96 83.733070064 1.2795
13 97 83.733070064 1.2795
13 98 83.733070064 1.2795
13 99 83.733070064 1.2795
13 100 83.733070064 1.2795
13 101 83.733070064 1.2795
13 102 83.733070064 1.2795
13 103 83.733070064 1.2795
13 104 68.74623536000001 1.341
13 105 68.74623536000001 1.341
13 106 68.74623536000001 1.341
13 107 68.74623536000001 1.341
13 108 68.74623536000001 1.341
13 109 68.74623536000001 1.341
13 110 68.74623536000001 1.341
13 111 68.74623536000001 1.341
13 112 80.64937256 1.3335
13 113 80.64937256 1.3335
13 114 80.64937256 1.3335
13 115 80.64937256 1.3335
13 116 80.64937256 1.3335
13 117 80.64937256 1.3335
13 118 80.64937256 1.3335
13 119 80.64937256 1.3335
13 120 89.63173950800001 1.287
13 121 89.63173950800001 1.287
13 122 89.63173950800001 1.287
13 123 89.63173950800001 1.287
13 124 89.63173950800001 1.287
13 125 89.63173950800001 1.287
13 126 89.63173950800001 1.287
13 127 89.63173950800001 1.287
14 0 73.265241704 0.4155
14 1 73.265241704 0.4155
14 2 73.265241704 0.4155
14 3 73.265241704 0.4155
14 4 73.265241704 0.4155
14 5 73.265241704 0.4155
14 6 73.265241704 0.4155
14 7 73.265241704 0.4155
14 8 79.46619994400001 1.2645
14 9 79.46619994400001 1.2645
14 10 79.46619994400001 1.2645
14 11 79.46619994400001 1.2645
14 12 79.46619994400001 1.2645
14 13 79.46619994400001 1.2645
14 14 79.46619994400001 1.2645
14 15 79.46619994400001 1.2645
14 16 78.601521002 1.131
14 17 78.601521002 1.131
14 18 78.601521002 1.131
14 19 78.601521002 1.131
14 20 78.601521002 1.131
14 21 78.601521002 1.131
14 22 78.601521002 1.131
14 23 78.601521002 1.131
14 24 69.010291742 1.2705
14 25 69.010291742 1.2705
14 26 69.010291742 1.2705
14 27 69.010291742 1.2705
14 28 69.010291742 1.2705
14 29 69.010291742 1.2705
14 30 69.010291742 1.2705
14 31 69.010291742 1.2705
14 32 70.802601314 0.5175
14 33 70.802601314 0.5175
14 34 70.802601314 0.5175
14 35 70.802601314 0.5175
14 36 70.802601314 0.5175
14 37 70.802601314 0.5175
14 38 70.802601314 0.5175
14 39 70.802601314 0.5175
14 40 77.193018806 1.266
14 41 77.193018806 1.266
14 42 77.193018806 1.266
14 43 77.193018806 1.266
14 44 77.193018806 1.266
14 45 77.193018806 1.266
14 46 77.193018806 1.266
14 47 77.193018806 1.266
14 48 86.226636956 1.2765
14 49 86.226636956 1.2765
14 50 86.226636956 1.2765
14 51 86.226636956 1.2765
14 52 86.226636956 1.2765
14 53 86.226636956 1.2765
14 54 86.226636956 1.2765
14 55 86.226636956 1.2765
14 56 68.789301764 0.6764999999999999
14 57 68.789301764 0.6764999999999999
14 58 68.789301764 0.6764999999999999
14 59 68.789301764 0.6764999999999999
14 60 68.789301764 0.6764999999999999
14 61 68.789301764 0.6764999999999999
14 62 68.789301764 0.6764999999999999
14 63 68.789301764 0.6764999999999999
14 64 89.04781616 1.203
14 65 89.04781616 1.203
14 66 89.04781616 1.203
14 67 89.04781616 1.203
14 68 89.04781616 1.203
14 69 89.04781616 1.203
14 70 89.04781616 1.203
14 71 89.04781616 1.203
14 72 66.555341798 1.092
14 73 66.555341798 1.092
14 74 66.555341798 1.092
14 75 66.555341798 1.092
14 76 66.555341798 1.092
14 77 66.555341798 1.092
14 78 66.555341798 1.092
14 79 66.555341798 1.092
14 80 82.557203378 1.2555
14 81 82.557203378 1.2555
14 82 82.557203378 1.2555
14 83 82.557203378 1.2555
14 84 82.557203378 1.2555
14 85 82.557203378 1.2555
14 86 82.557203378 1.2555
14 87 82.557203378 1.2555
14 88 89.54703491000001 1.179
14 89 89.54703491000001 1.179
14 90 89.54703491000001 1.179
14 91 89.54703491000001 1.179
14 92 89.54703491000001 1.179
14 93 89.54703491000001 1.179
14 94 89.54703491000001 1.179
14 95 89.54703491000001 1.179
14 96 83.539710698 1.212
14 97 83.539710698 1.212
14 98 83.539710698 1.212
14 99 83.539710698 1.212
14 100 83.539710698 1.212
14 101 83.539710698 1.212
14 102 83.539710698 1.212
14 103 83.539710698 1.212
14 104 69.02078369 1.275
14 105 69.02078369 1.275
14 106 69.02078369 1.275
14 107 69.02078369 1.275
14 108 69.02078369 1.275
14 109 69.02078369 1.275
14 110 69.02078369 1.275
14 111 69.02078369 1.275
14 112 81.11266601 1.1055
14 113 81.11266601 1.1055
14 114 81.11266601 1.1055
14 115 81.11266601 1.1055
14 116 81.11266601 1.1055
14 117 81.11266601 1.1055
14 118 81.11266601 1.1055
14 119 81.11266601 1.1055
14 120 88.003675544 1.2165
14 121 88.003675544 1.2165
14 122 88.003675544 1.2165
14 123 88.003675544 1.2165
14 124 88.003675544 1.2165
14 125 88.003675544 1.2165
14 126 88.003675544 1.2165
14 127 88.003675544 1.2165
15 0 72.219343262 0.258
15 1 72.219343262 0.258
15 2 72.219343262 0.258
15 3 72.219343262 0.258
15 4 80.04765137 1.1145
15 5 80.04765137 1.1145
15 6 80.04765137 1.1145
15 7 80.04765137 1.1145
15 8 78.834925544 1.131
15 9 78.834925544 1.131
15 10 78.834925544 1.131
15 11 78.834925544 1.131
15 12 79.024494632 1.0005
15 13 79.024494632 1.0005
15 14 79.024494632 1.0005
15 15 79.024494632 1.0005
15 16 78.06472899799999 1.1055
15 17 78.06472899799999 1.1055
15 18 78.06472899799999 1.1055
15 19 78.06472899799999 1.1055
15 20 87.709956062 0.183
15 21 87.709956062 0.183
15 22 87.709956062 0.183
15 23 87.709956062 0.183
15 24 67.871009516 1.1355
15 25 67.871009516 1.1355
15 26 67.871009516 1.1355
15 27 67.871009516 1.1355
15 28 69.67046021 0.5535
15 29 69.67046021 0.5535
15 30 69.67046021 0.5535
15 31 69.67046021 0.5535
15 32 70.277015372 0.603
15 33 70.277015372 0.603
15 34 70.277015372 0.603
15 35 70.277015372 0.603
15 36 82.07358521 1.1235
15 37 82.07358521 1.1235
15 38 82.07358521 1.1235
15 39 82.07358521 1.1235
15 40 76.90012329199999 0.951
15 41 76.90012329199999 0.951
15 42 76.90012329199999 0.951
15 43 76.90012329199999 0.951
15 44 90.25109375 1.062
15 45 90.25109375 1.062
15 46 90.25109375 1.062
15 47 90.25109375 1.062
15 48 85.388819576 0.891
15 49 85.388819576 0.891
15 50 85.388819576 0.891
15 51 85.388819576 0.891
15 52 92.29098021799999 1.0845
15 53 92.29098021799999 1.0845
15 54 92.29098021799999 1.0845
15 55 92.29098021799999 1.0845
15 56 67.867933352 0.702
15 57 67.867933352 0.702
15 58 67.867933352 0.702
15 59 67.867933352 0.702
15 60 81.24735839 0.2175
15 61 81.24735839 0.2175
15 62 81.24735839 0.2175
15 63 81.24735839 0.2175
15 64 87.81701783 0.9764999999999999
15 65 87.81701783 0.9764999999999999
15 66 87.81701783 0.9764999999999999
15 67 87.81701783 0.9764999999999999
15 68 83.497248536 0.855
15 69 83.497248536 0.855
15 70 83.497248536 0.855
15 71 83.497248536 0.855
15 72 66.405762932 0.528
15 73 66.405762932 0.528
15 74 66.405762932 0.528
15 75 66.405762932 0.528
15 76 84.808192136 1.1325
15 77 84.808192136 1.1325
15 78 84.808192136 1.1325
15 79 84.808192136 1.1325
15 80 81.91801880599999 1.125
15 81 81.91801880599999 1.125
15 82 81.91801880599999 1.125
15 83 81.91801880599999 1.125
15 84 68.996668694 0.873
15 85 68.996668694 0.873
15 86 68.996668694 0.873
15 87 68.996668694 0.873
15 88 89.219587406 0.9389999999999998
15 89 89.219587406 0.9389999999999998
15 90 89.219587406 0.9389999999999998
15 91 89.219587406 0.9389999999999998
15 92 87.278028566 1.1115
15 93 87.278028566 1.1115
15 94 87.278028566 1.1115
15 95 87.278028566 1.1115
15 96 82.88541991400001 1.083
15 97 82.88541991400001 1.083
15 98 82.88541991400001 1.083
15 99 82.88541991400001 1.083
15 100 91.932276614 0.9255
15 101 91.932276614 0.9255
15 102 91.932276614 0.9255
15 103 91.932276614 0.9255
15 104 68.64235962800001 1.1415
15 105 68.64235962800001 1.1415
15 106 68.64235962800001 1.1415
15 107 68.64235962800001 1.1415
15 108 80.958802496 1.0545
15 109 80.958802496 1.0545
15 110 80.958802496 1.0545
15 111 80.958802496 1.0545
15 112 81.119093018 1.1355
15 113 81.119093018 1.1355
15 114 81.119093018 1.1355
15 115 81.119093018 1.1355
15 116 92.052302252 1.101
15 117 92.052302252 1.101
15 118 92.052302252 1.101
15 119 92.052302252 1.101
15 120 83.492579354 1.083
15 121 83.492579354 1.083
15 122 83.492579354 1.083
15 123 83.492579354 1.083
15 124 79.022077628 0.9075
15 125 79.022077628 0.9075
15 126 79.022077628 0.9075
15 127 79.022077628 0.9075
16 0 70.81062134 0.1575
16 1 70.81062134 0.1575
16 2 70.81062134 0.1575
16 3 70.81062134 0.1575
16 4 78.939021002 0.93
16 5 78.939021002 0.93
16 6 78.939021002 0.93
16 7 78.939021002 0.93
16 8 77.603413082 0.945
16 9 77.603413082 0.945
16 10 77.603413082 0.945
16 11 77.603413082 0.945
16 12 77.877521978 0.8745
16 13 77.877521978 0.8745
16 14 77.877521978 0.8745
16 15 77.877521978 0.8745
16 16 77.164234628 0.9239999999999999
16 17 77.164234628 0.9239999999999999
16 18 77.164234628 0.9239999999999999
16 19 77.164234628 0.9239999999999999
16 20 86.730030518 0.3375
16 21 86.730030518 0.3375
16 22 86.730030518 0.3375
16 23 86.730030518 0.3375
16 24 66.61922729 0.9495
16 25 66.61922729 0.9495
16 26 66.61922729 0.9495
16 27 66.61922729 0.9495
16 28 68.96156737999999 0.6285
16 29 68.96156737999999 0.6285
16 30 68.96156737999999 0.6285
16 31 68.96156737999999 0.6285
16 32 69.633985604 0.6195
16 33 69.633985604 0.6195
16 34 69.633985604 0.6195
16 35 69.633985604 0.6195
16 36 81.106348874 0.855
16 37 81.106348874 0.855
16 38 81.106348874 0.855
16 39 81.106348874 0.855
16 40 76.21221435800001 0.9525
16 41 76.21221435800001 0.9525
16 42 76.21221435800001 0.9525
16 43 76.21221435800001 0.9525
16 44 89.46029786 0.2055
16 45 89.46029786 0.2055
16 46 89.46029786 0.2055
16 47 89.46029786 0.2055
16 48 83.72208374600001 0.9495
16 49 83.72208374600001 0.9495
16 50 83.72208374600001 0.9495
16 51 83.72208374600001 0.9495
16 52 90.763770758 0.9014999999999999
16 53 90.763770758 0.9014999999999999
16 54 90.763770758 0.9014999999999999
16 55 90.763770758 0.9014999999999999
16 56 67.045386956 0.5805
16 57 67.045386956 0.5805
16 58 67.045386956 0.5805
16 59 67.045386956 0.5805
16 60 80.02452514999999 0.222
16 61 80.02452514999999 0.222
16 62 80.02452514999999 0.222
16 63 80.02452514999999 0.222
16 64 86.11633423399999 0.6914999999999999
16 65 86.11633423399999 0.6914999999999999
16 66 86.11633423399999 0.6914999999999999
16 67 86.11633423399999 0.6914999999999999
16 68 82.206519782 0.7964999999999999
16 69 82.206519782 0.7964999999999999
16 70 82.206519782 0.7964999999999999
16 71 82.206519782 0.7964999999999999
16 72 65.941041254 0.594
16 73 65.941041254 0.594
16 74 65.941041254 0.594
16 75 65.941041254 0.594
16 76 83.691926276 0.945
16 77 83.691926276 0.945
16 78 83.691926276 0.945
16 79 83.691926276 0.945
16 80 80.77631957599999 0.9405
16 81 80.77631957599999 0.9405
16 82 80.77631957599999 0.9405
16 83 80.77631957599999 0.9405
16 84 68.46877563800001 0.8895
16 85 68.46877563800001 0.8895
16 86 68.46877563800001 0.8895
16 87 68.46877563800001 0.8895
16 88 88.21499756 0.7725
16 89 88.21499756 0.7725
16 90 88.21499756 0.7725
16 91 88.21499756 0.7725
16 92 85.97889527000001 0.777
16 93 85.97889527000001 0.777
16 94 85.97889527000001 0.777
16 95 85.97889527000001 0.777
16 96 81.820295402 0.8505
16 97 81.820295402 0.8505
16 98 81.820295402 0.8505
16 99 81.820295402 0.8505
16 100 90.474940184 0.8385
16 101 90.474940184 0.8385
16 102 90.474940184 0.8385
16 103 90.474940184 0.8385
16 104 67.774824212 0.9555
16 105 67.774824212 0.9555
16 106 67.774824212 0.9555
16 107 67.774824212 0.9555
16 108 79.55529908 0.5325
16 109 79.55529908 0.5325
16 110 79.55529908 0.5325
16 111 79.55529908 0.5325
16 112 80.447169182 0.9539999999999998
16 113 80.447169182 0.9539999999999998
16 114 80.447169182 0.9539999999999998
16 115 80.447169182 0.9539999999999998
16 116 89.93891723000002 0.918
16 117 89.93891723000002 0.918
16 118 89.93891723000002 0.918
16 119 89.93891723000002 0.918
16 120 79.206922616 0.9
16 121 79.206922616 0.9
16 122 79.206922616 0.9
16 123 79.206922616 0.9
16 124 78.46600463600001 0.8864999999999998
16 125 78.46600463600001 0.8864999999999998
16 126 78.46600463600001 0.8864999999999998
16 127 78.46600463600001 0.8864999999999998
17 0 68.87982911 0.19349999999999998
17 1 68.87982911 0.19349999999999998
17 2 68.87982911 0.19349999999999998
17 3 68.87982911 0.19349999999999998
17 4 77.21647460599999 0.675
17 5 77.21647460599999 0.675
17 6 77.21647460599999 0.675
17 7 77.21647460599999 0.675
17 8 75.853675544 0.7214999999999999
17 9 75.853675544 0.7214999999999999
17 10 75.853675544 0.7214999999999999
17 11 75.853675544 0.7214999999999999
17 12 76.151679692 0.594
17 13 76.151679692 0.594
17 14 76.151679692 0.594
17 15 76.151679692 0.594
17 16 75.785889884 0.705
17 17 75.785889884 0.705
17 18 75.785889884 0.705
17 19 75.785889884 0.705
17 20 83.97103393399999 0.3315
17 21 83.97103393399999 0.3315
17 22 83.97103393399999 0.3315
17 23 83.97103393399999 0.3315
17 24 65.47714356200001 0.5475
17 25 65.47714356200001 0.5475
17 26 65.47714356200001 0.5475
17 27 65.47714356200001 0.5475
17 28 67.704017342 0.6539999999999999
17 29 67.704017342 0.6539999999999999
17 30 67.704017342 0.6539999999999999
17 31 67.704017342 0.6539999999999999
17 32 68.694160154 0.687
17 33 68.694160154 0.687
17 34 68.694160154 0.687
17 35 68.694160154 0.687
17 36 79.73953979 0.63
17 37 79.73953979 0.63
17 38 79.73953979 0.63
17 39 79.73953979 0.63
17 40 75.182685548 0.732
17 41 75.182685548 0.732
17 42 75.182685548 0.732
17 43 75.182685548 0.732
17 44 87.451063232 0.2835
17 45 87.451063232 0.2835
17 46 87.451063232 0.2835
17 47 87.451063232 0.2835
17 48 81.727735604 0.7289999999999999
17 49 81.727735604 0.7289999999999999
17 50 81.727735604 0.7289999999999999
17 51 81.727735604 0.7289999999999999
17 52 88.527833258 0.6825
17 53 88.527833258 0.6825
17 54 88.527833258 0.6825
17 55 88.527833258 0.6825
17 56 66.19098021799999 0.423
17 57 66.19098021799999 0.423
17 58 66.19098021799999 0.423
17 59 66.19098021799999 0.423
17 60 78.21612060800001 0.252
17 61 78.21612060800001 0.252
17 62 78.21612060800001 0.252
17 63 78.21612060800001 0.252
17 64 84.19900024399999 0.6614999999999999
17 65 84.19900024399999 0.6614999999999999
17 66 84.19900024399999 0.6614999999999999
17 67 84.19900024399999 0.6614999999999999
17 68 80.44370850199999 0.723
17 69 80.44370850199999 0.723
17 70 80.44370850199999 0.723
17 71 80.44370850199999 0.723
17 72 65.085700676 0.5745
17 73 65.085700676 0.5745
17 74 65.085700676 0.5745
17 75 65.085700676 0.5745
17 76 81.93817871600001 0.72
17 77 81.93817871600001 0.72
17 78 81.93817871600001 0.72
17 79 81.93817871600001 0.72
17 80 79.167152102 0.7185
17 81 79.167152102 0.7185
17 82 79.167152102 0.7185
17 83 79.167152102 0.7185
17 84 67.63485839 0.63
17 85 67.63485839 0.63
17 86 67.63485839 0.63
17 87 67.63485839 0.63
17 88 86.534034422 0.5835
17 89 86.534034422 0.5835
17 90 86.534034422 0.5835
17 91 86.534034422 0.5835
17 92 84.250361336 0.6539999999999999
17 93 84.250361336 0.6539999999999999
17 94 84.250361336 0.6539999999999999
17 95 84.250361336 0.6539999999999999
17 96 80.266444088 0.6855
17 97 80.266444088 0.6855
17 98 80.266444088 0.6855
17 99 80.266444088 0.6855
17 100 88.51695679400001 0.711
17 101 88.51695679400001 0.711
17 102 88.51695679400001 0.711
17 103 88.51695679400001 0.711
17 104 66.47849243600001 0.732
17 105 66.47849243600001 0.732
17 106 66.47849243600001 0.732
17 107 66.47849243600001 0.732
17 108 78.06335570600001 0.2355
17 109 78.06335570600001 0.2355
17 110 78.06335570600001 0.2355
17 111 78.06335570600001 0.2355
17 112 79.218018806 0.7364999999999999
17 113 79.218018806 0.7364999999999999
17 114 79.218018806 0.7364999999999999
17 115 79.218018806 0.7364999999999999
17 116 87.698804936 0.7005
17 117 87.698804936 0.7005
17 118 87.698804936 0.7005
17 119 87.698804936 0.7005
17 120 76.87848021799999 0.612
17 121 76.87848021799999 0.612
17 122 76.87848021799999 0.612
17 123 76.87848021799999 0.612
17 124 77.339082038 0.6705
17 125 77.339082038 0.6705
17 126 77.339082038 0.6705
17 127 77.339082038 0.6705
18 0 66.5800061 0.1755
18 1 66.5800061 0.1755
18 2 76.645515128 0.471
18 3 76.645515128 0.471
18 4 74.207154542 0.4305
18 5 74.207154542 0.4305
18 6 72.11656615999999 0.4275
18 7 72.11656615999999 0.4275
18 8 73.526661374 0.48
18 9 73.526661374 0.48
18 10 67.47374389999999 0.20849999999999996
18 11 67.47374389999999 0.20849999999999996
18 12 73.88140991 0.495
18 13 73.88140991 0.495
18 14 64.159718018 0.1695
18 15 64.159718018 0.1695
18 16 73.70595825800001 0.468
18 17 73.70595825800001 0.468
18 18 66.7378247 0.312
18 19 66.7378247 0.312
18 20 80.904200432 0.2625
18 21 80.904200432 0.2625
18 22 81.67417725199999 0.49199999999999994
18 23 81.67417725199999 0.49199999999999994
18 24 63.973994144 0.27
18 25 63.973994144 0.27
18 26 73.506062012 0.43199999999999994
18 27 73.506062012 0.43199999999999994
18 28 65.68187378 0.1215
18 29 65.68187378 0.1215
18 30 80.016505124 0.49949999999999994
18 31 80.016505124 0.49949999999999994
18 32 67.34888427199999 0.453
18 33 67.34888427199999 0.453
18 34 71.32313354 0.40199999999999997
18 35 71.32313354 0.40199999999999997
18 36 77.64060180199999 0.48449999999999993
18 37 77.64060180199999 0.48449999999999993
18 38 70.428681644 0.363
18 39 70.428681644 0.363
18 40 73.51078613 0.495
18 41 73.51078613 0.495
18 42 68.041132808 0.4815
18 43 68.041132808 0.4815
18 44 84.907673348 0.40199999999999997
18 45 84.907673348 0.40199999999999997
18 46 91.483210454 0.4575
18 47 91.483210454 0.4575
18 48 79.296296378 0.4935
18 49 79.296296378 0.4935
18 50 85.934565428 0.315
18 51 85.934565428 0.315
18 52 85.337128904 0.4455
18 53 85.337128904 0.4455
18 54 62.444752196 0.297
18 55 62.444752196 0.297
18 56 65.111298836 0.399
18 57 65.111298836 0.399
18 58 71.90843018000001 0.49199999999999994
18 59 71.90843018000001 0.49199999999999994
18 60 76.03308228200001 0.3045
18 61 76.03308228200001 0.3045
18 62 78.063465578 0.49199999999999994
18 63 78.063465578 0.49199999999999994
18 64 81.98811158000001 0.2805
18 65 81.98811158000001 0.2805
18 66 93.89218262 0.4694999999999999
18 67 93.89218262 0.4694999999999999
18 68 77.81495484199999 0.486
18 69 77.81495484199999 0.486
18 70 77.76771362599999 0.486
18 71 77.76771362599999 0.486
18 72 63.866383052 0.4965
18 73 63.866383052 0.4965
18 74 81.40232055199999 0.336
18 75 81.40232055199999 0.336
18 76 79.29503295800001 0.4785
18 77 79.29503295800001 0.4785
18 78 77.276185304 0.414
18 79 77.276185304 0.414
18 80 76.937586674 0.4785
18 81 76.937586674 0.4785
18 82 59.031519782000004 0.1305
18 83 59.031519782000004 0.1305
18 84 66.58407104 0.345
18 85 66.58407104 0.345
18 86 61.47702149 0.5069999999999999
18 87 61.47702149 0.5069999999999999
18 88 83.81425902800001 0.3435
18 89 83.81425902800001 0.3435
18 90 66.720521246 0.267
18 91 66.720521246 0.267
18 92 81.833973386 0.3195
18 93 81.833973386 0.3195
18 94 62.963471678000005 0.318
18 95 62.963471678000005 0.318
18 96 78.197773442 0.288
18 97 78.197773442 0.288
18 98 75.795887444 0.45
18 99 75.795887444 0.45
18 100 85.91451537200001 0.4365
18 101 85.91451537200001 0.4365
18 102 61.579194332 0.1185
18 103 61.579194332 0.1185
18 104 64.509577628 0.4905
18 105 64.509577628 0.4905
18 106 64.695850826 0.018
18 107 64.695850826 0.018
18 108 76.366627196 0.0255
18 109 76.366627196 0.0255
18 110 72.27273682399999 0.393
18 111 72.27273682399999 0.393
18 112 77.34281738 0.474
18 113 77.34281738 0.474
18 114 79.24592408000001 0.021
18 115 79.24592408000001 0.021
18 116 85.183649906 0.4694999999999999
18 117 85.183649906 0.4694999999999999
18 118 66.5800061 0.1755
18 119 66.5800061 0.1755
18 120 75.001960454 0.453
18 121 75.001960454 0.453
18 122 59.031519782000004 0.1305
18 123 59.031519782000004 0.1305
18 124 75.54457518800001 0.438
18 125 75.54457518800001 0.438
18 126 71.32313354 0.40199999999999997
18 127 71.32313354 0.40199999999999997
19 0 64.21091430199999 0.0825
19 1 64.21091430199999 0.0825
19 2 72.856605218 0.237
19 3 72.856605218 0.237
19 4 70.8159497 0.0105
19 5 70.8159497 0.0105
19 6 70.48097655800001 0.204
19 7 70.48097655800001 0.204
19 8 70.578809816 0.2475
19 9 70.578809816 0.2475
19 10 65.42858398999999 0.012
19 11 65.42858398999999 0.012
19 12 70.79963500400001 0.18
19 13 70.79963500400001 0.18
19 14 63.28905152 0.18
19 15 63.28905152 0.18
19 16 70.824354242 0.24
19 17 70.824354242 0.24
19 18 63.942902834 0.1695
19 19 63.942902834 0.1695
19 20 77.544636224 0.2175
19 21 77.544636224 0.2175
19 22 79.1284253 0.2625
19 23 79.1284253 0.2625
19 24 61.98546875 0.2355
19 25 61.98546875 0.2355
19 26 70.558704842 0.084
19 27 70.558704842 0.084
19 28 63.114863288 0.0675
19 29 63.114863288 0.0675
19 30 75.786823724 0.27
19 31 75.786823724 0.27
19 32 65.846119388 0.213
19 33 65.846119388 0.213
19 34 69.61157348 0.207
19 35 69.61157348 0.207
19 36 74.57744872399999 0.2565
19 37 74.57744872399999 0.2565
19 38 67.77932862200001 0.17099999999999999
19 39 67.77932862200001 0.17099999999999999
19 40 70.946357414 0.267
19 41 70.946357414 0.267
19 42 65.34887817200001 0.25349999999999995
19 43 65.34887817200001 0.25349999999999995
19 44 82.260352778 0.2175
19 45 82.260352778 0.2175
19 46 86.89801146799999 0.237
19 47 86.89801146799999 0.237
19 48 76.54026612199999 0.111
19 49 76.54026612199999 0.111
19 50 82.857899174 0.219
19 51 82.857899174 0.219
19 52 81.22406738000001 0.1995
19 53 81.22406738000001 0.1995
19 54 59.95102051400001 0.19349999999999998
19 55 59.95102051400001 0.19349999999999998
19 56 63.729108878 0.1965
19 57 63.729108878 0.1965
19 58 68.583802496 0.261
19 59 68.583802496 0.261
19 60 74.138654786 0.252
19 61 74.138654786 0.252
19 62 75.203944088 0.267
19 63 75.203944088 0.267
19 64 79.45889405 0.0285
19 65 79.45889405 0.0285
19 66 90.718946528 0.24599999999999997
19 67 90.718946528 0.24599999999999997
19 68 73.88959472600001 0.2565
19 69 73.88959472600001 0.2565
19 70 74.970100094 0.2595
19 71 74.970100094 0.2595
19 72 62.23562744 0.27
19 73 62.23562744 0.27
19 74 77.562434084 0.012
19 75 77.562434084 0.012
19 76 75.40587280400001 0.2475
19 77 75.40587280400001 0.2475
19 78 73.997095946 0.192
19 79 73.997095946 0.192
19 80 73.97506835600001 0.249
19 81 73.97506835600001 0.249
19 82 57.677070308 0.20849999999999996
19 83 57.677070308 0.20849999999999996
19 84 65.243024906 0.1065
19 85 65.243024906 0.1065
19 86 59.032069088 0.21
19 87 59.032069088 0.21
19 88 80.311817624 0.1485
19 89 80.311817624 0.1485
19 90 64.408613288 0.11549999999999999
19 91 64.408613288 0.11549999999999999
19 92 78.362073968 0.225
19 93 78.362073968 0.225
19 94 61.16874512 0.237
19 95 61.16874512 0.237
19 96 75.307105706 0.06
19 97 75.307105706 0.06
19 98 73.013654786 0.22349999999999998
19 99 73.013654786 0.22349999999999998
19 100 82.172846678 0.252
19 101 82.172846678 0.252
19 102 59.699158933999996 0.08549999999999999
19 103 59.699158933999996 0.08549999999999999
19 104 61.61781128 0.258
19 105 61.61781128 0.258
19 106 63.153809816 0.20099999999999998
19 107 63.153809816 0.20099999999999998
19 108 74.190290522 0.129
19 109 74.190290522 0.129
19 110 68.93036621600001 0.24
19 111 68.93036621600001 0.24
19 112 73.992701408 0.2625
19 113 73.992701408 0.2625
19 114 76.79663207600001 0.159
19 115 76.79663207600001 0.159
19 116 82.238929448 0.2445
19 117 82.238929448 0.2445
19 118 64.21091430199999 0.0825
19 119 64.21091430199999 0.0825
19 120 72.371613776 0.23099999999999998
19 121 72.371613776 0.23099999999999998
19 122 57.677070308 0.20849999999999996
19 123 57.677070308 0.20849999999999996
19 124 73.38889283 0.21599999999999997
19 125 73.38889283 0.21599999999999997
19 126 69.61157348 0.207
19 127 69.61157348 0.207
20 0 62.283253172 0.024
20 1 62.283253172 0.024
20 2 69.75483521000001 0.072
20 3 69.75483521000001 0.072
20 4 68.297993168 0.0015
20 5 68.297993168 0.0015
20 6 68.95025146399999 0.0645
20 7 68.95025146399999 0.0645
20 8 68.259705818 0.069
20 9 68.259705818 0.069
20 10 62.99401366400001 0.003
20 11 62.99401366400001 0.003
20 12 67.79838988399999 0.05399999999999999
20 13 67.79838988399999 0.05399999999999999
20 14 62.59680298400001 0.0555
20 15 62.59680298400001 0.0555
20 16 68.091669914 0.0675
20 17 68.091669914 0.0675
20 18 61.336616215999996 0.0
20 19 61.336616215999996 0.0
20 20 74.2909253 0.0
20 21 74.2909253 0.0
20 22 76.73769042800001 0.0795
20 23 76.73769042800001 0.0795
20 24 60.325489508000004 0.069
20 25 60.325489508000004 0.069
20 26 67.892597654 0.0255
20 27 67.892597654 0.0255
20 28 60.702705085999995 0.021
20 29 60.702705085999995 0.021
20 30 71.702546378 0.084
20 31 71.702546378 0.084
20 32 64.91272094600001 0.0585
20 33 64.91272094600001 0.0585
20 34 67.97125976000001 0.06
20 35 67.97125976000001 0.06
20 36 72.189899906 0.0765
20 37 72.189899906 0.0765
20 38 65.908796378 0.0165
20 39 65.908796378 0.0165
20 40 68.464930424 0.0825
20 41 68.464930424 0.0825
20 42 62.837403566 0.0735
20 43 62.837403566 0.0735
20 44 79.757117924 0.057
20 45 79.757117924 0.057
20 46 82.790827628 0.06149999999999999
20 47 82.790827628 0.06149999999999999
20 48 74.107618412 0.036
20 49 74.107618412 0.036
20 50 79.851051032 0.066
20 51 79.851051032 0.066
20 52 77.972608634 0.057
20 53 77.972608634 0.057
20 54 57.417683108000006 0.05399999999999999
20 55 57.417683108000006 0.05399999999999999
20 56 62.72638671199999 0.05399999999999999
20 57 62.72638671199999 0.05399999999999999
20 58 65.693244632 0.0735
20 59 65.693244632 0.0735
20 60 72.658961186 0.0765
20 61 72.658961186 0.0765
20 62 72.52992676400001 0.084
20 63 72.52992676400001 0.084
20 64 77.01207396800001 0.006
20 65 77.01207396800001 0.006
20 66 87.151521002 0.072
20 67 87.151521002 0.072
20 68 70.28657348 0.075
20 69 70.28657348 0.075
20 70 72.05015381000001 0.078
20 71 72.05015381000001 0.078
20 72 60.372401126 0.087
20 73 60.372401126 0.087
20 74 74.096741948 0.0
20 75 74.096741948 0.0
20 76 71.937104486 0.0705
20 77 71.937104486 0.0705
20 78 71.113624268 0.0
20 79 71.113624268 0.0
20 80 71.315992436 0.072
20 81 71.315992436 0.072
20 82 57.007728266 0.0765
20 83 57.007728266 0.0765
20 84 63.748280030000004 0.0
20 85 63.748280030000004 0.0
20 86 57.611536862 0.066
20 87 57.611536862 0.066
20 88 77.64065673799999 0.0225
20 89 77.64065673799999 0.0225
20 90 62.254194332 0.036
20 91 62.254194332 0.036
20 92 75.070899662 0.069
20 93 75.070899662 0.069
20 94 59.238062744000004 0.075
20 95 59.238062744000004 0.075
20 96 72.30750854 0.0165
20 97 72.30750854 0.0165
20 98 70.591169426 0.06149999999999999
20 99 70.591169426 0.06149999999999999
20 100 78.70435302199999 0.072
20 101 78.70435302199999 0.072
20 102 59.07782714 0.0255
20 103 59.07782714 0.0255
20 104 58.752302252 0.075
20 105 58.752302252 0.075
20 106 61.63484009 0.0
20 107 61.63484009 0.0
20 108 72.043562012 0.0405
20 109 72.043562012 0.0405
20 110 66.193232414 0.069
20 111 66.193232414 0.069
20 112 70.38484618999999 0.0885
20 113 70.38484618999999 0.0885
20 114 74.446931156 0.0285
20 115 74.446931156 0.0285
20 116 79.343702384 0.0705
20 117 79.343702384 0.0705
20 118 62.283253172 0.024
20 119 62.283253172 0.024
20 120 69.297529298 0.063
20 121 69.297529298 0.063
20 122 57.007728266 0.0765
20 123 57.007728266 0.0765
20 124 71.934412838 0.06
20 125 71.934412838 0.06
20 126 67.97125976000001 0.06
20 127 67.97125976000001 0.06
21 0 60.822071528 0.0
21 1 73.011787106 0.0
21 2 68.083265372 0.0
21 3 69.62244994400001 0.0
21 4 66.27782714 0.0
21 5 73.141810304 0.0
21 6 67.49719970000001 0.0
21 7 72.343214114 0.0
21 8 67.13997924200001 0.0
21 9 69.74000366 0.0
21 10 61.007136224 0.0
21 11 58.956922616 0.0
21 12 65.849799812 0.0
21 13 71.267762444 0.0
21 14 62.082423104 0.0
21 15 63.99827393 0.0
21 16 66.225257564 0.0
21 17 61.02982299200001 0.0
21 18 59.767438964 0.0
21 19 59.789631344 0.0
21 20 71.638715822 0.0
21 21 53.09373902 0.0
21 22 74.43682372399999 0.0
21 23 71.91408813800001 0.0
21 24 59.304969482000004 0.0
21 25 64.745124512 0.0
21 26 66.268104242 0.0
21 27 63.035871584000006 0.0
21 28 58.99812134 0.0
21 29 65.718568112 0.0
21 30 69.53329589 0.0
21 31 71.16927002599999 0.0
21 32 64.456953134 0.0
21 33 64.245356438 0.0
21 34 66.90256469600001 0.0
21 35 67.702753904 0.0
21 36 71.394489752 0.0
21 37 66.903223874 0.0
21 38 64.895856926 0.0
21 39 61.007136224 0.0
21 40 66.903223874 0.0
21 41 63.897639151999996 0.0
21 42 61.410828866 0.0
21 43 57.454761956 0.0
21 44 77.92130249600001 0.0
21 45 63.880665278 0.0
21 46 80.367133784 0.0
21 47 58.475062256 0.0
21 48 72.200501708 0.0
21 49 68.57424438800001 0.0
21 50 77.02437866 0.0
21 51 58.903693844 0.0
21 52 76.045386956 0.0
21 53 75.293317868 0.0
21 54 55.688654786 0.0
21 55 62.23952759 0.0
21 56 62.182563476 0.0
21 57 72.343214114 0.0
21 58 63.750037838 0.0
21 59 65.953730462 0.0
21 60 71.50171631 0.0
21 61 72.47829100999999 0.0
21 62 71.136365972 0.0
21 63 59.958216554 0.0
21 64 75.119953622 0.0
21 65 65.41023682400001 0.0
21 66 84.259809572 0.0
21 67 76.072303472 0.0
21 68 68.091834722 0.0
21 69 65.783826896 0.0
21 70 70.1628125 0.0
21 71 48.9272290034 0.0
21 72 58.946210942 0.0
21 73 67.933686524 0.0
21 74 70.315961918 0.0
21 75 59.453889152 0.0
21 76 70.035810548 0.0
21 77 63.136506344000004 0.0
21 78 69.19002807800001 0.0
21 79 65.953730462 0.0
21 80 69.549390878 0.0
21 81 66.345887444 0.0
21 82 56.932471922000005 0.0
21 83 66.333033446 0.0
21 84 62.309675299999995 0.0
21 85 62.167841798 0.0
21 86 56.633918449999996 0.0
21 87 60.822071528 0.0
21 88 75.84329345 0.0
21 89 64.27523926399999 0.0
21 90 60.510883784 0.0
21 91 57.668885492 0.0
21 92 73.011787106 0.0
21 93 64.75764893 0.0
21 94 57.44047973 0.0
21 95 68.656202384 0.0
21 96 69.97483643000001 0.0
21 97 64.88399170400001 0.0
21 98 68.890046378 0.0
21 99 58.551856682 0.0
21 100 76.970545646 0.0
21 101 60.010017098 0.0
21 102 59.454493412000005 0.0
21 103 62.691669914 0.0
21 104 56.82859619 0.0
21 105 66.21317261600001 0.0
21 106 60.468092041999995 0.0
21 107 74.714283446 0.0
21 108 70.492841798 0.0
21 109 68.448560792 0.0
21 110 64.27523926399999 0.0
21 111 67.188868412 0.0
21 112 68.17417725199999 0.0
21 113 66.389777834 0.0
21 114 72.930378416 0.0
21 115 63.880665278 0.0
21 116 77.12188232 0.0
21 117 62.630695796 0.0
21 118 60.822071528 0.0
21 119 60.356361092 0.0
21 120 66.64916503399999 0.0
21 121 63.99827393 0.0
21 122 56.932471922000005 0.0
21 123 66.938654786 0.0
21 124 71.08077515 0.0
21 125 65.718568112 0.0
21 126 66.90256469600001 0.0
21 127 65.953730462 0.0
22 0 59.515083014 0.0
22 1 71.39278686200001 0.0
22 2 66.56726195600001 0.0
22 3 68.389289546 0.0
22 4 64.46552246600001 0.0
22 5 70.428681644 0.0
22 6 66.09045533 0.0
22 7 71.320661618 0.0
22 8 66.38153808199999 0.0
22 9 68.857581794 0.0
22 10 59.42296265 0.0
22 11 58.677869876 0.0
22 12 64.53281372000001 0.0
22 13 70.84577759 0.0
22 14 61.670271002 0.0
22 15 62.955122071999995 0.0
22 16 64.745289302 0.0
22 17 60.083845214 0.0
22 18 58.598438720000004 0.0
22 19 58.04077271 0.0
22 20 69.645026858 0.0
22 21 52.481635736 0.0
22 22 72.352717286 0.0
22 23 70.587763664 0.0
22 24 58.454737556 0.0
22 25 63.382050788 0.0
22 26 65.153651126 0.0
22 27 61.540577384 0.0
22 28 57.882679448000005 0.0
22 29 64.711121828 0.0
22 30 68.110291742 0.0
22 31 69.860743412 0.0
22 32 64.05468872 0.0
22 33 63.41446045400001 0.0
22 34 66.28914307400001 0.0
22 35 66.59901244400001 0.0
22 36 70.74602173400001 0.0
22 37 65.88297851 0.0
22 38 63.792719726 0.0
22 39 59.42296265 0.0
22 40 65.88297851 0.0
22 41 62.464143074 0.0
22 42 60.383332526000004 0.0
22 43 57.03546875 0.0
22 44 76.57827881 0.0
22 45 63.098383784 0.0
22 46 78.544007564 0.0
22 47 57.449598386 0.0
22 48 70.572327872 0.0
22 49 65.467310792 0.0
22 50 74.210450432 0.0
22 51 58.617445064 0.0
22 52 74.44484375 0.0
22 53 74.052521978 0.0
22 54 54.446650394 0.0
22 55 60.911665033999995 0.0
22 56 61.411433108 0.0
22 57 71.320661618 0.0
22 58 61.91977051400001 0.0
22 59 64.65036743600001 0.0
22 60 70.579468994 0.0
22 61 70.236475826 0.0
22 62 70.08969848000001 0.0
22 63 59.496021733999996 0.0
22 64 73.606367192 0.0
22 65 65.139973142 0.0
22 66 81.9393872 0.0
22 67 73.67234009 0.0
22 68 66.351325676 0.0
22 69 64.602247316 0.0
22 70 68.97041137400001 0.0
22 71 47.0331311036 0.0
22 72 58.150031737999996 0.0
22 73 66.562592774 0.0
22 74 66.3659375 0.0
22 75 58.047309572 0.0
22 76 68.486024174 0.0
22 77 61.309864508000004 0.0
22 78 67.671607658 0.0
22 79 64.65036743600001 0.0
22 80 68.48514527 0.0
22 81 64.81312987999999 0.0
22 82 56.207484122 0.0
22 83 63.696204842 0.0
22 84 61.006202384 0.0
22 85 61.116340334 0.0
22 86 54.960206306 0.0
22 87 59.515083014 0.0
22 88 73.980177008 0.0
22 89 62.611579598 0.0
22 90 58.864967042 0.0
22 91 55.926783446 0.0
22 92 71.39278686200001 0.0
22 93 64.580219726 0.0
22 94 55.618012688 0.0
22 95 66.700690916 0.0
22 96 67.72609985 0.0
22 97 63.536463626 0.0
22 98 67.43671997 0.0
22 99 57.261622316 0.0
22 100 75.92717408 0.0
22 101 59.214771733999996 0.0
22 102 59.224824212 0.0
22 103 61.649671622 0.0
22 104 55.416853022 0.0
22 105 65.473188476 0.0
22 106 59.357264396000005 0.0
22 107 72.6487439 0.0
22 108 69.303626708 0.0
22 109 67.70819213600001 0.0
22 110 62.611579598 0.0
22 111 66.237122804 0.0
22 112 66.584180912 0.0
22 113 64.96820189600001 0.0
22 114 71.67535521799999 0.0
22 115 63.098383784 0.0
22 116 75.35280884 0.0
22 117 61.739869388 0.0
22 118 59.515083014 0.0
22 119 59.593250732 0.0
22 120 64.43316771799999 0.0
22 121 62.955122071999995 0.0
22 122 56.207484122 0.0
22 123 65.842713626 0.0
22 124 70.155067136 0.0
22 125 64.711121828 0.0
22 126 66.28914307400001 0.0
22 127 64.65036743600001 0.0
23 0 58.21095092 0.0
23 1 69.672163082 0.0
23 2 64.920686036 0.0
23 3 67.42798584799999 0.0
23 4 62.807795401999996 0.0
23 5 67.572950432 0.0
23 6 65.105640878 0.0
23 7 70.321455086 0.0
23 8 65.725050056 0.0
23 9 67.90764893 0.0
23 10 57.743812256 0.0
23 11 57.668885492 0.0
23 12 63.537397466 0.0
23 13 69.604707038 0.0
23 14 61.390504148000005 0.0
23 15 61.480811767999995 0.0
23 16 63.373096922 0.0
23 17 59.1737378 0.0
23 18 57.450147709999996 0.0
23 19 56.536799324 0.0
23 20 68.34633301400001 0.0
23 21 52.370838626 0.0
23 22 70.903345946 0.0
23 23 69.435737312 0.0
23 24 57.588630368 0.0
23 25 62.233704842 0.0
23 26 64.104731438 0.0
23 27 59.958656006 0.0
23 28 57.059418938 0.0
23 29 63.773548592 0.0
23 30 66.65603149399999 0.0
23 31 68.601380612 0.0
23 32 63.809144294 0.0
23 33 62.187067868 0.0
23 34 65.835023198 0.0
23 35 65.60101439600001 0.0
23 36 69.755549324 0.0
23 37 65.00297363 0.0
23 38 62.58773926400001 0.0
23 39 57.743812256 0.0
23 40 65.00297363 0.0
23 41 61.075745852000004 0.0
23 42 59.355012200000004 0.0
23 43 56.856831062 0.0
23 44 75.35286377599999 0.0
23 45 62.406629636 0.0
23 46 76.917756344 0.0
23 47 56.623481438 0.0
23 48 69.0346814 0.0
23 49 62.930842286 0.0
23 50 71.41031006 0.0
23 51 58.398817136 0.0
23 52 72.93532225999999 0.0
23 53 73.04546021 0.0
23 54 53.28704345 0.0
23 55 59.75985839 0.0
23 56 60.422224118 0.0
23 57 70.321455086 0.0
23 58 60.426398930000005 0.0
23 59 63.34046753 0.0
23 60 69.707593994 0.0
23 61 68.077717286 0.0
23 62 68.708167718 0.0
23 63 59.044978022 0.0
23 64 72.238349606 0.0
23 65 64.980561524 0.0
23 66 79.940589602 0.0
23 67 71.803840334 0.0
23 68 64.610432132 0.0
23 69 63.421656494 0.0
23 70 68.074311524 0.0
23 71 45.4364331062 0.0
23 72 57.862739264 0.0
23 73 65.29389161 0.0
23 74 63.40265015 0.0
23 75 56.748670646 0.0
23 76 66.68937500000001 0.0
23 77 59.945032958 0.0
23 78 66.229761956 0.0
23 79 63.34046753 0.0
23 80 68.04547241 0.0
23 81 63.385072016 0.0
23 82 55.241840822 0.0
23 83 61.312885736 0.0
23 84 59.911689452 0.0
23 85 60.327467041999995 0.0
23 86 53.22079589 0.0
23 87 58.21095092 0.0
23 88 72.182264396 0.0
23 89 61.287067867999994 0.0
23 90 57.330506588000006 0.0
23 91 54.413471678 0.0
23 92 69.672163082 0.0
23 93 63.944660642 0.0
23 94 53.592628172000005 0.0
23 95 64.085395514 0.0
23 96 65.51251953799999 0.0
23 97 62.422614752 0.0
23 98 66.028712162 0.0
23 99 56.22313964 0.0
23 100 74.878474118 0.0
23 101 58.028413082 0.0
23 102 58.506428228000004 0.0
23 103 61.063880612 0.0
23 104 54.124036862 0.0
23 105 65.033790278 0.0
23 106 58.464625244000004 0.0
23 107 70.79655884 0.0
23 108 68.23844726 0.0
23 109 66.87125366000001 0.0
23 110 61.287067867999994 0.0
23 111 65.230720214 0.0
23 112 64.949030762 0.0
23 113 63.500098874 0.0
23 114 70.39967774 0.0
23 115 62.406629636 0.0
23 116 73.757484122 0.0
23 117 61.109144294000004 0.0
23 118 58.21095092 0.0
23 119 59.023664546 0.0
23 120 62.617292474 0.0
23 121 61.480811767999995 0.0
23 122 55.241840822 0.0
23 123 64.637238776 0.0
23 124 69.27484253 0.0
23 125 63.773548592 0.0
23 126 65.835023198 0.0
23 127 63.34046753 0.0
