time period scenario temperature renewable energy
0 0 63.230329598 0.0
0 1 63.230329598 0.0
0 2 63.230329598 0.0
0 3 63.230329598 0.0
0 4 63.230329598 0.0
0 5 63.230329598 0.0
0 6 63.230329598 0.0
0 7 63.230329598 0.0
0 8 63.230329598 0.0
0 9 63.230329598 0.0
0 10 63.230329598 0.0
0 11 63.230329598 0.0
0 12 63.230329598 0.0
0 13 63.230329598 0.0
0 14 63.230329598 0.0
0 15 63.230329598 0.0
0 16 63.230329598 0.0
0 17 63.230329598 0.0
0 18 63.230329598 0.0
0 19 63.230329598 0.0
0 20 63.230329598 0.0
0 21 63.230329598 0.0
0 22 63.230329598 0.0
0 23 63.230329598 0.0
0 24 63.230329598 0.0
0 25 63.230329598 0.0
0 26 63.230329598 0.0
0 27 63.230329598 0.0
0 28 63.230329598 0.0
0 29 63.230329598 0.0
0 30 63.230329598 0.0
0 31 63.230329598 0.0
0 32 63.230329598 0.0
0 33 63.230329598 0.0
0 34 63.230329598 0.0
0 35 63.230329598 0.0
0 36 63.230329598 0.0
0 37 63.230329598 0.0
0 38 63.230329598 0.0
0 39 63.230329598 0.0
0 40 63.230329598 0.0
0 41 63.230329598 0.0
0 42 63.230329598 0.0
0 43 63.230329598 0.0
0 44 63.230329598 0.0
0 45 63.230329598 0.0
0 46 63.230329598 0.0
0 47 63.230329598 0.0
0 48 63.230329598 0.0
0 49 63.230329598 0.0
0 50 63.230329598 0.0
0 51 63.230329598 0.0
0 52 63.230329598 0.0
0 53 63.230329598 0.0
0 54 63.230329598 0.0
0 55 63.230329598 0.0
0 56 63.230329598 0.0
0 57 63.230329598 0.0
0 58 63.230329598 0.0
0 59 63.230329598 0.0
0 60 63.230329598 0.0
0 61 63.230329598 0.0
0 62 63.230329598 0.0
0 63 63.230329598 0.0
0 64 63.230329598 0.0
0 65 63.230329598 0.0
0 66 63.230329598 0.0
0 67 63.230329598 0.0
0 68 63.230329598 0.0
0 69 63.230329598 0.0
0 70 63.230329598 0.0
0 71 63.230329598 0.0
0 72 63.230329598 0.0
0 73 63.230329598 0.0
0 74 63.230329598 0.0
0 75 63.230329598 0.0
0 76 63.230329598 0.0
0 77 63.230329598 0.0
0 78 63.230329598 0.0
0 79 63.230329598 0.0
0 80 63.230329598 0.0
0 81 63.230329598 0.0
0 82 63.230329598 0.0
0 83 63.230329598 0.0
0 84 63.230329598 0.0
0 85 63.230329598 0.0
0 86 63.230329598 0.0
0 87 63.230329598 0.0
0 88 63.230329598 0.0
0 89 63.230329598 0.0
0 90 63.230329598 0.0
0 91 63.230329598 0.0
0 92 63.230329598 0.0
0 93 63.230329598 0.0
0 94 63.230329598 0.0
0 95 63.230329598 0.0
0 96 63.230329598 0.0
0 97 63.230329598 0.0
0 98 63.230329598 0.0
0 99 63.230329598 0.0
0 100 63.230329598 0.0
0 101 63.230329598 0.0
0 102 63.230329598 0.0
0 103 63.230329598 0.0
0 104 63.230329598 0.0
0 105 63.230329598 0.0
0 106 63.230329598 0.0
0 107 63.230329598 0.0
0 108 63.230329598 0.0
0 109 63.230329598 0.0
0 110 63.230329598 0.0
0 111 63.230329598 0.0
0 112 63.230329598 0.0
0 113 63.230329598 0.0
0 114 63.230329598 0.0
0 115 63.230329598 0.0
0 116 63.230329598 0.0
0 117 63.230329598 0.0
0 118 63.230329598 0.0
0 119 63.230329598 0.0
0 120 63.230329598 0.0
0 121 63.230329598 0.0
0 122 63.230329598 0.0
0 123 63.230329598 0.0
0 124 63.230329598 0.0
0 125 63.230329598 0.0
0 126 63.230329598 0.0
0 127 63.230329598 0.0
1 0 63.077454842 0.0
1 1 63.077454842 0.0
1 2 63.077454842 0.0
1 3 63.077454842 0.0
1 4 63.077454842 0.0
1 5 63.077454842 0.0
1 6 63.077454842 0.0
1 7 63.077454842 0.0
1 8 63.077454842 0.0
1 9 63.077454842 0.0
1 10 63.077454842 0.0
1 11 63.077454842 0.0
1 12 63.077454842 0.0
1 13 63.077454842 0.0
1 14 63.077454842 0.0
1 15 63.077454842 0.0
1 16 63.077454842 0.0
1 17 63.077454842 0.0
1 18 63.077454842 0.0
1 19 63.077454842 0.0
1 20 63.077454842 0.0
1 21 63.077454842 0.0
1 22 63.077454842 0.0
1 23 63.077454842 0.0
1 24 63.077454842 0.0
1 25 63.077454842 0.0
1 26 63.077454842 0.0
1 27 63.077454842 0.0
1 28 63.077454842 0.0
1 29 63.077454842 0.0
1 30 63.077454842 0.0
1 31 63.077454842 0.0
1 32 63.077454842 0.0
1 33 63.077454842 0.0
1 34 63.077454842 0.0
1 35 63.077454842 0.0
1 36 63.077454842 0.0
1 37 63.077454842 0.0
1 38 63.077454842 0.0
1 39 63.077454842 0.0
1 40 63.077454842 0.0
1 41 63.077454842 0.0
1 42 63.077454842 0.0
1 43 63.077454842 0.0
1 44 63.077454842 0.0
1 45 63.077454842 0.0
1 46 63.077454842 0.0
1 47 63.077454842 0.0
1 48 63.077454842 0.0
1 49 63.077454842 0.0
1 50 63.077454842 0.0
1 51 63.077454842 0.0
1 52 63.077454842 0.0
1 53 63.077454842 0.0
1 54 63.077454842 0.0
1 55 63.077454842 0.0
1 56 63.077454842 0.0
1 57 63.077454842 0.0
1 58 63.077454842 0.0
1 59 63.077454842 0.0
1 60 63.077454842 0.0
1 61 63.077454842 0.0
1 62 63.077454842 0.0
1 63 63.077454842 0.0
1 64 63.077454842 0.0
1 65 63.077454842 0.0
1 66 63.077454842 0.0
1 67 63.077454842 0.0
1 68 63.077454842 0.0
1 69 63.077454842 0.0
1 70 63.077454842 0.0
1 71 63.077454842 0.0
1 72 63.077454842 0.0
1 73 63.077454842 0.0
1 74 63.077454842 0.0
1 75 63.077454842 0.0
1 76 63.077454842 0.0
1 77 63.077454842 0.0
1 78 63.077454842 0.0
1 79 63.077454842 0.0
1 80 63.077454842 0.0
1 81 63.077454842 0.0
1 82 63.077454842 0.0
1 83 63.077454842 0.0
1 84 63.077454842 0.0
1 85 63.077454842 0.0
1 86 63.077454842 0.0
1 87 63.077454842 0.0
1 88 63.077454842 0.0
1 89 63.077454842 0.0
1 90 63.077454842 0.0
1 91 63.077454842 0.0
1 92 63.077454842 0.0
1 93 63.077454842 0.0
1 94 63.077454842 0.0
1 95 63.077454842 0.0
1 96 63.077454842 0.0
1 97 63.077454842 0.0
1 98 63.077454842 0.0
1 99 63.077454842 0.0
1 100 63.077454842 0.0
1 101 63.077454842 0.0
1 102 63.077454842 0.0
1 103 63.077454842 0.0
1 104 63.077454842 0.0
1 105 63.077454842 0.0
1 106 63.077454842 0.0
1 107 63.077454842 0.0
1 108 63.077454842 0.0
1 109 63.077454842 0.0
1 110 63.077454842 0.0
1 111 63.077454842 0.0
1 112 63.077454842 0.0
1 113 63.077454842 0.0
1 114 63.077454842 0.0
1 115 63.077454842 0.0
1 116 63.077454842 0.0
1 117 63.077454842 0.0
1 118 63.077454842 0.0
1 119 63.077454842 0.0
1 120 63.077454842 0.0
1 121 63.077454842 0.0
1 122 63.077454842 0.0
1 123 63.077454842 0.0
1 124 63.077454842 0.0
1 125 63.077454842 0.0
1 126 63.077454842 0.0
1 127 63.077454842 0.0
2 0 62.732099606000006 0.0
2 1 62.732099606000006 0.0
2 2 62.732099606000006 0.0
2 3 62.732099606000006 0.0
2 4 62.732099606000006 0.0
2 5 62.732099606000006 0.0
2 6 62.732099606000006 0.0
2 7 62.732099606000006 0.0
2 8 62.732099606000006 0.0
2 9 62.732099606000006 0.0
2 10 62.732099606000006 0.0
2 11 62.732099606000006 0.0
2 12 62.732099606000006 0.0
2 13 62.732099606000006 0.0
2 14 62.732099606000006 0.0
2 15 62.732099606000006 0.0
2 16 62.732099606000006 0.0
2 17 62.732099606000006 0.0
2 18 62.732099606000006 0.0
2 19 62.732099606000006 0.0
2 20 62.732099606000006 0.0
2 21 62.732099606000006 0.0
2 22 62.732099606000006 0.0
2 23 62.732099606000006 0.0
2 24 62.732099606000006 0.0
2 25 62.732099606000006 0.0
2 26 62.732099606000006 0.0
2 27 62.732099606000006 0.0
2 28 62.732099606000006 0.0
2 29 62.732099606000006 0.0
2 30 62.732099606000006 0.0
2 31 62.732099606000006 0.0
2 32 62.732099606000006 0.0
2 33 62.732099606000006 0.0
2 34 62.732099606000006 0.0
2 35 62.732099606000006 0.0
2 36 62.732099606000006 0.0
2 37 62.732099606000006 0.0
2 38 62.732099606000006 0.0
2 39 62.732099606000006 0.0
2 40 62.732099606000006 0.0
2 41 62.732099606000006 0.0
2 42 62.732099606000006 0.0
2 43 62.732099606000006 0.0
2 44 62.732099606000006 0.0
2 45 62.732099606000006 0.0
2 46 62.732099606000006 0.0
2 47 62.732099606000006 0.0
2 48 62.732099606000006 0.0
2 49 62.732099606000006 0.0
2 50 62.732099606000006 0.0
2 51 62.732099606000006 0.0
2 52 62.732099606000006 0.0
2 53 62.732099606000006 0.0
2 54 62.732099606000006 0.0
2 55 62.732099606000006 0.0
2 56 62.732099606000006 0.0
2 57 62.732099606000006 0.0
2 58 62.732099606000006 0.0
2 59 62.732099606000006 0.0
2 60 62.732099606000006 0.0
2 61 62.732099606000006 0.0
2 62 62.732099606000006 0.0
2 63 62.732099606000006 0.0
2 64 62.732099606000006 0.0
2 65 62.732099606000006 0.0
2 66 62.732099606000006 0.0
2 67 62.732099606000006 0.0
2 68 62.732099606000006 0.0
2 69 62.732099606000006 0.0
2 70 62.732099606000006 0.0
2 71 62.732099606000006 0.0
2 72 62.732099606000006 0.0
2 73 62.732099606000006 0.0
2 74 62.732099606000006 0.0
2 75 62.732099606000006 0.0
2 76 62.732099606000006 0.0
2 77 62.732099606000006 0.0
2 78 62.732099606000006 0.0
2 79 62.732099606000006 0.0
2 80 62.732099606000006 0.0
2 81 62.732099606000006 0.0
2 82 62.732099606000006 0.0
2 83 62.732099606000006 0.0
2 84 62.732099606000006 0.0
2 85 62.732099606000006 0.0
2 86 62.732099606000006 0.0
2 87 62.732099606000006 0.0
2 88 62.732099606000006 0.0
2 89 62.732099606000006 0.0
2 90 62.732099606000006 0.0
2 91 62.732099606000006 0.0
2 92 62.732099606000006 0.0
2 93 62.732099606000006 0.0
2 94 62.732099606000006 0.0
2 95 62.732099606000006 0.0
2 96 62.732099606000006 0.0
2 97 62.732099606000006 0.0
2 98 62.732099606000006 0.0
2 99 62.732099606000006 0.0
2 100 62.732099606000006 0.0
2 101 62.732099606000006 0.0
2 102 62.732099606000006 0.0
2 103 62.732099606000006 0.0
2 104 62.732099606000006 0.0
2 105 62.732099606000006 0.0
2 106 62.732099606000006 0.0
2 107 62.732099606000006 0.0
2 108 62.732099606000006 0.0
2 109 62.732099606000006 0.0
2 110 62.732099606000006 0.0
2 111 62.732099606000006 0.0
2 112 62.732099606000006 0.0
2 113 62.732099606000006 0.0
2 114 62.732099606000006 0.0
2 115 62.732099606000006 0.0
2 116 62.732099606000006 0.0
2 117 62.732099606000006 0.0
2 118 62.732099606000006 0.0
2 119 62.732099606000006 0.0
2 120 62.732099606000006 0.0
2 121 62.732099606000006 0.0
2 122 62.732099606000006 0.0
2 123 62.732099606000006 0.0
2 124 62.732099606000006 0.0
2 125 62.732099606000006 0.0
2 126 62.732099606000006 0.0
2 127 62.732099606000006 0.0
3 0 61.659504392 0.0
3 1 61.659504392 0.0
3 2 61.659504392 0.0
3 3 61.659504392 0.0
3 4 61.659504392 0.0
3 5 61.659504392 0.0
3 6 61.659504392 0.0
3 7 61.659504392 0.0
3 8 61.659504392 0.0
3 9 61.659504392 0.0
3 10 61.659504392 0.0
3 11 61.659504392 0.0
3 12 61.659504392 0.0
3 13 61.659504392 0.0
3 14 61.659504392 0.0
3 15 61.659504392 0.0
3 16 61.659504392 0.0
3 17 61.659504392 0.0
3 18 61.659504392 0.0
3 19 61.659504392 0.0
3 20 61.659504392 0.0
3 21 61.659504392 0.0
3 22 61.659504392 0.0
3 23 61.659504392 0.0
3 24 61.659504392 0.0
3 25 61.659504392 0.0
3 26 61.659504392 0.0
3 27 61.659504392 0.0
3 28 61.659504392 0.0
3 29 61.659504392 0.0
3 30 61.659504392 0.0
3 31 61.659504392 0.0
3 32 61.659504392 0.0
3 33 61.659504392 0.0
3 34 61.659504392 0.0
3 35 61.659504392 0.0
3 36 61.659504392 0.0
3 37 61.659504392 0.0
3 38 61.659504392 0.0
3 39 61.659504392 0.0
3 40 61.659504392 0.0
3 41 61.659504392 0.0
3 42 61.659504392 0.0
3 43 61.659504392 0.0
3 44 61.659504392 0.0
3 45 61.659504392 0.0
3 46 61.659504392 0.0
3 47 61.659504392 0.0
3 48 61.659504392 0.0
3 49 61.659504392 0.0
3 50 61.659504392 0.0
3 51 61.659504392 0.0
3 52 61.659504392 0.0
3 53 61.659504392 0.0
3 54 61.659504392 0.0
3 55 61.659504392 0.0
3 56 61.659504392 0.0
3 57 61.659504392 0.0
3 58 61.659504392 0.0
3 59 61.659504392 0.0
3 60 61.659504392 0.0
3 61 61.659504392 0.0
3 62 61.659504392 0.0
3 63 61.659504392 0.0
3 64 52.84610717 0.0
3 65 52.84610717 0.0
3 66 52.84610717 0.0
3 67 52.84610717 0.0
3 68 52.84610717 0.0
3 69 52.84610717 0.0
3 70 52.84610717 0.0
3 71 52.84610717 0.0
3 72 52.84610717 0.0
3 73 52.84610717 0.0
3 74 52.84610717 0.0
3 75 52.84610717 0.0
3 76 52.84610717 0.0
3 77 52.84610717 0.0
3 78 52.84610717 0.0
3 79 52.84610717 0.0
3 80 52.84610717 0.0
3 81 52.84610717 0.0
3 82 52.84610717 0.0
3 83 52.84610717 0.0
3 84 52.84610717 0.0
3 85 52.84610717 0.0
3 86 52.84610717 0.0
3 87 52.84610717 0.0
3 88 52.84610717 0.0
3 89 52.84610717 0.0
3 90 52.84610717 0.0
3 91 52.84610717 0.0
3 92 52.84610717 0.0
3 93 52.84610717 0.0
3 94 52.84610717 0.0
3 95 52.84610717 0.0
3 96 52.84610717 0.0
3 97 52.84610717 0.0
3 98 52.84610717 0.0
3 99 52.84610717 0.0
3 100 52.84610717 0.0
3 101 52.84610717 0.0
3 102 52.84610717 0.0
3 103 52.84610717 0.0
3 104 52.84610717 0.0
3 105 52.84610717 0.0
3 106 52.84610717 0.0
3 107 52.84610717 0.0
3 108 52.84610717 0.0
3 109 52.84610717 0.0
3 110 52.84610717 0.0
3 111 52.84610717 0.0
3 112 52.84610717 0.0
3 113 52.84610717 0.0
3 114 52.84610717 0.0
3 115 52.84610717 0.0
3 116 52.84610717 0.0
3 117 52.84610717 0.0
3 118 52.84610717 0.0
3 119 52.84610717 0.0
3 120 52.84610717 0.0
3 121 52.84610717 0.0
3 122 52.84610717 0.0
3 123 52.84610717 0.0
3 124 52.84610717 0.0
3 125 52.84610717 0.0
3 126 52.84610717 0.0
3 127 52.84610717 0.0
4 0 60.378937988000004 0.0
4 1 60.378937988000004 0.0
4 2 60.378937988000004 0.0
4 3 60.378937988000004 0.0
4 4 60.378937988000004 0.0
4 5 60.378937988000004 0.0
4 6 60.378937988000004 0.0
4 7 60.378937988000004 0.0
4 8 60.378937988000004 0.0
4 9 60.378937988000004 0.0
4 10 60.378937988000004 0.0
4 11 60.378937988000004 0.0
4 12 60.378937988000004 0.0
4 13 60.378937988000004 0.0
4 14 60.378937988000004 0.0
4 15 60.378937988000004 0.0
4 16 60.378937988000004 0.0
4 17 60.378937988000004 0.0
4 18 60.378937988000004 0.0
4 19 60.378937988000004 0.0
4 20 60.378937988000004 0.0
4 21 60.378937988000004 0.0
4 22 60.378937988000004 0.0
4 23 60.378937988000004 0.0
4 24 60.378937988000004 0.0
4 25 60.378937988000004 0.0
4 26 60.378937988000004 0.0
4 27 60.378937988000004 0.0
4 28 60.378937988000004 0.0
4 29 60.378937988000004 0.0
4 30 60.378937988000004 0.0
4 31 60.378937988000004 0.0
4 32 60.378937988000004 0.0
4 33 60.378937988000004 0.0
4 34 60.378937988000004 0.0
4 35 60.378937988000004 0.0
4 36 60.378937988000004 0.0
4 37 60.378937988000004 0.0
4 38 60.378937988000004 0.0
4 39 60.378937988000004 0.0
4 40 60.378937988000004 0.0
4 41 60.378937988000004 0.0
4 42 60.378937988000004 0.0
4 43 60.378937988000004 0.0
4 44 60.378937988000004 0.0
4 45 60.378937988000004 0.0
4 46 60.378937988000004 0.0
4 47 60.378937988000004 0.0
4 48 60.378937988000004 0.0
4 49 60.378937988000004 0.0
4 50 60.378937988000004 0.0
4 51 60.378937988000004 0.0
4 52 60.378937988000004 0.0
4 53 60.378937988000004 0.0
4 54 60.378937988000004 0.0
4 55 60.378937988000004 0.0
4 56 60.378937988000004 0.0
4 57 60.378937988000004 0.0
4 58 60.378937988000004 0.0
4 59 60.378937988000004 0.0
4 60 60.378937988000004 0.0
4 61 60.378937988000004 0.0
4 62 60.378937988000004 0.0
4 63 60.378937988000004 0.0
4 64 52.387812499999995 0.0
4 65 52.387812499999995 0.0
4 66 52.387812499999995 0.0
4 67 52.387812499999995 0.0
4 68 52.387812499999995 0.0
4 69 52.387812499999995 0.0
4 70 52.387812499999995 0.0
4 71 52.387812499999995 0.0
4 72 52.387812499999995 0.0
4 73 52.387812499999995 0.0
4 74 52.387812499999995 0.0
4 75 52.387812499999995 0.0
4 76 52.387812499999995 0.0
4 77 52.387812499999995 0.0
4 78 52.387812499999995 0.0
4 79 52.387812499999995 0.0
4 80 52.387812499999995 0.0
4 81 52.387812499999995 0.0
4 82 52.387812499999995 0.0
4 83 52.387812499999995 0.0
4 84 52.387812499999995 0.0
4 85 52.387812499999995 0.0
4 86 52.387812499999995 0.0
4 87 52.387812499999995 0.0
4 88 52.387812499999995 0.0
4 89 52.387812499999995 0.0
4 90 52.387812499999995 0.0
4 91 52.387812499999995 0.0
4 92 52.387812499999995 0.0
4 93 52.387812499999995 0.0
4 94 52.387812499999995 0.0
4 95 52.387812499999995 0.0
4 96 52.387812499999995 0.0
4 97 52.387812499999995 0.0
4 98 52.387812499999995 0.0
4 99 52.387812499999995 0.0
4 100 52.387812499999995 0.0
4 101 52.387812499999995 0.0
4 102 52.387812499999995 0.0
4 103 52.387812499999995 0.0
4 104 52.387812499999995 0.0
4 105 52.387812499999995 0.0
4 106 52.387812499999995 0.0
4 107 52.387812499999995 0.0
4 108 52.387812499999995 0.0
4 109 52.387812499999995 0.0
4 110 52.387812499999995 0.0
4 111 52.387812499999995 0.0
4 112 52.387812499999995 0.0
4 113 52.387812499999995 0.0
4 114 52.387812499999995 0.0
4 115 52.387812499999995 0.0
4 116 52.387812499999995 0.0
4 117 52.387812499999995 0.0
4 118 52.387812499999995 0.0
4 119 52.387812499999995 0.0
4 120 52.387812499999995 0.0
4 121 52.387812499999995 0.0
4 122 52.387812499999995 0.0
4 123 52.387812499999995 0.0
4 124 52.387812499999995 0.0
4 125 52.387812499999995 0.0
4 126 52.387812499999995 0.0
4 127 52.387812499999995 0.0
5 0 60.309559328 0.0735
5 1 60.309559328 0.0735
5 2 60.309559328 0.0735
5 3 60.309559328 0.0735
5 4 60.309559328 0.0735
5 5 60.309559328 0.0735
5 6 60.309559328 0.0735
5 7 60.309559328 0.0735
5 8 60.309559328 0.0735
5 9 60.309559328 0.0735
5 10 60.309559328 0.0735
5 11 60.309559328 0.0735
5 12 60.309559328 0.0735
5 13 60.309559328 0.0735
5 14 60.309559328 0.0735
5 15 60.309559328 0.0735
5 16 60.309559328 0.0735
5 17 60.309559328 0.0735
5 18 60.309559328 0.0735
5 19 60.309559328 0.0735
5 20 60.309559328 0.0735
5 21 60.309559328 0.0735
5 22 60.309559328 0.0735
5 23 60.309559328 0.0735
5 24 60.309559328 0.0735
5 25 60.309559328 0.0735
5 26 60.309559328 0.0735
5 27 60.309559328 0.0735
5 28 60.309559328 0.0735
5 29 60.309559328 0.0735
5 30 60.309559328 0.0735
5 31 60.309559328 0.0735
5 32 60.309559328 0.0735
5 33 60.309559328 0.0735
5 34 60.309559328 0.0735
5 35 60.309559328 0.0735
5 36 60.309559328 0.0735
5 37 60.309559328 0.0735
5 38 60.309559328 0.0735
5 39 60.309559328 0.0735
5 40 60.309559328 0.0735
5 41 60.309559328 0.0735
5 42 60.309559328 0.0735
5 43 60.309559328 0.0735
5 44 60.309559328 0.0735
5 45 60.309559328 0.0735
5 46 60.309559328 0.0735
5 47 60.309559328 0.0735
5 48 60.309559328 0.0735
5 49 60.309559328 0.0735
5 50 60.309559328 0.0735
5 51 60.309559328 0.0735
5 52 60.309559328 0.0735
5 53 60.309559328 0.0735
5 54 60.309559328 0.0735
5 55 60.309559328 0.0735
5 56 60.309559328 0.0735
5 57 60.309559328 0.0735
5 58 60.309559328 0.0735
5 59 60.309559328 0.0735
5 60 60.309559328 0.0735
5 61 60.309559328 0.0735
5 62 60.309559328 0.0735
5 63 60.309559328 0.0735
5 64 52.441370852 0.0405
5 65 52.441370852 0.0405
5 66 52.441370852 0.0405
5 67 52.441370852 0.0405
5 68 52.441370852 0.0405
5 69 52.441370852 0.0405
5 70 52.441370852 0.0405
5 71 52.441370852 0.0405
5 72 52.441370852 0.0405
5 73 52.441370852 0.0405
5 74 52.441370852 0.0405
5 75 52.441370852 0.0405
5 76 52.441370852 0.0405
5 77 52.441370852 0.0405
5 78 52.441370852 0.0405
5 79 52.441370852 0.0405
5 80 52.441370852 0.0405
5 81 52.441370852 0.0405
5 82 52.441370852 0.0405
5 83 52.441370852 0.0405
5 84 52.441370852 0.0405
5 85 52.441370852 0.0405
5 86 52.441370852 0.0405
5 87 52.441370852 0.0405
5 88 52.441370852 0.0405
5 89 52.441370852 0.0405
5 90 52.441370852 0.0405
5 91 52.441370852 0.0405
5 92 52.441370852 0.0405
5 93 52.441370852 0.0405
5 94 52.441370852 0.0405
5 95 52.441370852 0.0405
5 96 52.441370852 0.0405
5 97 52.441370852 0.0405
5 98 52.441370852 0.0405
5 99 52.441370852 0.0405
5 100 52.441370852 0.0405
5 101 52.441370852 0.0405
5 102 52.441370852 0.0405
5 103 52.441370852 0.0405
5 104 52.441370852 0.0405
5 105 52.441370852 0.0405
5 106 52.441370852 0.0405
5 107 52.441370852 0.0405
5 108 52.441370852 0.0405
5 109 52.441370852 0.0405
5 110 52.441370852 0.0405
5 111 52.441370852 0.0405
5 112 52.441370852 0.0405
5 113 52.441370852 0.0405
5 114 52.441370852 0.0405
5 115 52.441370852 0.0405
5 116 52.441370852 0.0405
5 117 52.441370852 0.0405
5 118 52.441370852 0.0405
5 119 52.441370852 0.0405
5 120 52.441370852 0.0405
5 121 52.441370852 0.0405
5 122 52.441370852 0.0405
5 123 52.441370852 0.0405
5 124 52.441370852 0.0405
5 125 52.441370852 0.0405
5 126 52.441370852 0.0405
5 127 52.441370852 0.0405
6 0 61.99859741 0.2655
6 1 61.99859741 0.2655
6 2 61.99859741 0.2655
6 3 61.99859741 0.2655
6 4 61.99859741 0.2655
6 5 61.99859741 0.2655
6 6 61.99859741 0.2655
6 7 61.99859741 0.2655
6 8 61.99859741 0.2655
6 9 61.99859741 0.2655
6 10 61.99859741 0.2655
6 11 61.99859741 0.2655
6 12 61.99859741 0.2655
6 13 61.99859741 0.2655
6 14 61.99859741 0.2655
6 15 61.99859741 0.2655
6 16 61.99859741 0.2655
6 17 61.99859741 0.2655
6 18 61.99859741 0.2655
6 19 61.99859741 0.2655
6 20 61.99859741 0.2655
6 21 61.99859741 0.2655
6 22 61.99859741 0.2655
6 23 61.99859741 0.2655
6 24 61.99859741 0.2655
6 25 61.99859741 0.2655
6 26 61.99859741 0.2655
6 27 61.99859741 0.2655
6 28 61.99859741 0.2655
6 29 61.99859741 0.2655
6 30 61.99859741 0.2655
6 31 61.99859741 0.2655
6 32 56.833045646 0.291
6 33 56.833045646 0.291
6 34 56.833045646 0.291
6 35 56.833045646 0.291
6 36 56.833045646 0.291
6 37 56.833045646 0.291
6 38 56.833045646 0.291
6 39 56.833045646 0.291
6 40 56.833045646 0.291
6 41 56.833045646 0.291
6 42 56.833045646 0.291
6 43 56.833045646 0.291
6 44 56.833045646 0.291
6 45 56.833045646 0.291
6 46 56.833045646 0.291
6 47 56.833045646 0.291
6 48 56.833045646 0.291
6 49 56.833045646 0.291
6 50 56.833045646 0.291
6 51 56.833045646 0.291
6 52 56.833045646 0.291
6 53 56.833045646 0.291
6 54 56.833045646 0.291
6 55 56.833045646 0.291
6 56 56.833045646 0.291
6 57 56.833045646 0.291
6 58 56.833045646 0.291
6 59 56.833045646 0.291
6 60 56.833045646 0.291
6 61 56.833045646 0.291
6 62 56.833045646 0.291
6 63 56.833045646 0.291
6 64 53.106593018 0.0045
6 65 53.106593018 0.0045
6 66 53.106593018 0.0045
6 67 53.106593018 0.0045
6 68 53.106593018 0.0045
6 69 53.106593018 0.0045
6 70 53.106593018 0.0045
6 71 53.106593018 0.0045
6 72 53.106593018 0.0045
6 73 53.106593018 0.0045
6 74 53.106593018 0.0045
6 75 53.106593018 0.0045
6 76 53.106593018 0.0045
6 77 53.106593018 0.0045
6 78 53.106593018 0.0045
6 79 53.106593018 0.0045
6 80 53.106593018 0.0045
6 81 53.106593018 0.0045
6 82 53.106593018 0.0045
6 83 53.106593018 0.0045
6 84 53.106593018 0.0045
6 85 53.106593018 0.0045
6 86 53.106593018 0.0045
6 87 53.106593018 0.0045
6 88 53.106593018 0.0045
6 89 53.106593018 0.0045
6 90 53.106593018 0.0045
6 91 53.106593018 0.0045
6 92 53.106593018 0.0045
6 93 53.106593018 0.0045
6 94 53.106593018 0.0045
6 95 53.106593018 0.0045
6 96 67.988728022 0.165
6 97 67.988728022 0.165
6 98 67.988728022 0.165
6 99 67.988728022 0.165
6 100 67.988728022 0.165
6 101 67.988728022 0.165
6 102 67.988728022 0.165
6 103 67.988728022 0.165
6 104 67.988728022 0.165
6 105 67.988728022 0.165
6 106 67.988728022 0.165
6 107 67.988728022 0.165
6 108 67.988728022 0.165
6 109 67.988728022 0.165
6 110 67.988728022 0.165
6 111 67.988728022 0.165
6 112 67.988728022 0.165
6 113 67.988728022 0.165
6 114 67.988728022 0.165
6 115 67.988728022 0.165
6 116 67.988728022 0.165
6 117 67.988728022 0.165
6 118 67.988728022 0.165
6 119 67.988728022 0.165
6 120 67.988728022 0.165
6 121 67.988728022 0.165
6 122 67.988728022 0.165
6 123 67.988728022 0.165
6 124 67.988728022 0.165
6 125 67.988728022 0.165
6 126 67.988728022 0.165
6 127 67.988728022 0.165
7 0 64.663660886 0.3
7 1 64.663660886 0.3
7 2 64.663660886 0.3
7 3 64.663660886 0.3
7 4 64.663660886 0.3
7 5 64.663660886 0.3
7 6 64.663660886 0.3
7 7 64.663660886 0.3
7 8 64.663660886 0.3
7 9 64.663660886 0.3
7 10 64.663660886 0.3
7 11 64.663660886 0.3
7 12 64.663660886 0.3
7 13 64.663660886 0.3
7 14 64.663660886 0.3
7 15 64.663660886 0.3
7 16 64.663660886 0.3
7 17 64.663660886 0.3
7 18 64.663660886 0.3
7 19 64.663660886 0.3
7 20 64.663660886 0.3
7 21 64.663660886 0.3
7 22 64.663660886 0.3
7 23 64.663660886 0.3
7 24 64.663660886 0.3
7 25 64.663660886 0.3
7 26 64.663660886 0.3
7 27 64.663660886 0.3
7 28 64.663660886 0.3
7 29 64.663660886 0.3
7 30 64.663660886 0.3
7 31 64.663660886 0.3
7 32 62.22436646 0.5295
7 33 62.22436646 0.5295
7 34 62.22436646 0.5295
7 35 62.22436646 0.5295
7 36 62.22436646 0.5295
7 37 62.22436646 0.5295
7 38 62.22436646 0.5295
7 39 62.22436646 0.5295
7 40 62.22436646 0.5295
7 41 62.22436646 0.5295
7 42 62.22436646 0.5295
7 43 62.22436646 0.5295
7 44 62.22436646 0.5295
7 45 62.22436646 0.5295
7 46 62.22436646 0.5295
7 47 62.22436646 0.5295
7 48 62.22436646 0.5295
7 49 62.22436646 0.5295
7 50 62.22436646 0.5295
7 51 62.22436646 0.5295
7 52 62.22436646 0.5295
7 53 62.22436646 0.5295
7 54 62.22436646 0.5295
7 55 62.22436646 0.5295
7 56 62.22436646 0.5295
7 57 62.22436646 0.5295
7 58 62.22436646 0.5295
7 59 62.22436646 0.5295
7 60 62.22436646 0.5295
7 61 62.22436646 0.5295
7 62 62.22436646 0.5295
7 63 62.22436646 0.5295
7 64 54.09014405 0.048
7 65 54.09014405 0.048
7 66 54.09014405 0.048
7 67 54.09014405 0.048
7 68 54.09014405 0.048
7 69 54.09014405 0.048
7 70 54.09014405 0.048
7 71 54.09014405 0.048
7 72 54.09014405 0.048
7 73 54.09014405 0.048
7 74 54.09014405 0.048
7 75 54.09014405 0.048
7 76 54.09014405 0.048
7 77 54.09014405 0.048
7 78 54.09014405 0.048
7 79 54.09014405 0.048
7 80 54.09014405 0.048
7 81 54.09014405 0.048
7 82 54.09014405 0.048
7 83 54.09014405 0.048
7 84 54.09014405 0.048
7 85 54.09014405 0.048
7 86 54.09014405 0.048
7 87 54.09014405 0.048
7 88 54.09014405 0.048
7 89 54.09014405 0.048
7 90 54.09014405 0.048
7 91 54.09014405 0.048
7 92 54.09014405 0.048
7 93 54.09014405 0.048
7 94 54.09014405 0.048
7 95 54.09014405 0.048
7 96 72.07954223 0.102
7 97 72.07954223 0.102
7 98 72.07954223 0.102
7 99 72.07954223 0.102
7 100 72.07954223 0.102
7 101 72.07954223 0.102
7 102 72.07954223 0.102
7 103 72.07954223 0.102
7 104 72.07954223 0.102
7 105 72.07954223 0.102
7 106 72.07954223 0.102
7 107 72.07954223 0.102
7 108 72.07954223 0.102
7 109 72.07954223 0.102
7 110 72.07954223 0.102
7 111 72.07954223 0.102
7 112 72.07954223 0.102
7 113 72.07954223 0.102
7 114 72.07954223 0.102
7 115 72.07954223 0.102
7 116 72.07954223 0.102
7 117 72.07954223 0.102
7 118 72.07954223 0.102
7 119 72.07954223 0.102
7 120 72.07954223 0.102
7 121 72.07954223 0.102
7 122 72.07954223 0.102
7 123 72.07954223 0.102
7 124 72.07954223 0.102
7 125 72.07954223 0.102
7 126 72.07954223 0.102
7 127 72.07954223 0.102
8 0 67.53697021400001 0.5055
8 1 67.53697021400001 0.5055
8 2 67.53697021400001 0.5055
8 3 67.53697021400001 0.5055
8 4 67.53697021400001 0.5055
8 5 67.53697021400001 0.5055
8 6 67.53697021400001 0.5055
8 7 67.53697021400001 0.5055
8 8 67.53697021400001 0.5055
8 9 67.53697021400001 0.5055
8 10 67.53697021400001 0.5055
8 11 67.53697021400001 0.5055
8 12 67.53697021400001 0.5055
8 13 67.53697021400001 0.5055
8 14 67.53697021400001 0.5055
8 15 67.53697021400001 0.5055
8 16 67.53697021400001 0.5055
8 17 67.53697021400001 0.5055
8 18 67.53697021400001 0.5055
8 19 67.53697021400001 0.5055
8 20 67.53697021400001 0.5055
8 21 67.53697021400001 0.5055
8 22 67.53697021400001 0.5055
8 23 67.53697021400001 0.5055
8 24 67.53697021400001 0.5055
8 25 67.53697021400001 0.5055
8 26 67.53697021400001 0.5055
8 27 67.53697021400001 0.5055
8 28 67.53697021400001 0.5055
8 29 67.53697021400001 0.5055
8 30 67.53697021400001 0.5055
8 31 67.53697021400001 0.5055
8 32 66.58769652800001 0.7725
8 33 66.58769652800001 0.7725
8 34 66.58769652800001 0.7725
8 35 66.58769652800001 0.7725
8 36 66.58769652800001 0.7725
8 37 66.58769652800001 0.7725
8 38 66.58769652800001 0.7725
8 39 66.58769652800001 0.7725
8 40 66.58769652800001 0.7725
8 41 66.58769652800001 0.7725
8 42 66.58769652800001 0.7725
8 43 66.58769652800001 0.7725
8 44 66.58769652800001 0.7725
8 45 66.58769652800001 0.7725
8 46 66.58769652800001 0.7725
8 47 66.58769652800001 0.7725
8 48 66.58769652800001 0.7725
8 49 66.58769652800001 0.7725
8 50 66.58769652800001 0.7725
8 51 66.58769652800001 0.7725
8 52 66.58769652800001 0.7725
8 53 66.58769652800001 0.7725
8 54 66.58769652800001 0.7725
8 55 66.58769652800001 0.7725
8 56 66.58769652800001 0.7725
8 57 66.58769652800001 0.7725
8 58 66.58769652800001 0.7725
8 59 66.58769652800001 0.7725
8 60 66.58769652800001 0.7725
8 61 66.58769652800001 0.7725
8 62 66.58769652800001 0.7725
8 63 66.58769652800001 0.7725
8 64 54.99124268 0.0645
8 65 54.99124268 0.0645
8 66 54.99124268 0.0645
8 67 54.99124268 0.0645
8 68 54.99124268 0.0645
8 69 54.99124268 0.0645
8 70 54.99124268 0.0645
8 71 54.99124268 0.0645
8 72 54.99124268 0.0645
8 73 54.99124268 0.0645
8 74 54.99124268 0.0645
8 75 54.99124268 0.0645
8 76 54.99124268 0.0645
8 77 54.99124268 0.0645
8 78 54.99124268 0.0645
8 79 54.99124268 0.0645
8 80 54.99124268 0.0645
8 81 54.99124268 0.0645
8 82 54.99124268 0.0645
8 83 54.99124268 0.0645
8 84 54.99124268 0.0645
8 85 54.99124268 0.0645
8 86 54.99124268 0.0645
8 87 54.99124268 0.0645
8 88 54.99124268 0.0645
8 89 54.99124268 0.0645
8 90 54.99124268 0.0645
8 91 54.99124268 0.0645
8 92 54.99124268 0.0645
8 93 54.99124268 0.0645
8 94 54.99124268 0.0645
8 95 54.99124268 0.0645
8 96 75.48063476 0.0285
8 97 75.48063476 0.0285
8 98 75.48063476 0.0285
8 99 75.48063476 0.0285
8 100 75.48063476 0.0285
8 101 75.48063476 0.0285
8 102 75.48063476 0.0285
8 103 75.48063476 0.0285
8 104 75.48063476 0.0285
8 105 75.48063476 0.0285
8 106 75.48063476 0.0285
8 107 75.48063476 0.0285
8 108 75.48063476 0.0285
8 109 75.48063476 0.0285
8 110 75.48063476 0.0285
8 111 75.48063476 0.0285
8 112 75.48063476 0.0285
8 113 75.48063476 0.0285
8 114 75.48063476 0.0285
8 115 75.48063476 0.0285
8 116 75.48063476 0.0285
8 117 75.48063476 0.0285
8 118 75.48063476 0.0285
8 119 75.48063476 0.0285
8 120 75.48063476 0.0285
8 121 75.48063476 0.0285
8 122 75.48063476 0.0285
8 123 75.48063476 0.0285
8 124 75.48063476 0.0285
8 125 75.48063476 0.0285
8 126 75.48063476 0.0285
8 127 75.48063476 0.0285
9 0 70.34716308200001 0.7139999999999999
9 1 70.34716308200001 0.7139999999999999
9 2 70.34716308200001 0.7139999999999999
9 3 70.34716308200001 0.7139999999999999
9 4 70.34716308200001 0.7139999999999999
9 5 70.34716308200001 0.7139999999999999
9 6 70.34716308200001 0.7139999999999999
9 7 70.34716308200001 0.7139999999999999
9 8 70.34716308200001 0.7139999999999999
9 9 70.34716308200001 0.7139999999999999
9 10 70.34716308200001 0.7139999999999999
9 11 70.34716308200001 0.7139999999999999
9 12 70.34716308200001 0.7139999999999999
9 13 70.34716308200001 0.7139999999999999
9 14 70.34716308200001 0.7139999999999999
9 15 70.34716308200001 0.7139999999999999
9 16 72.09766967 0.8685
9 17 72.09766967 0.8685
9 18 72.09766967 0.8685
9 19 72.09766967 0.8685
9 20 72.09766967 0.8685
9 21 72.09766967 0.8685
9 22 72.09766967 0.8685
9 23 72.09766967 0.8685
9 24 72.09766967 0.8685
9 25 72.09766967 0.8685
9 26 72.09766967 0.8685
9 27 72.09766967 0.8685
9 28 72.09766967 0.8685
9 29 72.09766967 0.8685
9 30 72.09766967 0.8685
9 31 72.09766967 0.8685
9 32 69.123890372 0.9945
9 33 69.123890372 0.9945
9 34 69.123890372 0.9945
9 35 69.123890372 0.9945
9 36 69.123890372 0.9945
9 37 69.123890372 0.9945
9 38 69.123890372 0.9945
9 39 69.123890372 0.9945
9 40 69.123890372 0.9945
9 41 69.123890372 0.9945
9 42 69.123890372 0.9945
9 43 69.123890372 0.9945
9 44 69.123890372 0.9945
9 45 69.123890372 0.9945
9 46 69.123890372 0.9945
9 47 69.123890372 0.9945
9 48 74.47181518400001 0.876
9 49 74.47181518400001 0.876
9 50 74.47181518400001 0.876
9 51 74.47181518400001 0.876
9 52 74.47181518400001 0.876
9 53 74.47181518400001 0.876
9 54 74.47181518400001 0.876
9 55 74.47181518400001 0.876
9 56 74.47181518400001 0.876
9 57 74.47181518400001 0.876
9 58 74.47181518400001 0.876
9 59 74.47181518400001 0.876
9 60 74.47181518400001 0.876
9 61 74.47181518400001 0.876
9 62 74.47181518400001 0.876
9 63 74.47181518400001 0.876
9 64 55.673493656 0.1995
9 65 55.673493656 0.1995
9 66 55.673493656 0.1995
9 67 55.673493656 0.1995
9 68 55.673493656 0.1995
9 69 55.673493656 0.1995
9 70 55.673493656 0.1995
9 71 55.673493656 0.1995
9 72 55.673493656 0.1995
9 73 55.673493656 0.1995
9 74 55.673493656 0.1995
9 75 55.673493656 0.1995
9 76 55.673493656 0.1995
9 77 55.673493656 0.1995
9 78 55.673493656 0.1995
9 79 55.673493656 0.1995
9 80 68.04008911400001 0.9585
9 81 68.04008911400001 0.9585
9 82 68.04008911400001 0.9585
9 83 68.04008911400001 0.9585
9 84 68.04008911400001 0.9585
9 85 68.04008911400001 0.9585
9 86 68.04008911400001 0.9585
9 87 68.04008911400001 0.9585
9 88 68.04008911400001 0.9585
9 89 68.04008911400001 0.9585
9 90 68.04008911400001 0.9585
9 91 68.04008911400001 0.9585
9 92 68.04008911400001 0.9585
9 93 68.04008911400001 0.9585
9 94 68.04008911400001 0.9585
9 95 68.04008911400001 0.9585
9 96 77.131934816 0.4275
9 97 77.131934816 0.4275
9 98 77.131934816 0.4275
9 99 77.131934816 0.4275
9 100 77.131934816 0.4275
9 101 77.131934816 0.4275
9 102 77.131934816 0.4275
9 103 77.131934816 0.4275
9 104 77.131934816 0.4275
9 105 77.131934816 0.4275
9 106 77.131934816 0.4275
9 107 77.131934816 0.4275
9 108 77.131934816 0.4275
9 109 77.131934816 0.4275
9 110 77.131934816 0.4275
9 111 77.131934816 0.4275
9 112 65.102729486 0.936
9 113 65.102729486 0.936
9 114 65.102729486 0.936
9 115 65.102729486 0.936
9 116 65.102729486 0.936
9 117 65.102729486 0.936
9 118 65.102729486 0.936
9 119 65.102729486 0.936
9 120 65.102729486 0.936
9 121 65.102729486 0.936
9 122 65.102729486 0.936
9 123 65.102729486 0.936
9 124 65.102729486 0.936
9 125 65.102729486 0.936
9 126 65.102729486 0.936
9 127 65.102729486 0.936
10 0 72.932081306 1.1385
10 1 72.932081306 1.1385
10 2 72.932081306 1.1385
10 3 72.932081306 1.1385
10 4 72.932081306 1.1385
10 5 72.932081306 1.1385
10 6 72.932081306 1.1385
10 7 72.932081306 1.1385
10 8 72.932081306 1.1385
10 9 72.932081306 1.1385
10 10 72.932081306 1.1385
10 11 72.932081306 1.1385
10 12 72.932081306 1.1385
10 13 72.932081306 1.1385
10 14 72.932081306 1.1385
10 15 72.932081306 1.1385
10 16 73.91563232 0.915
10 17 73.91563232 0.915
10 18 73.91563232 0.915
10 19 73.91563232 0.915
10 20 73.91563232 0.915
10 21 73.91563232 0.915
10 22 73.91563232 0.915
10 23 73.91563232 0.915
10 24 73.91563232 0.915
10 25 73.91563232 0.915
10 26 73.91563232 0.915
10 27 73.91563232 0.915
10 28 73.91563232 0.915
10 29 73.91563232 0.915
10 30 73.91563232 0.915
10 31 73.91563232 0.915
10 32 71.207117924 1.176
10 33 71.207117924 1.176
10 34 71.207117924 1.176
10 35 71.207117924 1.176
10 36 71.207117924 1.176
10 37 71.207117924 1.176
10 38 71.207117924 1.176
10 39 71.207117924 1.176
10 40 71.207117924 1.176
10 41 71.207117924 1.176
10 42 71.207117924 1.176
10 43 71.207117924 1.176
10 44 71.207117924 1.176
10 45 71.207117924 1.176
10 46 71.207117924 1.176
10 47 71.207117924 1.176
10 48 76.75905884 1.062
10 49 76.75905884 1.062
10 50 76.75905884 1.062
10 51 76.75905884 1.062
10 52 76.75905884 1.062
10 53 76.75905884 1.062
10 54 76.75905884 1.062
10 55 76.75905884 1.062
10 56 76.75905884 1.062
10 57 76.75905884 1.062
10 58 76.75905884 1.062
10 59 76.75905884 1.062
10 60 76.75905884 1.062
10 61 76.75905884 1.062
10 62 76.75905884 1.062
10 63 76.75905884 1.062
10 64 55.929914546 0.153
10 65 55.929914546 0.153
10 66 55.929914546 0.153
10 67 55.929914546 0.153
10 68 55.929914546 0.153
10 69 55.929914546 0.153
10 70 55.929914546 0.153
10 71 55.929914546 0.153
10 72 55.929914546 0.153
10 73 55.929914546 0.153
10 74 55.929914546 0.153
10 75 55.929914546 0.153
10 76 55.929914546 0.153
10 77 55.929914546 0.153
10 78 55.929914546 0.153
10 79 55.929914546 0.153
10 80 69.46095092 0.9525
10 81 69.46095092 0.9525
10 82 69.46095092 0.9525
10 83 69.46095092 0.9525
10 84 69.46095092 0.9525
10 85 69.46095092 0.9525
10 86 69.46095092 0.9525
10 87 69.46095092 0.9525
10 88 69.46095092 0.9525
10 89 69.46095092 0.9525
10 90 69.46095092 0.9525
10 91 69.46095092 0.9525
10 92 69.46095092 0.9525
10 93 69.46095092 0.9525
10 94 69.46095092 0.9525
10 95 69.46095092 0.9525
10 96 78.01150024399999 0.096
10 97 78.01150024399999 0.096
10 98 78.01150024399999 0.096
10 99 78.01150024399999 0.096
10 100 78.01150024399999 0.096
10 101 78.01150024399999 0.096
10 102 78.01150024399999 0.096
10 103 78.01150024399999 0.096
10 104 78.01150024399999 0.096
10 105 78.01150024399999 0.096
10 106 78.01150024399999 0.096
10 107 78.01150024399999 0.096
10 108 78.01150024399999 0.096
10 109 78.01150024399999 0.096
10 110 78.01150024399999 0.096
10 111 78.01150024399999 0.096
10 112 67.37025268400001 0.5355
10 113 67.37025268400001 0.5355
10 114 67.37025268400001 0.5355
10 115 67.37025268400001 0.5355
10 116 67.37025268400001 0.5355
10 117 67.37025268400001 0.5355
10 118 67.37025268400001 0.5355
10 119 67.37025268400001 0.5355
10 120 67.37025268400001 0.5355
10 121 67.37025268400001 0.5355
10 122 67.37025268400001 0.5355
10 123 67.37025268400001 0.5355
10 124 67.37025268400001 0.5355
10 125 67.37025268400001 0.5355
10 126 67.37025268400001 0.5355
10 127 67.37025268400001 0.5355
11 0 74.982679448 1.269
11 1 74.982679448 1.269
11 2 74.982679448 1.269
11 3 74.982679448 1.269
11 4 74.982679448 1.269
11 5 74.982679448 1.269
11 6 74.982679448 1.269
11 7 74.982679448 1.269
11 8 74.982679448 1.269
11 9 74.982679448 1.269
11 10 74.982679448 1.269
11 11 74.982679448 1.269
11 12 74.982679448 1.269
11 13 74.982679448 1.269
11 14 74.982679448 1.269
11 15 74.982679448 1.269
11 16 75.629169914 0.9795
11 17 75.629169914 0.9795
11 18 75.629169914 0.9795
11 19 75.629169914 0.9795
11 20 75.629169914 0.9795
11 21 75.629169914 0.9795
11 22 75.629169914 0.9795
11 23 75.629169914 0.9795
11 24 75.629169914 0.9795
11 25 75.629169914 0.9795
11 26 75.629169914 0.9795
11 27 75.629169914 0.9795
11 28 75.629169914 0.9795
11 29 75.629169914 0.9795
11 30 75.629169914 0.9795
11 31 75.629169914 0.9795
11 32 73.0096997 1.3035
11 33 73.0096997 1.3035
11 34 73.0096997 1.3035
11 35 73.0096997 1.3035
11 36 73.0096997 1.3035
11 37 73.0096997 1.3035
11 38 73.0096997 1.3035
11 39 73.0096997 1.3035
11 40 73.0096997 1.3035
11 41 73.0096997 1.3035
11 42 73.0096997 1.3035
11 43 73.0096997 1.3035
11 44 73.0096997 1.3035
11 45 73.0096997 1.3035
11 46 73.0096997 1.3035
11 47 73.0096997 1.3035
11 48 78.518299568 1.1955
11 49 78.518299568 1.1955
11 50 78.518299568 1.1955
11 51 78.518299568 1.1955
11 52 78.518299568 1.1955
11 53 78.518299568 1.1955
11 54 78.518299568 1.1955
11 55 78.518299568 1.1955
11 56 78.518299568 1.1955
11 57 78.518299568 1.1955
11 58 78.518299568 1.1955
11 59 78.518299568 1.1955
11 60 78.518299568 1.1955
11 61 78.518299568 1.1955
11 62 78.518299568 1.1955
11 63 78.518299568 1.1955
11 64 55.574781494 0.5265
11 65 55.574781494 0.5265
11 66 55.574781494 0.5265
11 67 55.574781494 0.5265
11 68 55.574781494 0.5265
11 69 55.574781494 0.5265
11 70 55.574781494 0.5265
11 71 55.574781494 0.5265
11 72 55.574781494 0.5265
11 73 55.574781494 0.5265
11 74 55.574781494 0.5265
11 75 55.574781494 0.5265
11 76 55.574781494 0.5265
11 77 55.574781494 0.5265
11 78 55.574781494 0.5265
11 79 55.574781494 0.5265
11 80 70.59210326600001 1.2735
11 81 70.59210326600001 1.2735
11 82 70.59210326600001 1.2735
11 83 70.59210326600001 1.2735
11 84 70.59210326600001 1.2735
11 85 70.59210326600001 1.2735
11 86 70.59210326600001 1.2735
11 87 70.59210326600001 1.2735
11 88 70.59210326600001 1.2735
11 89 70.59210326600001 1.2735
11 90 70.59210326600001 1.2735
11 91 70.59210326600001 1.2735
11 92 70.59210326600001 1.2735
11 93 70.59210326600001 1.2735
11 94 70.59210326600001 1.2735
11 95 70.59210326600001 1.2735
11 96 77.912073968 0.2475
11 97 77.912073968 0.2475
11 98 77.912073968 0.2475
11 99 77.912073968 0.2475
11 100 77.912073968 0.2475
11 101 77.912073968 0.2475
11 102 77.912073968 0.2475
11 103 77.912073968 0.2475
11 104 77.912073968 0.2475
11 105 77.912073968 0.2475
11 106 77.912073968 0.2475
11 107 77.912073968 0.2475
11 108 77.912073968 0.2475
11 109 77.912073968 0.2475
11 110 77.912073968 0.2475
11 111 77.912073968 0.2475
11 112 69.114497072 0.6015
11 113 69.114497072 0.6015
11 114 69.114497072 0.6015
11 115 69.114497072 0.6015
11 116 69.114497072 0.6015
11 117 69.114497072 0.6015
11 118 69.114497072 0.6015
11 119 69.114497072 0.6015
11 120 69.114497072 0.6015
11 121 69.114497072 0.6015
11 122 69.114497072 0.6015
11 123 69.114497072 0.6015
11 124 69.114497072 0.6015
11 125 69.114497072 0.6015
11 126 69.114497072 0.6015
11 127 69.114497072 0.6015
12 0 76.301478266 1.3379999999999999
12 1 76.301478266 1.3379999999999999
12 2 76.301478266 1.3379999999999999
12 3 76.301478266 1.3379999999999999
12 4 76.301478266 1.3379999999999999
12 5 76.301478266 1.3379999999999999
12 6 76.301478266 1.3379999999999999
12 7 76.301478266 1.3379999999999999
12 8 87.579658202 0.6885
12 9 87.579658202 0.6885
12 10 87.579658202 0.6885
12 11 87.579658202 0.6885
12 12 87.579658202 0.6885
12 13 87.579658202 0.6885
12 14 87.579658202 0.6885
12 15 87.579658202 0.6885
12 16 76.712147222 0.996
12 17 76.712147222 0.996
12 18 76.712147222 0.996
12 19 76.712147222 0.996
12 20 76.712147222 0.996
12 21 76.712147222 0.996
12 22 76.712147222 0.996
12 23 76.712147222 0.996
12 24 69.570978998 0.444
12 25 69.570978998 0.444
12 26 69.570978998 0.444
12 27 69.570978998 0.444
12 28 69.570978998 0.444
12 29 69.570978998 0.444
12 30 69.570978998 0.444
12 31 69.570978998 0.444
12 32 74.456983634 1.3679999999999999
12 33 74.456983634 1.3679999999999999
12 34 74.456983634 1.3679999999999999
12 35 74.456983634 1.3679999999999999
12 36 74.456983634 1.3679999999999999
12 37 74.456983634 1.3679999999999999
12 38 74.456983634 1.3679999999999999
12 39 74.456983634 1.3679999999999999
12 40 75.388459478 1.2915
12 41 75.388459478 1.2915
12 42 75.388459478 1.2915
12 43 75.388459478 1.2915
12 44 75.388459478 1.2915
12 45 75.388459478 1.2915
12 46 75.388459478 1.2915
12 47 75.388459478 1.2915
12 48 79.76453369000001 1.266
12 49 79.76453369000001 1.266
12 50 79.76453369000001 1.266
12 51 79.76453369000001 1.266
12 52 79.76453369000001 1.266
12 53 79.76453369000001 1.266
12 54 79.76453369000001 1.266
12 55 79.76453369000001 1.266
12 56 78.16058472200001 1.3154999999999997
12 57 78.16058472200001 1.3154999999999997
12 58 78.16058472200001 1.3154999999999997
12 59 78.16058472200001 1.3154999999999997
12 60 78.16058472200001 1.3154999999999997
12 61 78.16058472200001 1.3154999999999997
12 62 78.16058472200001 1.3154999999999997
12 63 78.16058472200001 1.3154999999999997
12 64 55.193226314 0.627
12 65 55.193226314 0.627
12 66 55.193226314 0.627
12 67 55.193226314 0.627
12 68 55.193226314 0.627
12 69 55.193226314 0.627
12 70 55.193226314 0.627
12 71 55.193226314 0.627
12 72 80.92996338200001 1.251
12 73 80.92996338200001 1.251
12 74 80.92996338200001 1.251
12 75 80.92996338200001 1.251
12 76 80.92996338200001 1.251
12 77 80.92996338200001 1.251
12 78 80.92996338200001 1.251
12 79 80.92996338200001 1.251
12 80 71.31456420800001 0.9135
12 81 71.31456420800001 0.9135
12 82 71.31456420800001 0.9135
12 83 71.31456420800001 0.9135
12 84 71.31456420800001 0.9135
12 85 71.31456420800001 0.9135
12 86 71.31456420800001 0.9135
12 87 71.31456420800001 0.9135
12 88 66.811982414 0.6165
12 89 66.811982414 0.6165
12 90 66.811982414 0.6165
12 91 66.811982414 0.6165
12 92 66.811982414 0.6165
12 93 66.811982414 0.6165
12 94 66.811982414 0.6165
12 95 66.811982414 0.6165
12 96 76.72983521 1.1115
12 97 76.72983521 1.1115
12 98 76.72983521 1.1115
12 99 76.72983521 1.1115
12 100 76.72983521 1.1115
12 101 76.72983521 1.1115
12 102 76.72983521 1.1115
12 103 76.72983521 1.1115
12 104 71.772858878 1.068
12 105 71.772858878 1.068
12 106 71.772858878 1.068
12 107 71.772858878 1.068
12 108 71.772858878 1.068
12 109 71.772858878 1.068
12 110 71.772858878 1.068
12 111 71.772858878 1.068
12 112 70.312940672 1.3304999999999998
12 113 70.312940672 1.3304999999999998
12 114 70.312940672 1.3304999999999998
12 115 70.312940672 1.3304999999999998
12 116 70.312940672 1.3304999999999998
12 117 70.312940672 1.3304999999999998
12 118 70.312940672 1.3304999999999998
12 119 70.312940672 1.3304999999999998
12 120 90.235822748 1.3185
12 121 90.235822748 1.3185
12 122 90.235822748 1.3185
12 123 90.235822748 1.3185
12 124 90.235822748 1.3185
12 125 90.235822748 1.3185
12 126 90.235822748 1.3185
12 127 90.235822748 1.3185
13 0 77.00306518400001 1.095
13 1 77.00306518400001 1.095
13 2 77.00306518400001 1.095
13 3 77.00306518400001 1.095
13 4 77.00306518400001 1.095
13 5 77.00306518400001 1.095
13 6 77.00306518400001 1.095
13 7 77.00306518400001 1.095
13 8 89.677937012 1.005
13 9 89.677937012 1.005
13 10 89.677937012 1.005
13 11 89.677937012 1.005
13 12 89.677937012 1.005
13 13 89.677937012 1.005
13 14 89.677937012 1.005
13 15 89.677937012 1.005
13 16 76.51735962800001 1.08
13 17 76.51735962800001 1.08
13 18 76.51735962800001 1.08
13 19 76.51735962800001 1.08
13 20 76.51735962800001 1.08
13 21 76.51735962800001 1.08
13 22 76.51735962800001 1.08
13 23 76.51735962800001 1.08
13 24 69.716437988 0.37949999999999995
13 25 69.716437988 0.37949999999999995
13 26 69.716437988 0.37949999999999995
13 27 69.716437988 0.37949999999999995
13 28 69.716437988 0.37949999999999995
13 29 69.716437988 0.37949999999999995
13 30 69.716437988 0.37949999999999995
13 31 69.716437988 0.37949999999999995
13 32 75.50513427199999 1.3635
13 33 75.50513427199999 1.3635
13 34 75.50513427199999 1.3635
13 35 75.50513427199999 1.3635
13 36 75.50513427199999 1.3635
13 37 75.50513427199999 1.3635
13 38 75.50513427199999 1.3635
13 39 75.50513427199999 1.3635
13 40 75.29342774 0.5625
13 41 75.29342774 0.5625
13 42 75.29342774 0.5625
13 43 75.29342774 0.5625
13 44 75.29342774 0.5625
13 45 75.29342774 0.5625
13 46 75.29342774 0.5625
13 47 75.29342774 0.5625
13 48 80.527863776 1.266
13 49 80.527863776 1.266
13 50 80.527863776 1.266
13 51 80.527863776 1.266
13 52 80.527863776 1.266
13 53 80.527863776 1.266
13 54 80.527863776 1.266
13 55 80.527863776 1.266
13 56 79.430384516 1.3185
13 57 79.430384516 1.3185
13 58 79.430384516 1.3185
13 59 79.430384516 1.3185
13 60 79.430384516 1.3185
13 61 79.430384516 1.3185
13 62 79.430384516 1.3185
13 63 79.430384516 1.3185
13 64 55.229151614 0.6795
13 65 55.229151614 0.6795
13 66 55.229151614 0.6795
13 67 55.229151614 0.6795
13 68 55.229151614 0.6795
13 69 55.229151614 0.6795
13 70 55.229151614 0.6795
13 71 55.229151614 0.6795
13 72 82.49381225600001 0.828
13 73 82.49381225600001 0.828
13 74 82.49381225600001 0.828
13 75 82.49381225600001 0.828
13 76 82.49381225600001 0.828
13 77 82.49381225600001 0.828
13 78 82.49381225600001 0.828
13 79 82.49381225600001 0.828
13 80 71.597572016 1.3395
13 81 71.597572016 1.3395
13 82 71.597572016 1.3395
13 83 71.597572016 1.3395
13 84 71.597572016 1.3395
13 85 71.597572016 1.3395
13 86 71.597572016 1.3395
13 87 71.597572016 1.3395
13 88 69.26259277400001 1.3125
13 89 69.26259277400001 1.3125
13 90 69.26259277400001 1.3125
13 91 69.26259277400001 1.3125
13 92 69.26259277400001 1.3125
13 93 69.26259277400001 1.3125
13 94 69.26259277400001 1.3125
13 95 69.26259277400001 1.3125
13 96 75.46432006399999 1.296
13 97 75.46432006399999 1.296
13 98 75.46432006399999 1.296
13 99 75.46432006399999 1.296
13 100 75.46432006399999 1.296
13 101 75.46432006399999 1.296
13 102 75.46432006399999 1.296
13 103 75.46432006399999 1.296
13 104 72.73097655800001 0.6405
13 105 72.73097655800001 0.6405
13 106 72.73097655800001 0.6405
13 107 72.73097655800001 0.6405
13 108 72.73097655800001 0.6405
13 109 72.73097655800001 0.6405
13 110 72.73097655800001 0.6405
13 111 72.73097655800001 0.6405
13 112 71.097858878 1.3275
13 113 71.097858878 1.3275
13 114 71.097858878 1.3275
13 115 71.097858878 1.3275
13 116 71.097858878 1.3275
13 117 71.097858878 1.3275
13 118 71.097858878 1.3275
13 119 71.097858878 1.3275
13 120 91.140437012 1.2045
13 121 91.140437012 1.2045
13 122 91.140437012 1.2045
13 123 91.140437012 1.2045
13 124 91.140437012 1.2045
13 125 91.140437012 1.2045
13 126 91.140437012 1.2045
13 127 91.140437012 1.2045
14 0 77.193018806 1.266
14 1 77.193018806 1.266
14 2 77.193018806 1.266
14 3 77.193018806 1.266
14 4 77.193018806 1.266
14 5 77.193018806 1.266
14 6 77.193018806 1.266
14 7 77.193018806 1.266
14 8 90.91422851 0.7064999999999999
14 9 90.91422851 0.7064999999999999
14 10 90.91422851 0.7064999999999999
14 11 90.91422851 0.7064999999999999
14 12 90.91422851 0.7064999999999999
14 13 90.91422851 0.7064999999999999
14 14 90.91422851 0.7064999999999999
14 15 90.91422851 0.7064999999999999
14 16 75.061945796 0.7455
14 17 75.061945796 0.7455
14 18 75.061945796 0.7455
14 19 75.061945796 0.7455
14 20 75.061945796 0.7455
14 21 75.061945796 0.7455
14 22 75.061945796 0.7455
14 23 75.061945796 0.7455
14 24 69.726984872 1.107
14 25 69.726984872 1.107
14 26 69.726984872 1.107
14 27 69.726984872 1.107
14 28 69.726984872 1.107
14 29 69.726984872 1.107
14 30 69.726984872 1.107
14 31 69.726984872 1.107
14 32 76.12421387 1.2915
14 33 76.12421387 1.2915
14 34 76.12421387 1.2915
14 35 76.12421387 1.2915
14 36 76.12421387 1.2915
14 37 76.12421387 1.2915
14 38 76.12421387 1.2915
14 39 76.12421387 1.2915
14 40 74.599805912 0.975
14 41 74.599805912 0.975
14 42 74.599805912 0.975
14 43 74.599805912 0.975
14 44 74.599805912 0.975
14 45 74.599805912 0.975
14 46 74.599805912 0.975
14 47 74.599805912 0.975
14 48 80.65557984200001 1.1985
14 49 80.65557984200001 1.1985
14 50 80.65557984200001 1.1985
14 51 80.65557984200001 1.1985
14 52 80.65557984200001 1.1985
14 53 80.65557984200001 1.1985
14 54 80.65557984200001 1.1985
14 55 80.65557984200001 1.1985
14 56 79.806007076 1.0095
14 57 79.806007076 1.0095
14 58 79.806007076 1.0095
14 59 79.806007076 1.0095
14 60 79.806007076 1.0095
14 61 79.806007076 1.0095
14 62 79.806007076 1.0095
14 63 79.806007076 1.0095
14 64 55.412238776 0.618
14 65 55.412238776 0.618
14 66 55.412238776 0.618
14 67 55.412238776 0.618
14 68 55.412238776 0.618
14 69 55.412238776 0.618
14 70 55.412238776 0.618
14 71 55.412238776 0.618
14 72 83.537293694 0.34199999999999997
14 73 83.537293694 0.34199999999999997
14 74 83.537293694 0.34199999999999997
14 75 83.537293694 0.34199999999999997
14 76 83.537293694 0.34199999999999997
14 77 83.537293694 0.34199999999999997
14 78 83.537293694 0.34199999999999997
14 79 83.537293694 0.34199999999999997
14 80 71.43030518 1.0335
14 81 71.43030518 1.0335
14 82 71.43030518 1.0335
14 83 71.43030518 1.0335
14 84 71.43030518 1.0335
14 85 71.43030518 1.0335
14 86 71.43030518 1.0335
14 87 71.43030518 1.0335
14 88 70.778980706 1.245
14 89 70.778980706 1.245
14 90 70.778980706 1.245
14 91 70.778980706 1.245
14 92 70.778980706 1.245
14 93 70.778980706 1.245
14 94 70.778980706 1.245
14 95 70.778980706 1.245
14 96 75.26338012400001 1.233
14 97 75.26338012400001 1.233
14 98 75.26338012400001 1.233
14 99 75.26338012400001 1.233
14 100 75.26338012400001 1.233
14 101 75.26338012400001 1.233
14 102 75.26338012400001 1.233
14 103 75.26338012400001 1.233
14 104 73.047987068 0.8025
14 105 73.047987068 0.8025
14 106 73.047987068 0.8025
14 107 73.047987068 0.8025
14 108 73.047987068 0.8025
14 109 73.047987068 0.8025
14 110 73.047987068 0.8025
14 111 73.047987068 0.8025
14 112 71.477381588 1.257
14 113 71.477381588 1.257
14 114 71.477381588 1.257
14 115 71.477381588 1.257
14 116 71.477381588 1.257
14 117 71.477381588 1.257
14 118 71.477381588 1.257
14 119 71.477381588 1.257
14 120 91.33703735 1.251
14 121 91.33703735 1.251
14 122 91.33703735 1.251
14 123 91.33703735 1.251
14 124 91.33703735 1.251
14 125 91.33703735 1.251
14 126 91.33703735 1.251
14 127 91.33703735 1.251
15 0 76.90012329199999 0.951
15 1 76.90012329199999 0.951
15 2 76.90012329199999 0.951
15 3 76.90012329199999 0.951
15 4 76.946485604 1.0815
15 5 76.946485604 1.0815
15 6 76.946485604 1.0815
15 7 76.946485604 1.0815
15 8 90.393970946 1.1325
15 9 90.393970946 1.1325
15 10 90.393970946 1.1325
15 11 90.393970946 1.1325
15 12 92.483625488 1.0275
15 13 92.483625488 1.0275
15 14 92.483625488 1.0275
15 15 92.483625488 1.0275
15 16 72.89813354 0.43199999999999994
15 17 72.89813354 0.43199999999999994
15 18 72.89813354 0.43199999999999994
15 19 72.89813354 0.43199999999999994
15 20 82.039912106 1.0755
15 21 82.039912106 1.0755
15 22 82.039912106 1.0755
15 23 82.039912106 1.0755
15 24 69.753791498 0.783
15 25 69.753791498 0.783
15 26 69.753791498 0.783
15 27 69.753791498 0.783
15 28 69.76203125 0.8085
15 29 69.76203125 0.8085
15 30 69.76203125 0.8085
15 31 69.76203125 0.8085
15 32 76.218421622 1.1565
15 33 76.218421622 1.1565
15 34 76.218421622 1.1565
15 35 76.218421622 1.1565
15 36 73.395978998 0.588
15 37 73.395978998 0.588
15 38 73.395978998 0.588
15 39 73.395978998 0.588
15 40 73.55802734599999 0.4769999999999999
15 41 73.55802734599999 0.4769999999999999
15 42 73.55802734599999 0.4769999999999999
15 43 73.55802734599999 0.4769999999999999
15 44 71.368562012 0.195
15 45 71.368562012 0.195
15 46 71.368562012 0.195
15 47 71.368562012 0.195
15 48 80.029359122 0.93
15 49 80.029359122 0.93
15 50 80.029359122 0.93
15 51 80.029359122 0.93
15 52 75.402906494 0.156
15 53 75.402906494 0.156
15 54 75.402906494 0.156
15 55 75.402906494 0.156
15 56 78.889307864 1.1175
15 57 78.889307864 1.1175
15 58 78.889307864 1.1175
15 59 78.889307864 1.1175
15 60 94.36261719200002 1.1055
15 61 94.36261719200002 1.1055
15 62 94.36261719200002 1.1055
15 63 94.36261719200002 1.1055
15 64 55.38328979 0.45449999999999996
15 65 55.38328979 0.45449999999999996
15 66 55.38328979 0.45449999999999996
15 67 55.38328979 0.45449999999999996
15 68 78.834925544 1.131
15 69 78.834925544 1.131
15 70 78.834925544 1.131
15 71 78.834925544 1.131
15 72 83.95378539800001 0.8835
15 73 83.95378539800001 0.8835
15 74 83.95378539800001 0.8835
15 75 83.95378539800001 0.8835
15 76 88.698066404 1.1145
15 77 88.698066404 1.1145
15 78 88.698066404 1.1145
15 79 88.698066404 1.1145
15 80 70.77172973 0.951
15 81 70.77172973 0.951
15 82 70.77172973 0.951
15 83 70.77172973 0.951
15 84 69.014960942 0.5895
15 85 69.014960942 0.5895
15 86 69.014960942 0.5895
15 87 69.014960942 0.5895
15 88 71.217939452 0.8535
15 89 71.217939452 0.8535
15 90 71.217939452 0.8535
15 91 71.217939452 0.8535
15 92 89.19860351 0.1125
15 93 89.19860351 0.1125
15 94 89.19860351 0.1125
15 95 89.19860351 0.1125
15 96 75.242011712 0.4035
15 97 75.242011712 0.4035
15 98 75.242011712 0.4035
15 99 75.242011712 0.4035
15 100 67.867933352 0.702
15 101 67.867933352 0.702
15 102 67.867933352 0.702
15 103 67.867933352 0.702
15 104 72.629957282 1.083
15 105 72.629957282 1.083
15 106 72.629957282 1.083
15 107 72.629957282 1.083
15 108 70.266523442 0.7845
15 109 70.266523442 0.7845
15 110 70.266523442 0.7845
15 111 70.266523442 0.7845
15 112 71.377131344 1.1235
15 113 71.377131344 1.1235
15 114 71.377131344 1.1235
15 115 71.377131344 1.1235
15 116 79.54359862999999 1.101
15 117 79.54359862999999 1.101
15 118 79.54359862999999 1.101
15 119 79.54359862999999 1.101
15 120 90.76344116 1.119
15 121 90.76344116 1.119
15 122 90.76344116 1.119
15 123 90.76344116 1.119
15 124 75.069910886 0.8655
15 125 75.069910886 0.8655
15 126 75.069910886 0.8655
15 127 75.069910886 0.8655
16 0 76.21221435800001 0.9525
16 1 76.21221435800001 0.9525
16 2 76.21221435800001 0.9525
16 3 76.21221435800001 0.9525
16 4 75.88108643000001 0.8985
16 5 75.88108643000001 0.8985
16 6 75.88108643000001 0.8985
16 7 75.88108643000001 0.8985
16 8 88.449500732 0.9555
16 9 88.449500732 0.9555
16 10 88.449500732 0.9555
16 11 88.449500732 0.9555
16 12 91.37356689200001 0.8235
16 13 91.37356689200001 0.8235
16 14 91.37356689200001 0.8235
16 15 91.37356689200001 0.8235
16 16 70.95580566800001 0.4065
16 17 70.95580566800001 0.4065
16 18 70.95580566800001 0.4065
16 19 70.95580566800001 0.4065
16 20 81.21950805200001 0.8955
16 21 81.21950805200001 0.8955
16 22 81.21950805200001 0.8955
16 23 81.21950805200001 0.8955
16 24 69.671943356 0.258
16 25 69.671943356 0.258
16 26 69.671943356 0.258
16 27 69.671943356 0.258
16 28 69.474134516 0.846
16 29 69.474134516 0.846
16 30 69.474134516 0.846
16 31 69.474134516 0.846
16 32 75.760841066 0.9705
16 33 75.760841066 0.9705
16 34 75.760841066 0.9705
16 35 75.760841066 0.9705
16 36 72.963337406 0.6735
16 37 72.963337406 0.6735
16 38 72.963337406 0.6735
16 39 72.963337406 0.6735
16 40 72.100251464 0.912
16 41 72.100251464 0.912
16 42 72.100251464 0.912
16 43 72.100251464 0.912
16 44 70.142872316 0.69
16 45 70.142872316 0.69
16 46 70.142872316 0.69
16 47 70.142872316 0.69
16 48 78.72566649800001 0.7305
16 49 78.72566649800001 0.7305
16 50 78.72566649800001 0.7305
16 51 78.72566649800001 0.7305
16 52 74.385133052 0.5595
16 53 74.385133052 0.5595
16 54 74.385133052 0.5595
16 55 74.385133052 0.5595
16 56 77.160718994 0.6795
16 57 77.160718994 0.6795
16 58 77.160718994 0.6795
16 59 77.160718994 0.6795
16 60 93.38109863 0.9225
16 61 93.38109863 0.9225
16 62 93.38109863 0.9225
16 63 93.38109863 0.9225
16 64 55.005579842 0.15
16 65 55.005579842 0.15
16 66 55.005579842 0.15
16 67 55.005579842 0.15
16 68 77.603413082 0.945
16 69 77.603413082 0.945
16 70 77.603413082 0.945
16 71 77.603413082 0.945
16 72 83.602552496 0.7935
16 73 83.602552496 0.7935
16 74 83.602552496 0.7935
16 75 83.602552496 0.7935
16 76 87.613825676 0.9314999999999999
16 77 87.613825676 0.9314999999999999
16 78 87.613825676 0.9314999999999999
16 79 87.613825676 0.9314999999999999
16 80 69.64343384 0.9525
16 81 69.64343384 0.9525
16 82 69.64343384 0.9525
16 83 69.64343384 0.9525
16 84 67.936762688 0.612
16 85 67.936762688 0.612
16 86 67.936762688 0.612
16 87 67.936762688 0.612
16 88 70.716633296 0.927
16 89 70.716633296 0.927
16 90 70.716633296 0.927
16 91 70.716633296 0.927
16 92 88.32343262 0.2625
16 93 88.32343262 0.2625
16 94 88.32343262 0.2625
16 95 88.32343262 0.2625
16 96 74.27515991 0.1755
16 97 74.27515991 0.1755
16 98 74.27515991 0.1755
16 99 74.27515991 0.1755
16 100 67.045386956 0.5805
16 101 67.045386956 0.5805
16 102 67.045386956 0.5805
16 103 67.045386956 0.5805
16 104 71.60751464 0.8955
16 105 71.60751464 0.8955
16 106 71.60751464 0.8955
16 107 71.60751464 0.8955
16 108 69.513795158 0.657
16 109 69.513795158 0.657
16 110 69.513795158 0.657
16 111 69.513795158 0.657
16 112 70.796998292 0.9389999999999998
16 113 70.796998292 0.9389999999999998
16 114 70.796998292 0.9389999999999998
16 115 70.796998292 0.9389999999999998
16 116 79.137159422 0.918
16 117 79.137159422 0.918
16 118 79.137159422 0.918
16 119 79.137159422 0.918
16 120 89.38147094600001 0.9375
16 121 89.38147094600001 0.9375
16 122 89.38147094600001 0.9375
16 123 89.38147094600001 0.9375
16 124 73.980561524 0.9435
16 125 73.980561524 0.9435
16 126 73.980561524 0.9435
16 127 73.980561524 0.9435
17 0 75.182685548 0.732
17 1 75.182685548 0.732
17 2 75.182685548 0.732
17 3 75.182685548 0.732
17 4 74.194355462 0.5535
17 5 74.194355462 0.5535
17 6 74.194355462 0.5535
17 7 74.194355462 0.5535
17 8 85.4706128 0.738
17 9 85.4706128 0.738
17 10 85.4706128 0.738
17 11 85.4706128 0.738
17 12 89.729353022 0.6435
17 13 89.729353022 0.6435
17 14 89.729353022 0.6435
17 15 89.729353022 0.6435
17 16 68.982001952 0.2415
17 17 68.982001952 0.2415
17 18 68.982001952 0.2415
17 19 68.982001952 0.2415
17 20 79.8346814 0.681
17 21 79.8346814 0.681
17 22 79.8346814 0.681
17 23 79.8346814 0.681
17 24 69.023035886 0.459
17 25 69.023035886 0.459
17 26 69.023035886 0.459
17 27 69.023035886 0.459
17 28 69.02155274 0.723
17 29 69.02155274 0.723
17 30 69.02155274 0.723
17 31 69.02155274 0.723
17 32 74.784760736 0.747
17 33 74.784760736 0.747
17 34 74.784760736 0.747
17 35 74.784760736 0.747
17 36 72.170124512 0.7064999999999999
17 37 72.170124512 0.7064999999999999
17 38 72.170124512 0.7064999999999999
17 39 72.170124512 0.7064999999999999
17 40 70.685487068 0.498
17 41 70.685487068 0.498
17 42 70.685487068 0.498
17 43 70.685487068 0.498
17 44 69.42282837799999 0.3
17 45 69.42282837799999 0.3
17 46 69.42282837799999 0.3
17 47 69.42282837799999 0.3
17 48 76.94577149 0.663
17 49 76.94577149 0.663
17 50 76.94577149 0.663
17 51 76.94577149 0.663
17 52 72.946308596 0.7305
17 53 72.946308596 0.7305
17 54 72.946308596 0.7305
17 55 72.946308596 0.7305
17 56 74.942249756 0.573
17 57 74.942249756 0.573
17 58 74.942249756 0.573
17 59 74.942249756 0.573
17 60 91.924641122 0.7035
17 61 91.924641122 0.7035
17 62 91.924641122 0.7035
17 63 91.924641122 0.7035
17 64 54.266694332 0.117
17 65 54.266694332 0.117
17 66 54.266694332 0.117
17 67 54.266694332 0.117
17 68 75.853675544 0.7214999999999999
17 69 75.853675544 0.7214999999999999
17 70 75.853675544 0.7214999999999999
17 71 75.853675544 0.7214999999999999
17 72 82.247114264 0.6614999999999999
17 73 82.247114264 0.6614999999999999
17 74 82.247114264 0.6614999999999999
17 75 82.247114264 0.6614999999999999
17 76 85.970271002 0.7125
17 77 85.970271002 0.7125
17 78 85.970271002 0.7125
17 79 85.970271002 0.7125
17 80 68.12166259400001 0.7305
17 81 68.12166259400001 0.7305
17 82 68.12166259400001 0.7305
17 83 68.12166259400001 0.7305
17 84 66.650208746 0.663
17 85 66.650208746 0.663
17 86 66.650208746 0.663
17 87 66.650208746 0.663
17 88 69.488966066 0.705
17 89 69.488966066 0.705
17 90 69.488966066 0.705
17 91 69.488966066 0.705
17 92 87.17640503000001 0.663
17 93 87.17640503000001 0.663
17 94 87.17640503000001 0.663
17 95 87.17640503000001 0.663
17 96 72.621827384 0.7185
17 97 72.621827384 0.7185
17 98 72.621827384 0.7185
17 99 72.621827384 0.7185
17 100 66.19098021799999 0.423
17 101 66.19098021799999 0.423
17 102 66.19098021799999 0.423
17 103 66.19098021799999 0.423
17 104 70.019550788 0.6705
17 105 70.019550788 0.6705
17 106 70.019550788 0.6705
17 107 70.019550788 0.6705
17 108 68.407087406 0.561
17 109 68.407087406 0.561
17 110 68.407087406 0.561
17 111 68.407087406 0.561
17 112 69.77334716600001 0.7185
17 113 69.77334716600001 0.7185
17 114 69.77334716600001 0.7185
17 115 69.77334716600001 0.7185
17 116 78.31109741 0.6975
17 117 78.31109741 0.6975
17 118 78.31109741 0.6975
17 119 78.31109741 0.6975
17 120 87.28610351 0.6975
17 121 87.28610351 0.6975
17 122 87.28610351 0.6975
17 123 87.28610351 0.6975
17 124 72.23988768800001 0.7245
17 125 72.23988768800001 0.7245
17 126 72.23988768800001 0.7245
17 127 72.23988768800001 0.7245
18 0 73.51078613 0.495
18 1 73.51078613 0.495
18 2 76.514777834 0.456
18 3 76.514777834 0.456
18 4 71.85959594600001 0.444
18 5 71.85959594600001 0.444
18 6 66.16219604 0.2895
18 7 66.16219604 0.2895
18 8 81.808704842 0.48449999999999993
18 9 81.808704842 0.48449999999999993
18 10 74.186665034 0.486
18 11 74.186665034 0.486
18 12 87.30917481200001 0.3765
18 13 87.30917481200001 0.3765
18 14 71.684309084 0.4455
18 15 71.684309084 0.4455
18 16 66.49354369400001 0.27
18 17 66.49354369400001 0.27
18 18 75.488160398 0.49199999999999994
18 19 75.488160398 0.49199999999999994
18 20 77.76139649000001 0.3915
18 21 77.76139649000001 0.3915
18 22 88.327167962 0.303
18 23 88.327167962 0.303
18 24 67.544440916 0.2715
18 25 67.544440916 0.2715
18 26 74.63479737200001 0.4275
18 27 74.63479737200001 0.4275
18 28 68.219935304 0.453
18 29 68.219935304 0.453
18 30 77.13347289800001 0.42
18 31 77.13347289800001 0.42
18 32 73.17828491 0.5085
18 33 73.17828491 0.5085
18 34 72.346015634 0.3855
18 35 72.346015634 0.3855
18 36 70.635059816 0.4755
18 37 70.635059816 0.4755
18 38 74.96427734599999 0.48
18 39 74.96427734599999 0.48
18 40 69.423322748 0.459
18 41 69.423322748 0.459
18 42 86.648072504 0.4755
18 43 86.648072504 0.4755
18 44 68.69547851 0.0405
18 45 68.69547851 0.0405
18 46 78.67122924200001 0.4215
18 47 78.67122924200001 0.4215
18 48 74.568824456 0.3975
18 49 74.568824456 0.3975
18 50 79.00438964 0.0945
18 51 79.00438964 0.0945
18 52 70.942127684 0.4965
18 53 70.942127684 0.4965
18 54 93.89218262 0.4694999999999999
18 55 93.89218262 0.4694999999999999
18 56 72.346015634 0.3855
18 57 72.346015634 0.3855
18 58 76.159754636 0.2745
18 59 76.159754636 0.2745
18 60 89.46782347999999 0.471
18 61 89.46782347999999 0.471
18 62 76.27609985000001 0.495
18 63 76.27609985000001 0.495
18 64 53.346589358 0.084
18 65 53.346589358 0.084
18 66 71.90052002600001 0.48449999999999993
18 67 71.90052002600001 0.48449999999999993
18 68 73.526661374 0.48
18 69 73.526661374 0.48
18 70 75.210810548 0.438
18 71 75.210810548 0.438
18 72 79.653956306 0.429
18 73 79.653956306 0.429
18 74 84.164503172 0.441
18 75 84.164503172 0.441
18 76 83.47291381400001 0.4785
18 77 83.47291381400001 0.4785
18 78 80.016505124 0.49949999999999994
18 79 80.016505124 0.49949999999999994
18 80 66.131544182 0.4935
18 81 66.131544182 0.4935
18 82 60.881672372 0.19349999999999998
18 83 60.881672372 0.19349999999999998
18 84 64.76215332199999 0.423
18 85 64.76215332199999 0.423
18 86 80.80213744400001 0.411
18 87 80.80213744400001 0.411
18 88 67.505823968 0.465
18 89 67.505823968 0.465
18 90 61.748218994 0.12299999999999998
18 91 61.748218994 0.12299999999999998
18 92 85.34300658800001 0.3975
18 93 85.34300658800001 0.3975
18 94 82.420039058 0.501
18 95 82.420039058 0.501
18 96 70.35056884400001 0.4815
18 97 70.35056884400001 0.4815
18 98 68.366822504 0.018
18 99 68.366822504 0.018
18 100 65.111298836 0.399
18 101 65.111298836 0.399
18 102 75.843732902 0.4365
18 103 75.843732902 0.4365
18 104 67.706928716 0.429
18 105 67.706928716 0.429
18 106 81.24609497 0.4515
18 107 81.24609497 0.4515
18 108 66.812751464 0.324
18 109 66.812751464 0.324
18 110 73.308527834 0.435
18 111 73.308527834 0.435
18 112 68.041132808 0.4815
18 113 68.041132808 0.4815
18 114 67.544440916 0.2715
18 115 67.544440916 0.2715
18 116 76.608161618 0.4605
18 117 76.608161618 0.4605
18 118 70.618800056 0.3555
18 119 70.618800056 0.3555
18 120 84.395271002 0.456
18 121 84.395271002 0.456
18 122 57.847687988000004 0.036
18 123 57.847687988000004 0.036
18 124 69.826356194 0.489
18 125 69.826356194 0.489
18 126 70.35056884400001 0.4815
18 127 70.35056884400001 0.4815
19 0 70.946357414 0.267
19 1 70.946357414 0.267
19 2 73.525397954 0.2295
19 3 73.525397954 0.2295
19 4 68.713825676 0.219
19 5 68.713825676 0.219
19 6 63.394135735999996 0.18599999999999997
19 7 63.394135735999996 0.18599999999999997
19 8 77.741071772 0.2715
19 9 77.741071772 0.2715
19 10 70.7034497 0.2565
19 11 70.7034497 0.2565
19 12 83.563221434 0.21
19 13 83.563221434 0.21
19 14 68.381544182 0.2145
19 15 68.381544182 0.2145
19 16 63.572993167999996 0.135
19 17 63.572993167999996 0.135
19 18 72.75141113000001 0.261
19 19 72.75141113000001 0.261
19 20 74.73103759400001 0.207
19 21 74.73103759400001 0.207
19 22 84.76485107 0.1245
19 23 84.76485107 0.1245
19 24 65.2096814 0.2055
19 25 65.2096814 0.2055
19 26 71.90304688399999 0.195
19 27 71.90304688399999 0.195
19 28 66.80264405 0.2415
19 29 66.80264405 0.2415
19 30 74.105366216 0.198
19 31 74.105366216 0.198
19 32 70.19994628399999 0.276
19 33 70.19994628399999 0.276
19 34 69.34592408 0.25349999999999995
19 35 69.34592408 0.25349999999999995
19 36 68.412635492 0.255
19 37 68.412635492 0.255
19 38 71.75577515 0.252
19 39 71.75577515 0.252
19 40 68.24306152400001 0.2355
19 41 68.24306152400001 0.2355
19 42 82.761384272 0.1905
19 43 82.761384272 0.1905
19 44 67.462482902 0.1845
19 45 67.462482902 0.1845
19 46 74.62798584800001 0.1965
19 47 74.62798584800001 0.1965
19 48 72.724110116 0.1995
19 49 72.724110116 0.1995
19 50 75.184498292 0.2055
19 51 75.184498292 0.2055
19 52 68.104908446 0.2685
19 53 68.104908446 0.2685
19 54 90.718946528 0.24599999999999997
19 55 90.718946528 0.24599999999999997
19 56 69.34592408 0.25349999999999995
19 57 69.34592408 0.25349999999999995
19 58 73.78473021799999 0.06149999999999999
19 59 73.78473021799999 0.06149999999999999
19 60 85.583222654 0.2475
19 61 85.583222654 0.2475
19 62 73.630372316 0.2685
19 63 73.630372316 0.2685
19 64 52.26498536 0.013499999999999998
19 65 52.26498536 0.013499999999999998
19 66 69.298627928 0.258
19 67 69.298627928 0.258
19 68 70.578809816 0.2475
19 69 70.578809816 0.2475
19 70 71.996760248 0.2655
19 71 71.996760248 0.2655
19 72 75.927558596 0.20849999999999996
19 73 75.927558596 0.20849999999999996
19 74 80.20222899800001 0.2175
19 75 80.20222899800001 0.2175
19 76 79.64681518399999 0.25349999999999995
19 77 79.64681518399999 0.25349999999999995
19 78 75.786823724 0.27
19 79 75.786823724 0.27
19 80 63.380238044 0.264
19 81 63.380238044 0.264
19 82 60.209803472000004 0.192
19 83 60.209803472000004 0.192
19 84 62.064295646000005 0.19349999999999998
19 85 62.064295646000005 0.19349999999999998
19 86 77.964918206 0.207
19 87 77.964918206 0.207
19 88 66.07622802200001 0.2325
19 89 66.07622802200001 0.2325
19 90 60.17937134 0.2145
19 91 60.17937134 0.2145
19 92 82.236896978 0.192
19 93 82.236896978 0.192
19 94 79.22202881000001 0.273
19 95 79.22202881000001 0.273
19 96 67.338062744 0.2505
19 97 67.338062744 0.2505
19 98 65.754548348 0.18
19 99 65.754548348 0.18
19 100 63.729108878 0.1965
19 101 63.729108878 0.1965
19 102 73.154279786 0.20849999999999996
19 103 73.154279786 0.20849999999999996
19 104 64.73452271 0.20099999999999998
19 105 64.73452271 0.20099999999999998
19 106 78.07203491 0.225
19 107 78.07203491 0.225
19 108 64.426905518 0.177
19 109 64.426905518 0.177
19 110 70.115955818 0.2115
19 111 70.115955818 0.2115
19 112 65.34887817200001 0.25349999999999995
19 113 65.34887817200001 0.25349999999999995
19 114 65.2096814 0.2055
19 115 65.2096814 0.2055
19 116 73.730512688 0.2325
19 117 73.730512688 0.2325
19 118 67.870844726 0.0705
19 119 67.870844726 0.0705
19 120 80.382734384 0.21599999999999997
19 121 80.382734384 0.21599999999999997
19 122 56.254999999999995 0.099
19 123 56.254999999999995 0.099
19 124 66.4925 0.2625
19 125 66.4925 0.2625
19 126 67.338062744 0.2505
19 127 67.338062744 0.2505
20 0 68.464930424 0.0825
20 1 68.464930424 0.0825
20 2 70.93427246600001 0.0645
20 3 70.93427246600001 0.0645
20 4 66.505024418 0.0435
20 5 66.505024418 0.0435
20 6 60.94984253 0.0
20 7 60.94984253 0.0
20 8 73.13203247 0.087
20 9 73.13203247 0.087
20 10 67.732307132 0.069
20 11 67.732307132 0.069
20 12 79.800898442 0.0795
20 13 79.800898442 0.0795
20 14 65.788880612 0.0
20 15 65.788880612 0.0
20 16 60.833552252 0.042
20 17 60.833552252 0.042
20 18 69.83311280000001 0.078
20 19 69.83311280000001 0.078
20 20 71.644758296 0.06
20 21 71.644758296 0.06
20 22 81.67313354 0.0
20 23 81.67313354 0.0
20 24 62.664039302000006 0.057
20 25 62.664039302000006 0.057
20 26 69.577076408 0.057
20 27 69.577076408 0.057
20 28 65.092786862 0.078
20 29 65.092786862 0.078
20 30 71.949354242 0.0
20 31 71.949354242 0.0
20 32 66.90668457199999 0.09
20 33 66.90668457199999 0.09
20 34 66.575117192 0.075
20 35 66.575117192 0.075
20 36 65.897480462 0.078
20 37 65.897480462 0.078
20 38 68.883564452 0.0735
20 39 68.883564452 0.0735
20 40 67.65364502599999 0.0645
20 41 67.65364502599999 0.0645
20 42 79.68795899 0.0555
20 43 79.68795899 0.0555
20 44 66.160822748 0.0
20 45 66.160822748 0.0
20 46 71.79653442200001 0.0
20 47 71.79653442200001 0.0
20 48 71.242384028 0.0
20 49 71.242384028 0.0
20 50 71.58433350199999 0.0555
20 51 71.58433350199999 0.0555
20 52 65.12343872 0.08549999999999999
20 53 65.12343872 0.08549999999999999
20 54 87.151521002 0.072
20 55 87.151521002 0.072
20 56 66.575117192 0.075
20 57 66.575117192 0.075
20 58 71.36010253399999 0.0195
20 59 71.36010253399999 0.0195
20 60 82.14224975600001 0.0735
20 61 82.14224975600001 0.0735
20 62 72.064326164 0.084
20 63 72.064326164 0.084
20 64 51.02671631 0.003
20 65 51.02671631 0.003
20 66 66.63867310399999 0.078
20 67 66.63867310399999 0.078
20 68 68.259705818 0.069
20 69 68.259705818 0.069
20 70 68.684437256 0.081
20 71 68.684437256 0.081
20 72 72.47938964 0.039
20 73 72.47938964 0.039
20 74 76.42540405400001 0.06149999999999999
20 75 76.42540405400001 0.06149999999999999
20 76 75.98485228999999 0.0765
20 77 75.98485228999999 0.0765
20 78 71.702546378 0.084
20 79 71.702546378 0.084
20 80 61.220875244 0.081
20 81 61.220875244 0.081
20 82 59.360340578 0.0525
20 83 59.360340578 0.0525
20 84 59.574464114 0.0
20 85 59.574464114 0.0
20 86 75.136433108 0.0765
20 87 75.136433108 0.0765
20 88 65.647102046 0.0
20 89 65.647102046 0.0
20 90 58.277583014 0.069
20 91 58.277583014 0.069
20 92 79.304865728 0.072
20 93 79.304865728 0.072
20 94 75.937556156 0.0885
20 95 75.937556156 0.0885
20 96 64.299024662 0.0705
20 97 64.299024662 0.0705
20 98 64.091767586 0.0495
20 99 64.091767586 0.0495
20 100 62.72638671199999 0.05399999999999999
20 101 62.72638671199999 0.05399999999999999
20 102 71.29770018800001 0.0
20 103 71.29770018800001 0.0
20 104 62.83608521000001 0.0
20 105 62.83608521000001 0.0
20 106 75.667622072 0.063
20 107 75.667622072 0.063
20 108 61.990412594000006 0.0495
20 109 61.990412594000006 0.0495
20 110 67.255500488 0.0
20 111 67.255500488 0.0
20 112 62.837403566 0.0735
20 113 62.837403566 0.0735
20 114 62.664039302000006 0.057
20 115 62.664039302000006 0.057
20 116 71.146528322 0.063
20 117 71.146528322 0.063
20 118 65.774158934 0.0075
20 119 65.774158934 0.0075
20 120 76.58904540200001 0.063
20 121 76.58904540200001 0.063
20 122 54.701972654 0.0285
20 123 54.701972654 0.0285
20 124 63.25312622 0.0795
20 125 63.25312622 0.0795
20 126 64.299024662 0.0705
20 127 64.299024662 0.0705
21 0 66.903223874 0.0
21 1 70.106068112 0.0
21 2 69.559827872 0.0
21 3 69.14124878000001 0.0
21 4 65.608485116 0.0
21 5 74.663856194 0.0
21 6 59.73437012 0.0
21 7 65.842768562 0.0
21 8 68.151929936 0.0
21 9 62.595045158 0.0
21 10 66.2753003 0.0
21 11 67.81162841599999 0.0
21 12 77.34182862200001 0.0
21 13 57.365498048 0.0
21 14 64.92519042800001 0.0
21 15 70.492841798 0.0
21 16 58.813221434 0.0
21 17 67.36646240600001 0.0
21 18 67.695832526 0.0
21 19 61.659669182 0.0
21 20 69.38289307400001 0.0
21 21 64.262275394 0.0
21 22 79.47185790200001 0.0
21 23 62.408936768000004 0.0
21 24 60.73187378 0.0
21 25 62.314124756 0.0
21 26 68.442573236 0.0
21 27 74.529768074 0.0
21 28 63.647260736 0.0
21 29 76.82030762 0.0
21 30 70.978382564 0.0
21 31 66.06370362199999 0.0
21 32 65.026813964 0.0
21 33 56.09701661 0.0
21 34 64.797089846 0.0
21 35 71.333350826 0.0
21 36 63.51086548400001 0.0
21 37 66.06079223 0.0
21 38 67.53493774399999 0.0
21 39 66.616370852 0.0
21 40 67.188868412 0.0
21 41 65.881495364 0.0
21 42 77.048493656 0.0
21 43 62.30434692200001 0.0
21 44 65.41023682400001 0.0
21 45 64.27523926399999 0.0
21 46 70.69757201600001 0.0
21 47 74.49483155 0.0
21 48 68.99524048399999 0.0
21 49 63.750037838 0.0
21 50 69.62244994400001 0.0
21 51 59.958216554 0.0
21 52 63.037629392 0.0
21 53 67.188868412 0.0
21 54 84.259809572 0.0
21 55 74.039448236 0.0
21 56 64.797089846 0.0
21 57 68.30233276999999 0.0
21 58 69.735279542 0.0
21 59 67.921931156 0.0
21 60 80.400092774 0.0
21 61 59.304969482000004 0.0
21 62 70.228181156 0.0
21 63 77.92130249600001 0.0
21 64 49.97417114300001 0.0
21 65 68.244929204 0.0
21 66 64.99660155800001 0.0
21 67 57.344404298 0.0
21 68 67.13997924200001 0.0
21 69 65.613319088 0.0
21 70 66.345393074 0.0
21 71 65.039558108 0.0
21 72 70.27750976 0.0
21 73 58.654963382 0.0
21 74 73.91156738000001 0.0
21 75 63.09948241400001 0.0
21 76 73.826588138 0.0
21 77 62.43656738 0.0
21 78 69.53329589 0.0
21 79 60.34114502600001 0.0
21 80 61.312830818 0.0
21 81 54.615070796 0.0
21 82 58.654963382 0.0
21 83 65.550532226 0.0
21 84 58.02083252600001 0.0
21 85 62.708863532 0.0
21 86 73.328797616 0.0
21 87 72.61551024799999 0.0
21 88 64.495130612 0.0
21 89 64.514411618 0.0
21 90 56.775642098 0.0
21 91 70.315961918 0.0
21 92 77.21427734599999 0.0
21 93 58.744337162 0.0
21 94 73.955897222 0.0
21 95 76.386677252 0.0
21 96 62.232716065999995 0.0
21 97 71.742261956 0.0
21 98 63.282294914000005 0.0
21 99 65.027418206 0.0
21 100 62.182563476 0.0
21 101 61.88109863 0.0
21 102 70.167701408 0.0
21 103 65.783826896 0.0
21 104 62.413496096 0.0
21 105 66.84543579199999 0.0
21 106 73.986274418 0.0
21 107 73.54500854 0.0
21 108 60.34114502600001 0.0
21 109 76.386677252 0.0
21 110 65.277247316 0.0
21 111 72.348652346 0.0
21 112 61.410828866 0.0
21 113 74.663856194 0.0
21 114 60.73187378 0.0
21 115 75.66103027400001 0.0
21 116 69.78949707199999 0.0
21 117 63.942902834 0.0
21 118 64.642292474 0.0
21 119 62.309675299999995 0.0
21 120 73.999732658 0.0
21 121 67.031763908 0.0
21 122 53.405531006000004 0.0
21 123 68.861591798 0.0
21 124 61.424891366 0.0
21 125 60.34114502600001 0.0
21 126 62.232716065999995 0.0
21 127 77.19197509400001 0.0
22 0 65.88297851 0.0
22 1 68.955744632 0.0
22 2 68.83593872 0.0
22 3 67.609589846 0.0
22 4 64.31418579199999 0.0
22 5 73.040131832 0.0
22 6 58.891608878 0.0
22 7 65.383045646 0.0
22 8 64.202015372 0.0
22 9 61.26937988 0.0
22 10 65.269117436 0.0
22 11 66.755732414 0.0
22 12 75.364893806 0.0
22 13 56.822498780000004 0.0
22 14 64.790278322 0.0
22 15 69.303626708 0.0
22 16 57.288154298 0.0
22 17 66.35379761600001 0.0
22 18 66.086774906 0.0
22 19 60.847999267999995 0.0
22 20 67.538508296 0.0
22 21 63.465601802 0.0
22 22 77.371271978 0.0
22 23 61.165394294 0.0
22 24 59.343696284 0.0
22 25 61.38819701600001 0.0
22 26 67.056647954 0.0
22 27 72.565577384 0.0
22 28 62.460407714 0.0
22 29 76.03967408 0.0
22 30 70.16407592 0.0
22 31 65.103937988 0.0
22 32 63.927247316 0.0
22 33 55.100831306 0.0
22 34 63.577387688 0.0
22 35 69.851350094 0.0
22 36 61.243067624000005 0.0
22 37 65.154420158 0.0
22 38 66.83411987599999 0.0
22 39 65.44314087800001 0.0
22 40 66.237122804 0.0
22 41 64.720515128 0.0
22 42 75.06359375 0.0
22 43 61.305140372 0.0
22 44 65.139973142 0.0
22 45 62.611579598 0.0
22 46 69.581525882 0.0
22 47 72.666816404 0.0
22 48 66.78127563800001 0.0
22 49 61.91977051400001 0.0
22 50 68.389289546 0.0
22 51 59.496021733999996 0.0
22 52 61.566669914 0.0
22 53 66.237122804 0.0
22 54 81.9393872 0.0
22 55 72.71999024 0.0
22 56 63.577387688 0.0
22 57 66.85845459800001 0.0
22 58 68.547547616 0.0
22 59 66.69530762 0.0
22 60 79.166328134 0.0
22 61 58.454737556 0.0
22 62 68.333478998 0.0
22 63 76.57827881 0.0
22 64 49.1876049812 0.0
22 65 67.202875976 0.0
22 66 63.841279297999996 0.0
22 67 57.960023198 0.0
22 68 66.38153808199999 0.0
22 69 64.63339356200001 0.0
22 70 64.438331306 0.0
22 71 63.392927252 0.0
22 72 68.661311036 0.0
22 73 58.089606926 0.0
22 74 72.05872314199999 0.0
22 75 62.425416254 0.0
22 76 72.34766357000001 0.0
22 77 61.619514152 0.0
22 78 68.110291742 0.0
22 79 59.131660154 0.0
22 80 62.180256344 0.0
22 81 54.845234384 0.0
22 82 58.089606926 0.0
22 83 64.266010736 0.0
22 84 56.814973142 0.0
22 85 61.554145514 0.0
22 86 72.14573487199999 0.0
22 87 71.34631469600001 0.0
22 88 62.452991948 0.0
22 89 63.802552496000004 0.0
22 90 55.634656982 0.0
22 91 66.3659375 0.0
22 92 75.646583258 0.0
22 93 57.724256588 0.0
22 94 72.55409667800001 0.0
22 95 74.953840334 0.0
22 96 60.84514283 0.0
22 97 70.690046378 0.0
22 98 62.571479486 0.0
22 99 63.8800061 0.0
22 100 61.411433108 0.0
22 101 61.811005856 0.0
22 102 68.748981926 0.0
22 103 64.602247316 0.0
22 104 62.035072016 0.0
22 105 65.668800056 0.0
22 106 72.14090088200001 0.0
22 107 71.97989624600001 0.0
22 108 59.131660154 0.0
22 109 74.953840334 0.0
22 110 63.628199456000004 0.0
22 111 70.763160398 0.0
22 112 60.383332526000004 0.0
22 113 73.040131832 0.0
22 114 59.343696284 0.0
22 115 73.43025634400001 0.0
22 116 68.77216308199999 0.0
22 117 63.047846678 0.0
22 118 63.45296753 0.0
22 119 61.006202384 0.0
22 120 71.692054448 0.0
22 121 65.91862914800001 0.0
22 122 52.15874756 0.0
22 123 66.851313476 0.0
22 124 60.550489508 0.0
22 125 59.131660154 0.0
22 126 60.84514283 0.0
22 127 75.609614264 0.0
23 0 65.00297363 0.0
23 1 67.439466554 0.0
23 2 67.73054932400001 0.0
23 3 66.108417962 0.0
23 4 62.659150394 0.0
23 5 71.29742554399999 0.0
23 6 57.99501464 0.0
23 7 64.94804198599999 0.0
23 8 61.792219238 0.0
23 9 60.174647222000004 0.0
23 10 64.24376342 0.0
23 11 65.61694457600001 0.0
23 12 73.347419426 0.0
23 13 56.471979974 0.0
23 14 64.486066892 0.0
23 15 68.23844726 0.0
23 16 56.027418206 0.0
23 17 65.63693969600001 0.0
23 18 64.59686402 0.0
23 19 59.847913814 0.0
23 20 65.85814941800001 0.0
23 21 62.75912597600001 0.0
23 22 75.408015128 0.0
23 23 60.088459478000004 0.0
23 24 58.170191648 0.0
23 25 60.51203735 0.0
23 26 65.40359009 0.0
23 27 70.60715454199999 0.0
23 28 61.221699212 0.0
23 29 74.989820552 0.0
23 30 69.20875975999999 0.0
23 31 64.17806518399999 0.0
23 32 62.819935304 0.0
23 33 54.339698479999996 0.0
23 34 62.407783202000005 0.0
23 35 68.250916742 0.0
23 36 59.09436158 0.0
23 37 64.390266122 0.0
23 38 66.312763664 0.0
23 39 64.68321655400001 0.0
23 40 65.230720214 0.0
23 41 63.665662838 0.0
23 42 73.01700561199999 0.0
23 43 60.46858643 0.0
23 44 64.980561524 0.0
23 45 61.287067867999994 0.0
23 46 68.410273442 0.0
23 47 71.216126708 0.0
23 48 65.046918938 0.0
23 49 60.426398930000005 0.0
23 50 67.42798584799999 0.0
23 51 59.044978022 0.0
23 52 60.197169182 0.0
23 53 65.230720214 0.0
23 54 79.940589602 0.0
23 55 71.449641122 0.0
23 56 62.407783202000005 0.0
23 57 65.21918457199999 0.0
23 58 67.60838134400001 0.0
23 59 65.60755127600001 0.0
23 60 77.866645514 0.0
23 61 57.588630368 0.0
23 62 66.39911621600001 0.0
23 63 75.35286377599999 0.0
23 64 48.6493847654 0.0
23 65 66.35401734199999 0.0
23 66 62.72781494 0.0
23 67 58.48203857 0.0
23 68 65.725050056 0.0
23 69 63.633363044 0.0
23 70 62.637452384 0.0
23 71 61.674775394 0.0
23 72 67.27747314199999 0.0
23 73 57.583137199999996 0.0
23 74 70.64198119400001 0.0
23 75 60.563013908 0.0
23 76 71.013868412 0.0
23 77 61.186488044 0.0
23 78 66.65603149399999 0.0
23 79 58.040278322000006 0.0
23 80 61.792823479999996 0.0
23 81 55.110334478 0.0
23 82 57.583137199999996 0.0
23 83 63.064161374 0.0
23 84 55.728480218 0.0
23 85 60.501655274 0.0
23 86 71.226179204 0.0
23 87 70.026582038 0.0
23 88 60.493690184 0.0
23 89 63.134748536000004 0.0
23 90 54.702741704000005 0.0
23 91 63.40265015 0.0
23 92 73.97072875399999 0.0
23 93 56.791737068 0.0
23 94 71.081544182 0.0
23 95 73.589887688 0.0
23 96 59.632746584 0.0
23 97 69.27390869 0.0
23 98 62.053968506000004 0.0
23 99 62.533851314 0.0
23 100 60.422224118 0.0
23 101 61.80265625 0.0
23 102 67.007209478 0.0
23 103 63.421656494 0.0
23 104 61.312061768 0.0
23 105 64.523530274 0.0
23 106 70.431538082 0.0
23 107 70.600233146 0.0
23 108 58.040278322000006 0.0
23 109 73.589887688 0.0
23 110 62.20014161 0.0
23 111 69.31422850999999 0.0
23 112 59.355012200000004 0.0
23 113 71.29742554399999 0.0
23 114 58.170191648 0.0
23 115 71.57296265 0.0
23 116 67.67171753 0.0
23 117 62.269959721999996 0.0
23 118 62.048640128 0.0
23 119 59.911689452 0.0
23 120 69.44188964 0.0
23 121 65.12887695200001 0.0
23 122 50.729096678000005 0.0
23 123 64.85504271799999 0.0
23 124 59.99436158 0.0
23 125 58.040278322000006 0.0
23 126 59.632746584 0.0
23 127 74.183039546 0.0
